generation,fitness,accepted,mean_child_survival,mean_child_ttd_norm,mean_mother_ttd_norm,mean_child_injury,std_child_survival,mean_u_drift_end,std_u_drift_end,mean_overall_deficit_episode,std_overall_deficit_episode,mean_overall_deficit_end,std_overall_deficit_end,mean_local_deficit_episode,std_local_deficit_episode,mean_local_deficit_end,std_local_deficit_end,mutation_sigma
0,0.45615000000000006,True,0.0,0.31710000000000005,0.8772,70.5,0.0,0.392607318717238,0.14794284936361504,2.0860727239246137,0.3366811743323718,2.00986137208904,0.981202944243461,0.4223735885568384,0.2782500524326362,0.3577470940160654,0.7263905058211421,0.0
1,0.38464999999999994,False,0.0,0.2603,0.8116,75.65,0.0,0.38105509078751904,0.23373470589801673,2.118127424276339,0.4683046525760731,2.4623320529109147,1.5191970367952057,0.44920119289896865,0.3792996073642754,0.5689473563585343,0.8825396256425349,0.05
2,0.5026999999999999,True,0.0,0.315,0.8793999999999998,47.25,0.0,0.43918514775542433,0.1466091961539609,2.0837873388934005,0.38478067885864736,1.934147350988038,0.8059175264451086,0.4158754997088704,0.31124004104700687,0.2475589780467548,0.5312889595833493,0.05
3,0.4776999999999999,False,0.0,0.2828,0.8193999999999999,36.7,0.0,0.3853648440020216,0.13128546898422314,2.04188226130209,0.39035660200501593,2.391000994528066,1.319330207539889,0.42496701248838253,0.36653406305000075,0.5492411641572208,0.8396482096792787,0.05
4,0.40984999999999994,False,0.0,0.2672,0.8724999999999999,80.0,0.0,0.38908136198919235,0.17287349333529217,1.955587410721782,0.3101092152248389,2.150971150698613,1.2984881453685695,0.3655666731080701,0.2965313214316086,0.3524761289781776,0.7129008340431501,0.05
5,0.4786,False,0.0,0.32989999999999997,0.9393,78.0,0.0,0.4324546262556142,0.14012254678447408,2.015160380054105,0.22218762236070297,1.7470658249509305,0.5388757451634163,0.3789605157635262,0.2339004368425929,0.16646110417615714,0.4993833125284714,0.05
6,0.39365,False,0.0,0.32320000000000004,0.8159000000000001,87.95,0.0,0.44489231748803987,0.14261991256296172,2.2061902563657427,0.42349798015311635,2.0911098075573995,1.081403810089681,0.49582243965587425,0.3137153227817748,0.33553518557073847,0.5696491707677709,0.05
7,0.4887,False,0.0,0.2582,1.0,70.2,0.0,0.32856316861054435,0.1927163010929153,1.8636115942543943,0.19517541707038577,1.5497,0.057979392890922896,0.2587435835471155,0.14616844103137872,2.0248530613422151e-165,0.0,0.05
8,0.38825,False,0.0,0.3657,0.7378,81.75,0.0,0.4317334355664647,0.14506017778678662,2.296160489667831,0.3389098451079894,2.48549311941599,1.1105199861012838,0.5931591513353706,0.2986883007508896,0.6954328213026291,0.8056429893903553,0.05
9,0.37770000000000004,False,0.0,0.21200000000000002,0.8686,81.3,0.0,0.2973507546711305,0.18678420401746498,1.8788263095092212,0.31428600835247367,1.9809780673839619,0.9429856922692759,0.29822509335805875,0.29542651778730095,0.34645275699150396,0.6995424411394316,0.05
10,0.45899999999999996,False,0.0,0.3042,0.8138,50.0,0.0,0.42397115840452926,0.05508079292939777,2.005238062422854,0.3129791561110909,2.3031806201056098,1.2839763126126256,0.4207583643559788,0.32959395589537516,0.5312666260492431,0.8194469796848245,0.05
11,0.4577000000000001,False,0.0,0.29070000000000007,0.8647,60.0,0.0,0.4155819234216337,0.04649468219191778,1.9969198272070598,0.3335720128149752,2.0291986268718243,0.949653201214744,0.38824931246814653,0.28572732286881036,0.36450380796996545,0.7333157585283429,0.05
12,0.44155000000000005,False,0.0,0.2938,0.8743000000000001,71.25,0.0,0.3761740711538264,0.10215154007019965,2.0545385940616643,0.34613342328445684,2.0997674038262395,1.1594013362262772,0.38606180064646894,0.28165650861693997,0.4035140038650388,0.8113169532546864,0.05
13,0.51965,True,0.0,0.3985,0.9141999999999999,68.35,0.0,0.47729001314568675,0.09331566816087937,2.1709295245635385,0.29672501847368354,1.9160478719666003,0.8295050478379601,0.48948859259013755,0.26319826748384745,0.28072375673039834,0.6231661777409574,0.05
14,0.3837499999999999,False,0.0,0.3034,0.8041,85.0,0.0,0.42263740447018644,0.13356966979326942,2.2087033986124043,0.40320324769036975,2.5620698062067246,1.6136990394282422,0.4882408948825411,0.32733119249588255,0.6319625380436025,0.9848859033596474,0.05
15,0.48694999999999994,False,0.0,0.3294,0.9319,71.85,0.0,0.4311563305791958,0.02647640984232505,2.0587565745296397,0.24041644678336763,1.9142004498409428,1.0373493886988037,0.3824152532485574,0.19337607642921076,0.17979520692342404,0.5393856207702721,0.05
16,0.40240000000000004,False,0.0,0.2675,0.8187,70.35,0.0,0.39526409055961265,0.18507023763924954,2.0165375283631413,0.4060868961862239,2.1551613291154603,0.9790792890719565,0.4222125904159518,0.3769387726694708,0.5643402633778707,0.8776334753308792,0.05
17,0.46004999999999996,False,0.0,0.3466,0.8070999999999999,58.4,0.0,0.4693035804264548,0.055444618450293984,2.195460225397198,0.3484878581050423,2.158875435121079,0.917305776406393,0.5152610774613633,0.32499955923243884,0.46738447371958036,0.7378160186789962,0.05
18,0.36799999999999994,False,0.0,0.2801,0.7371,70.3,0.0,0.31798837340623703,0.15792518431708075,2.173436617382851,0.4709348088621222,2.6627711448788913,1.4842765031099545,0.5384123496647891,0.3847478148043555,0.7173620352964196,0.8829117721804792,0.05
19,0.37329999999999997,False,0.0,0.35550000000000004,0.7167,81.4,0.0,0.4337517887420068,0.020351433600800422,2.2840768475078015,0.3787634471089474,2.9580891422459055,1.704854365018453,0.6052495512025955,0.2977583217950304,0.8281634099514845,0.9541470712714564,0.05
20,0.48550000000000004,False,0.0,0.3491,0.9419000000000001,80.0,0.0,0.4115260379219462,0.06780129671660769,2.140717260808075,0.29946692534630975,1.8359922540863896,0.9061346490430641,0.3981357018595051,0.2328856983771295,0.1631064985457698,0.48931949563730953,0.05
21,0.46414999999999995,False,0.0,0.3199,0.9321999999999999,80.95,0.0,0.41954646660291994,0.15027797447272592,2.0723513391713313,0.24040899985662742,1.6236110232957408,0.3423528116848511,0.3948974117640718,0.20755287476235068,0.0798000000000478,0.23940000000014347,0.05
22,0.4043,False,0.0,0.1938,0.9332,79.6,0.0,0.21695420872648158,0.1903776806770126,1.8622525512850203,0.2940847960530696,1.6571999999058202,0.3353323125089804,0.26608927333182797,0.2606416629364982,0.07999999999999997,0.23999999999999994,0.05
23,0.47434999999999994,False,0.0,0.33920000000000006,0.9472999999999999,84.45,0.0,0.41849035872350565,0.19950210414045635,2.1051766384690285,0.3731758506045058,1.7983489480927353,0.7196642112050141,0.41155796662438576,0.28615339733222817,0.16654894809273568,0.49964684427820705,0.05
24,0.47119999999999995,False,0.0,0.3569,0.8756999999999999,72.55,0.0,0.4768508114881115,0.06438667268655471,2.1726733914698295,0.2808436952875179,1.9932351439244276,0.891473505322879,0.47626256290721647,0.2538522165193083,0.33886991788424503,0.6798383259981227,0.05
25,0.3403999999999999,False,0.0,0.2345,0.7263,70.0,0.0,0.31067026485639493,0.1808199560891512,2.061463468890196,0.40925790610844964,2.6461583434373166,1.4819296123012677,0.48876692787582554,0.41844813427157057,0.7030154122650061,0.8658997220302557,0.05
26,0.39050000000000007,False,0.0,0.26480000000000004,0.8024000000000001,71.55,0.0,0.33004489468701637,0.19875829491343797,2.0019032708008546,0.34343474725921946,2.170662866180537,0.9976415997686084,0.4209660626924032,0.344562422264309,0.5342986831135857,0.82596878366185,0.05
27,0.43074999999999997,False,0.0,0.35300000000000004,0.8303,80.45,0.0,0.42719702371346263,0.14840311464436437,2.197505832525624,0.4353498866976231,2.4982133191285483,1.5672139925428763,0.5184311329183655,0.34402095197169447,0.532285472009092,0.8232547594658614,0.05
28,0.40149999999999997,False,0.0,0.3128,0.7442,63.5,0.0,0.44887116885013095,0.15104303817764497,2.1674904990245545,0.45431542876949693,2.857926485176687,1.5939357659348263,0.5434967126722955,0.37438454815072825,0.7222957221800048,0.8907662037818025,0.05
29,0.4219500000000001,False,0.0,0.31710000000000005,0.8160000000000001,72.3,0.0,0.4398315451191805,0.14589645248091224,2.1478044474266986,0.35557700889640165,2.3850184662629195,1.2727928142504108,0.4907443502088024,0.33608913568661425,0.5416184662629192,0.8303372008489499,0.05
30,0.4668999999999999,False,0.0,0.3439,0.8711,70.3,0.0,0.46350700646164034,0.053218025920068135,2.0913900106336842,0.24829766579757442,1.9907752329473805,0.8752069255989624,0.4459295190509932,0.2587858307477997,0.38587523294738035,0.7721284949297533,0.05
31,0.4084,False,0.0,0.2866,0.8240000000000001,73.45,0.0,0.37503675304202394,0.17144478081295803,2.0651749712464516,0.3765163567274647,2.0969577486472106,0.928943453806973,0.46228068808627815,0.37107213849604337,0.4602555938816158,0.7645998941847943,0.05
32,0.41459999999999997,False,0.0,0.3841,0.7555,77.6,0.0,0.4763128068022057,0.11031341442040911,2.3941275560917434,0.44290194132667404,3.012240440094846,1.8955234485781771,0.5964292901144368,0.30875567349555233,0.898142522587128,1.1112667567123202,0.05
33,0.43084999999999996,False,0.0,0.23769999999999997,0.944,80.0,0.0,0.3226053511842007,0.18650364523343654,1.863208324563607,0.2568913581614199,1.7312036708071203,0.6391765211471994,0.27140985061723044,0.2417519950320053,0.21270367080712052,0.6381110124213616,0.05
34,0.4244500000000001,False,0.0,0.356,0.7733000000000001,70.1,0.0,0.4278474712956136,0.15834772598983343,2.24880836431949,0.3846054300444774,2.3965895328402187,1.1084107089859754,0.5619754754409161,0.3081587641237776,0.6126285327892302,0.7997543626483886,0.05
35,0.46194999999999997,False,0.0,0.384,0.8239000000000001,71.0,0.0,0.45531287198743103,0.13817652380012077,2.279986675705955,0.4903694696515859,2.580946837682825,1.5843945245612676,0.5487722852140361,0.35137657546469636,0.6114570959231188,0.9374113276216235,0.05
36,0.4483999999999999,False,0.0,0.3608,0.8747999999999999,84.7,0.0,0.3878391238213996,0.1388683336134301,2.206849728712372,0.4449107926606086,2.159687408624376,1.2090128664679471,0.4969163951301656,0.3380282520803229,0.3677196680895013,0.7355380570853559,0.05
37,0.41869999999999996,False,0.0,0.3108,0.7922,66.4,0.0,0.43707495717773204,0.0351194807182999,2.191620718490064,0.3741152347909033,2.5104880808014314,1.5505703416386185,0.4619954017814439,0.298378085951396,0.6120858416746684,0.9456699294403713,0.05
38,0.38070000000000004,False,0.0,0.2624,0.8600000000000001,90.25,0.0,0.3456443600156366,0.16280934303731368,1.9741182324778628,0.2643767737605401,2.1177840475621927,1.2728209582448629,0.3594074176670513,0.2652627570839762,0.35587386466762694,0.7185490544720716,0.05
39,0.42245,False,0.0,0.3523,0.7992,76.65,0.0,0.47172087855276124,0.1752147875445096,2.220920659976296,0.35483117623609123,2.4939927987310617,1.4782662262772983,0.5229301632090142,0.29391448593974706,0.5360049017987913,0.8208592944584242,0.05
40,0.49775,False,0.0,0.3243,0.9516,70.1,0.0,0.42374119549853073,0.1324955740137015,1.9832696147552593,0.3487627842851923,1.7849002856117422,0.7624536665200373,0.3692950592213661,0.26487772413177724,0.2244200426942296,0.6732601280826886,0.05
41,0.5406,True,0.0,0.3891,0.9337,60.4,0.0,0.4731571757136746,0.0987747570168467,2.1619488507560662,0.35944671366043307,1.9361721990627898,1.227653799723191,0.4734123225141803,0.2818091878680168,0.1999388657294568,0.5998165971883703,0.05
42,0.47245000000000004,False,0.0,0.3279,0.857,60.0,0.0,0.4354716435849171,0.15458151038027168,2.1087852042125794,0.2752819682521896,2.0923862283743615,0.8583331215274601,0.47633434775883615,0.28165718997479394,0.42002507092079433,0.6830546956941952,0.05
43,0.42364999999999997,False,0.0,0.2973,0.9352,96.3,0.0,0.44317270513303403,0.14110702485024648,1.971245470240443,0.3132749893299391,1.9515241891641821,1.1101887720369354,0.3628902064474728,0.2523897464820493,0.17981285587751708,0.5394385676325512,0.05
44,0.461,False,0.0,0.2292,0.9296,59.2,0.0,0.37296795814993866,0.16928146674372432,1.8779844772609473,0.23291542850881972,1.7966136087508224,0.5892466228788935,0.2804836468643143,0.22804899721355898,0.20698027541748934,0.6209408262524679,0.05
45,0.47619999999999996,False,0.0,0.3175,0.7965,40.4,0.0,0.41296532997289137,0.1471927739980684,2.077462977793184,0.2694829976888168,2.26204933835358,1.1168260687901912,0.4813825881400784,0.3079324882834206,0.6095721173727627,0.9405286927945659,0.05
46,0.39714999999999995,False,0.0,0.2784,0.7968999999999999,70.25,0.0,0.3905455229284271,0.18210880452370382,2.034035558124964,0.33285286053134255,2.254695005182435,1.0288589011677145,0.4697400503173575,0.3453180314098157,0.5364355625316362,0.8221104091612794,0.05
47,0.4869,False,0.0,0.24169999999999997,0.9320999999999999,50.0,0.0,0.35922960954490124,0.1674735841833807,1.9063273462450059,0.21925280849126197,1.67310237233175,0.35871152981395277,0.2802330141914689,0.24238865458628783,0.0915295881421785,0.2745887644265355,0.05
48,0.4240499999999999,False,0.0,0.30720000000000003,0.8209,70.0,0.0,0.48043971077914077,0.16091857366850246,2.109384166601881,0.41214210377590194,2.223441525494482,1.0456540445966265,0.49869383225989666,0.3827363566082963,0.521497224308654,0.7970652945215013,0.05
49,0.4245000000000001,False,0.0,0.2578,0.8716000000000002,70.1,0.0,0.34442041103441295,0.20452807121671074,1.9710021747937023,0.3177154056034651,2.002077769333908,0.9377037175213242,0.38747849189483635,0.32449653907631254,0.36031507353573294,0.7240668595706827,0.05
50,0.4551999999999999,False,0.0,0.2722,0.9917999999999999,88.4,0.0,0.408616203365783,0.19104455347242472,1.8953840788585505,0.19156237977214577,1.6660555555555567,0.3308657750676457,0.29542613152673686,0.15690571101096265,0.07990000000000098,0.23970000000000297,0.05
51,0.44930000000000003,False,0.0,0.3312,0.8074000000000001,60.0,0.0,0.43103450458267706,0.14626876303574965,2.124844024338612,0.3399437445557619,2.239462560248139,1.177043316411955,0.5095451838159775,0.3016663946591472,0.4262438393948381,0.6951938152078063,0.05
52,0.42445,False,0.0,0.3115,0.8682000000000001,82.7,0.0,0.46146015421966025,0.14704601423815378,2.16407230980018,0.39236372155450366,2.3718145238035784,1.6159778363510284,0.4460241328901141,0.29561794195054075,0.4164467965647553,0.8352095047670262,0.05
53,0.40819999999999995,False,0.0,0.24829999999999997,0.9382999999999999,92.55,0.0,0.4145666155482394,0.18514589812584129,1.9047122264298129,0.2659699676315746,1.8539086681859114,0.7820975500027006,0.30406945415459713,0.2553948599408709,0.10100000000000034,0.29313648698174705,0.05
54,0.46399999999999997,False,0.0,0.29169999999999996,0.9339000000000001,74.4,0.0,0.38680315688693223,0.12071398911366371,1.9382792077461175,0.21770710055278314,1.8327331400783138,0.8745580755436653,0.33472137251907774,0.22670360124769395,0.15918042478527564,0.47754127435582683,0.05
55,0.4343499999999999,False,0.0,0.2993,0.8173999999999999,62.0,0.0,0.35983429704236725,0.1711592675643705,2.076117452160315,0.40731225072089766,2.2557103259278315,1.077196511606198,0.488672177984277,0.39060098734036275,0.5135281513028479,0.7854288746252635,0.05
56,0.4482499999999999,False,0.0,0.3339,0.8906000000000001,82.0,0.0,0.5077932440211884,0.10526357301692478,2.0587267398266156,0.4060921894009367,2.0783975596357864,0.9267418121516725,0.4354572123493172,0.32437659685275305,0.37527718169533475,0.7559608357314989,0.05
57,0.4484000000000001,False,0.0,0.32899999999999996,0.8146000000000001,61.7,0.0,0.4359267386817628,0.14554824167783795,2.2147658198858844,0.437098181736608,2.450373672646041,1.5274151700142922,0.4988225200169448,0.337152552858437,0.5587649804731348,0.8614655564585217,0.05
58,0.42164999999999997,False,0.0,0.288,0.8753,80.0,0.0,0.42638115614159056,0.14336012273016488,1.9211971767891218,0.23684077113434354,2.0594869737228145,0.867739628382503,0.37370818641532333,0.2835899081249871,0.33489303935798975,0.6698332095680865,0.05
59,0.5262499999999999,False,0.0,0.3081,0.9411999999999999,49.2,0.0,0.4417711730504599,0.11449845138957214,1.9831812831368851,0.24741628861637607,1.760734939466699,0.6921168253594849,0.36395239771843163,0.2258477557434362,0.18243493923357845,0.5473048177007354,0.05
60,0.41845,False,0.0,0.3222,0.8158999999999998,75.3,0.0,0.45467395498427277,0.15868210822684586,2.1354277656830796,0.4460332100904902,2.6504556256169716,1.6900724475933655,0.4885461208728293,0.35182354133306776,0.5555673388573975,0.9331272676548847,0.05
61,0.4524,False,0.0,0.36929999999999996,0.8339000000000001,74.6,0.0,0.4988886379555854,0.0474790317058147,2.1959396699336535,0.3136305870677148,2.3232986418250032,1.1184927594958822,0.5415827361408543,0.31916462573760407,0.5732082432764403,0.8841010079951066,0.05
62,0.41964999999999997,False,0.0,0.2861,0.8732,80.0,0.0,0.3848299879968917,0.17166889674313543,2.026270848083663,0.32158194528112066,1.828542668234221,0.6687835997232295,0.4077912885994313,0.3092288004609534,0.2563742706716228,0.5563667993563403,0.05
63,0.4869499999999999,False,0.0,0.3686,0.8164999999999999,52.8,0.0,0.5258914565715729,0.07008603911247138,2.1695581432164897,0.26294987483218657,2.2214736565206135,0.9187152344587215,0.5428459087058041,0.29173071455599586,0.5265122459853355,0.8045269765940631,0.05
64,0.41995000000000005,False,0.0,0.3173,0.8242,75.4,0.0,0.4216069931367782,0.19966258860085573,2.2291885483740446,0.4952182652300674,2.5365140210853734,1.514294256868905,0.5347614664735166,0.39081729750345323,0.5449852868826713,0.8421915245542876,0.05
65,0.41689999999999994,False,0.0,0.22110000000000002,0.9327,80.0,0.0,0.29982374165198233,0.2023720827312293,1.8489193373656114,0.23585854200668585,1.7827485658180904,0.66612198262567,0.27830238346200886,0.2385083812289957,0.17340000138282227,0.5202000041484668,0.05
66,0.40074999999999994,False,0.0,0.2028,0.9330999999999999,83.6,0.0,0.27675979958286595,0.24214358496055532,1.9143916815716875,0.3595108702029667,1.979848645576991,1.2985120543214874,0.2924064113850975,0.2950783065770116,0.1999995834911191,0.5999987504733573,0.05
67,0.4496,False,0.0,0.3131,0.9369,87.7,0.0,0.36171740123026347,0.16676827632012667,2.019586895718654,0.2692333847550713,1.7396410431312077,0.6151916113553809,0.38517163414897304,0.24486981741508432,0.17740000824010677,0.522276618103761,0.05
68,0.40915,False,0.0,0.2612,0.8771000000000001,80.0,0.0,0.34154826815156436,0.19421428835815324,1.939240817261935,0.3043001330500389,1.9696088473989886,0.791311987413427,0.37388798185418665,0.3162463823043214,0.32621506426841423,0.6529292358583498,0.05
69,0.4549999999999999,False,0.0,0.2907,0.8600999999999999,60.2,0.0,0.43700071357978637,0.09013002225362479,2.0247649314236726,0.3216434555141272,2.437537066108858,1.7502810485310865,0.4006389390171209,0.2925056747686194,0.4193390237251606,0.8397921851420953,0.05
70,0.43074999999999986,False,0.0,0.3766999999999999,0.7686,70.95,0.0,0.5451705970053591,0.04479515189729278,2.35539974813885,0.43354721273023417,2.744413509460421,1.429130477624933,0.6346927611678079,0.34705653513979257,0.7224126505730515,0.7980247049002003,0.05
71,0.4766499999999999,False,0.0,0.29209999999999997,0.8725999999999999,52.85,0.0,0.3572128867604722,0.2195210846024683,2.0435279882217463,0.3653432681435667,2.048368578678324,0.987987396124473,0.42364935855977615,0.33879069681143753,0.34294775492514135,0.6872841688138167,0.05
72,0.4426,False,0.0,0.3277,0.8089000000000001,62.85,0.0,0.44351239788612984,0.057894684289043305,2.11472659752771,0.3901349009059395,2.423939124943133,1.4073770520363098,0.49803285728380314,0.3473748987833926,0.5479132891024323,0.8379354921596753,0.05
73,0.48155,False,0.0,0.30589999999999995,0.8981999999999999,60.25,0.0,0.40795139649422396,0.19205013940995078,2.012086391640821,0.37822310362021655,1.9756256674948218,0.9082010078799044,0.3999764136668457,0.33664749864234644,0.3614390682949618,0.7276582586606878,0.05
74,0.47595000000000004,False,0.0,0.29710000000000003,0.8852,57.6,0.0,0.4218119914326241,0.13655563731528023,2.0157625607713263,0.3766075658331314,1.9019240625293392,0.7082047566968269,0.38653143113356236,0.33655963577889014,0.31987197855004335,0.6397893739043408,0.05
75,0.5325000000000001,False,0.0,0.4307,0.7479,28.4,0.0,0.5022354810922285,0.07098178348205667,2.364401641860517,0.26575015633866916,2.370118865886353,1.0839221696889398,0.7039893456473075,0.2653923124095833,0.6305110153244877,0.828043692926435,0.05
76,0.4317500000000001,False,0.0,0.27280000000000004,0.9361,86.35,0.0,0.35733700471625995,0.16258273686646935,2.002274954267762,0.36763106122357175,1.9770181334958985,1.3547795229287614,0.3279157410307257,0.2725607361435433,0.22045567230563087,0.6613670169168927,0.05
77,0.47480000000000006,False,0.0,0.3153,0.8775000000000001,60.8,0.0,0.39145301671018473,0.17882658721889624,2.1070149792751542,0.3529203788885666,1.9574174246709624,0.7372011358349746,0.45458074372719565,0.31396596748609695,0.3392915205641872,0.6810476937099708,0.05
78,0.4723,False,0.0,0.3346,0.8244,53.6,0.0,0.45798808010794334,0.1751611893897949,2.1504428080924436,0.4418829116843966,2.2307588292457465,1.0309508747910632,0.513815001908816,0.3709591906861276,0.5528216338421681,0.8594688918295669,0.05
79,0.39390000000000003,False,0.0,0.2962,0.8178000000000001,81.55,0.0,0.42865320824097397,0.1457790221488045,2.208429430406221,0.5260922906710347,2.3129266311611545,1.4065853806432336,0.4979523905807569,0.3707960914326925,0.46359554409192005,0.7698437052565618,0.05
80,0.4408499999999999,False,0.0,0.2827,0.8821999999999999,70.8,0.0,0.4045707784486202,0.2005307325319709,1.9746954212255017,0.3380098843460631,2.0390293928632737,0.8580434410852668,0.38449925983990985,0.3182957842553727,0.3220974781309196,0.6448598792087341,0.05
81,0.4414,False,0.0,0.3616,0.7596,59.6,0.0,0.4319936344332607,0.12596222356388032,2.1925056182948937,0.35529022683607636,2.2639204866370704,0.9062174530357613,0.5996751924035808,0.352423669538293,0.6014628801357091,0.784267238832957,0.05
82,0.43545000000000006,False,0.0,0.28850000000000003,0.9402000000000001,89.45,0.0,0.3399262791405074,0.15761694231468407,2.009388808468156,0.3704933849466884,2.0308442004547005,1.4137719904475812,0.3672274630307384,0.28730298725586406,0.22035975598437277,0.6007279007631791,0.05
83,0.5047,False,0.0,0.3407,0.8117000000000001,35.75,0.0,0.47728214248460044,0.07397250839109816,2.1017200227010435,0.32473510184767596,2.4290715391702724,1.3062497198491436,0.4899852521477383,0.323839559291113,0.6068151539177166,0.9333582443708494,0.05
84,0.4875999999999999,False,0.0,0.2952,1.0,80.0,0.0,0.4070398808121368,0.12477260658497129,1.8965259365606062,0.15676817257171546,1.5749444444444454,0.10703895967772369,0.28781357290810927,0.11449569287472543,0.023400000000000618,0.07020000000000186,0.05
85,0.4264,False,0.0,0.3165,0.8292999999999999,73.25,0.0,0.48186186655223606,0.13781870762070686,2.1357472977804965,0.4743050557714201,2.4317645025246715,1.4390550742668127,0.509480915256027,0.402408119022383,0.5607606580661266,0.8600887738980953,0.05
86,0.4626,False,0.0,0.2365,0.9301,60.35,0.0,0.35779753629403543,0.15542441039264004,1.886214681815071,0.22078465220390284,1.8358047115201397,0.9107591816634947,0.28051075082823357,0.2407102254702934,0.19229407810841276,0.5768822343252383,0.05
87,0.44595000000000007,False,0.0,0.28350000000000003,0.9292,80.2,0.0,0.44358019599691767,0.20689816660257193,2.018633462430491,0.39273090746817985,1.999901375568313,1.250215099912789,0.36989784694910094,0.2804097458113314,0.22077422779596664,0.6623226833878999,0.05
88,0.41905000000000003,False,0.0,0.3591,0.7598,70.2,0.0,0.4807963965032395,0.07381959331275813,2.1783856244239392,0.33769481833591425,2.7709129652169846,1.5770433208818282,0.5862467377667769,0.3409037765793845,0.7162186852082278,0.8808612689368834,0.05
89,0.46304999999999996,False,0.0,0.2717,0.9308,69.1,0.0,0.3907571974560839,0.15533823737764296,1.9939927193416775,0.23815084290141486,1.8965026891006154,0.984926638627491,0.343600649347511,0.21419199564213134,0.22561827055044886,0.6768548116513465,0.05
90,0.44310000000000005,False,0.0,0.31320000000000003,0.8130000000000001,60.0,0.0,0.42706986140609315,0.13822372212939815,2.125487759866591,0.4201638203072349,2.4677618313148217,1.5069681563243964,0.5022498529045546,0.366961512585011,0.534680202264509,0.8210916427887053,0.05
91,0.4676500000000001,False,0.0,0.3356,0.9021000000000001,75.6,0.0,0.45703210404647443,0.14594454058673986,2.0602822405979753,0.36034399555562885,1.843696447143396,0.5936026928047029,0.45661697090907244,0.33281282997805406,0.24554488855360904,0.5271906738871638,0.05
92,0.5077999999999999,False,0.0,0.3297,0.8853,49.85,0.0,0.4292426962752459,0.080003389966262,2.033667630626648,0.24660301877451063,1.881088358198952,0.7504938640122201,0.409617778989911,0.26488617967892414,0.2503138990927879,0.5403051276814799,0.05
93,0.4567,False,0.0,0.2286,1.0,78.8,0.0,0.35134873707790004,0.20433942134949892,1.8453471660009957,0.21365321240265855,1.5874000000000001,0.07798743488537119,0.2457239268238641,0.15804840566395786,9.336757047819588e-188,0.0,0.05
94,0.4152,False,0.0,0.4102,0.7024,70.55,0.0,0.5210287335659914,0.0768115049850178,2.426425080334311,0.30941691792466863,3.1768299708084893,1.7718842649405626,0.7033640078310502,0.2828538752960699,0.9641759628030984,0.9770015347128425,0.05
95,0.4870500000000001,False,0.0,0.30569999999999997,0.8684000000000001,50.0,0.0,0.4985709241591417,0.05759830704715172,2.007880893163832,0.2334174924000912,2.043926946539381,0.9350268710371638,0.3987468249168006,0.26284761497900555,0.25388708465734233,0.5302995036560983,0.05
96,0.4150500000000001,False,0.0,0.27979999999999994,0.9341000000000002,95.95,0.0,0.4476310739811554,0.1372588383436198,1.943271584537038,0.23615664355360774,1.8016673603930884,0.8091393562982883,0.3382383701608706,0.2414577287809843,0.10500000000000001,0.315,0.05
97,0.3951,False,0.0,0.31779999999999997,0.7504000000000001,69.5,0.0,0.4271892161098667,0.2023436398653261,2.1564956563716065,0.4223208234582114,2.7219686775532455,1.527715180453206,0.5657614589087857,0.38486756074611167,0.726189836667068,0.9402983232062914,0.05
98,0.48339999999999994,False,0.0,0.3048,0.942,70.0,0.0,0.45553399134049916,0.05422917372148622,1.9977052051397934,0.33747016996525836,1.7616914999154623,0.5736060419311486,0.36554742776832827,0.26983344416465904,0.10449999974148902,0.31349999922446703,0.05
99,0.47585,False,0.0,0.30389999999999995,1.0,88.05,0.0,0.4309541039624526,0.1318547046470561,1.931641517623444,0.20546344259297894,1.5603000000000002,0.06372134650178078,0.3130539261963302,0.14142601059722254,5.826829910386195e-158,1.748048540583959e-157,0.05
100,0.3862499999999999,False,0.0,0.34040000000000004,0.7232999999999999,72.8,0.0,0.4341119793579735,0.1435288858961892,2.2112579396971945,0.4767862512500715,2.670666153093511,1.1432320277104928,0.6064499467981306,0.41906353772442306,0.8408541497551376,0.8428843061604666,0.05
101,0.44389999999999996,False,0.0,0.2424,1.0,88.65,0.0,0.3470041472062752,0.2129127119560811,1.8763599204416335,0.24706530067552565,1.5533000000000001,0.0789405472491799,0.25388521175060863,0.16730010183486965,1.4954536071864917e-158,4.486360822799181e-158,0.05
102,0.41664999999999996,False,0.0,0.3357,0.8138,79.05,0.0,0.5003461201586663,0.053834085454153795,2.2267478945826964,0.5137970927028795,2.6648606743320533,1.7361620839991716,0.5156629709979214,0.3591229926834615,0.532943647763646,0.8157002940160553,0.05
103,0.41645000000000004,False,0.0,0.28230000000000005,0.8256,68.75,0.0,0.3781576375823321,0.17574404394243592,2.0571917305151306,0.44639073248862443,2.2881867877431312,1.2721312763729,0.4540353173908927,0.3893316407701529,0.44740234289779346,0.7301047202523769,0.05
104,0.4656999999999999,False,0.0,0.25139999999999996,1.0,80.0,0.0,0.3874984017944801,0.1646476903990627,1.8448238458406134,0.15068540970471994,1.5908946180555559,0.06500275595327681,0.25585541617735164,0.11768851627774159,2.2982786602117902e-188,0.0,0.05
105,0.46204999999999996,False,0.0,0.3002,0.8094999999999999,46.4,0.0,0.44118037734696786,0.08611899680176462,2.0650577840305093,0.4062860140013639,2.413688119133264,1.401925358128687,0.4441596552023085,0.3534935282654847,0.565016381276912,0.8759479287800078,0.05
106,0.44115000000000004,False,0.0,0.31300000000000006,0.8629000000000001,73.4,0.0,0.4595442841904157,0.1692517543300434,2.1652434366307736,0.4556838271685772,2.347214055769709,1.5124400646695364,0.428535231167068,0.29036473124647644,0.40580313946709856,0.821074685645459,0.05
107,0.45005,False,0.0,0.3211,0.8036000000000001,56.15,0.0,0.4726497489196387,0.06657008863077583,2.1428451833832223,0.38357206275620476,2.4156181273162836,1.445553049549191,0.4892627998494111,0.33564052549103224,0.5902628002540198,0.9031066988319977,0.05
108,0.46545,False,0.0,0.2692,0.9305,67.2,0.0,0.4217983273406599,0.1340963418589169,1.9607501040032271,0.23839785199085994,1.9340959966967872,1.2388178826615432,0.33626475092795177,0.24320848034380635,0.19549599669678738,0.5864879900903622,0.05
109,0.45030000000000003,False,0.0,0.277,0.8834,64.95,0.0,0.3853505899610825,0.17893910208297,1.986680245364423,0.3132539190554071,1.9914777575320166,0.8586065263076725,0.3909915376105236,0.3173825079651881,0.3215728226098252,0.6432082515892673,0.05
110,0.501,False,0.0,0.3686,0.8333999999999999,50.0,0.0,0.4647187171349496,0.06654876998869445,2.2207320925712546,0.351858872748265,2.3943181895912407,1.2729640376181117,0.5399095130105257,0.32966294136233915,0.5259177866090842,0.8055119508708861,0.05
111,0.4218,False,0.0,0.3047,0.7997,65.2,0.0,0.43484916501595616,0.15414487834760898,2.095078374110288,0.38558080503799635,2.4232153668693974,1.4422274817435707,0.47657427594578444,0.340409833788813,0.4315840465493125,0.7144618876431483,0.05
112,0.41125000000000006,False,0.0,0.2578,0.8219000000000001,64.3,0.0,0.33758196232319565,0.22329546269106898,2.0737520672575855,0.47679385563351195,2.2924319564994997,1.2277599008779965,0.41721472304381635,0.3840532232775054,0.5007283090767598,0.7649744728772931,0.05
113,0.4006,False,0.0,0.3505,0.8187,92.0,0.0,0.4642150177072367,0.15108421722776896,2.1806602228317273,0.34787531992519344,2.3520778575188084,1.295697017665985,0.5336407529889203,0.3184403232716362,0.5486081990459099,0.8534175181659117,0.05
114,0.43845000000000006,False,0.0,0.32709999999999995,0.807,64.3,0.0,0.49306781381362014,0.049287709805197095,2.122695187546496,0.32663780525520114,2.4934617218507222,1.4777735879875826,0.4898408654459764,0.31116822097388247,0.5267768332191642,0.8103268548124967,0.05
115,0.46304999999999996,False,0.0,0.3163,0.9298,80.0,0.0,0.5120793327742296,0.027112604057937452,1.9444993676943363,0.1536935045747929,1.7724641566280581,0.6983150706369994,0.3708103972496669,0.18561601241108433,0.15890046643856043,0.4767013993156813,0.05
116,0.46964999999999996,False,0.0,0.3005,0.8897999999999999,62.75,0.0,0.4567559612143599,0.14845982856408563,1.9737660536798571,0.2869836543745057,2.0342682183906335,1.0301115817668678,0.3897160159672285,0.30860557931293464,0.31830666061470625,0.6366252921863431,0.05
117,0.5153,False,0.0,0.3749,0.9493,73.4,0.0,0.5313195685456333,0.06462016560457513,2.0447303115914144,0.19836600569209076,1.8433934743381506,0.933349413671042,0.43081121040897596,0.21301964649369315,0.18486298650352617,0.5545889595105785,0.05
118,0.44135,False,0.0,0.379,0.8004999999999999,74.2,0.0,0.487667785075243,0.11098325999675213,2.3140902816622675,0.3545547293299199,2.493418322201257,1.5048453539948716,0.5753506513914259,0.2786345909782184,0.5726307538464621,0.8814567594150202,0.05
119,0.4353999999999999,False,0.0,0.29219999999999996,0.8687999999999999,72.55,0.0,0.3979071185019745,0.18729222322943295,2.0633960322231557,0.4093608925162525,2.0859515367491106,1.1080449216425707,0.42758628174998103,0.3266446015140797,0.35667138674630094,0.7160284385321153,0.05
120,0.4218,False,0.0,0.2632,0.9404,90.0,0.0,0.3917587476774851,0.17749888812089457,1.920238356103838,0.31833663481610347,1.787344331201993,0.7367802863484957,0.3135881064721276,0.263457475940275,0.2146724216178136,0.6440172648534409,0.05
121,0.4423,False,0.0,0.29209999999999997,0.9307000000000001,84.55,0.0,0.4712527736414686,0.15617946218060047,2.0030349973591006,0.22591099549630358,1.807036513382511,0.6840521533034586,0.3673602491772391,0.22428353352520072,0.1774177314401123,0.5322531943203368,0.05
122,0.5085,False,0.0,0.38059999999999994,0.8436,51.8,0.0,0.47233476836057,0.05361836517928392,2.1641403369098353,0.3810045722583151,2.3681973526425555,1.2834142076230675,0.5140681519803685,0.3359155798850074,0.5410068287292166,0.8304831080831717,0.05
123,0.4603500000000001,False,0.0,0.33320000000000005,0.9291,85.4,0.0,0.4984268468459499,0.16950411774216928,2.051554963969968,0.26858487792762414,1.794948337870539,0.6956614163786613,0.41659867102505777,0.24452772513838367,0.16048615433392893,0.4814584630017868,0.05
124,0.45644999999999997,False,0.0,0.3149,0.7579999999999999,40.0,0.0,0.42104270976152736,0.13692188611178352,2.1195258529881,0.35992860770901863,2.5705706304271834,1.2769909023688633,0.5319469451188086,0.378797862920418,0.7625028639048282,0.9395260830821174,0.05
125,0.41490000000000005,False,0.0,0.2893,0.8269,71.6,0.0,0.44565299776475237,0.22011811512915133,2.0491960907406903,0.4237331113904713,2.141138157553763,0.9930844900458036,0.4722016997692249,0.3984094747866731,0.45172807017092537,0.743916985847025,0.05
126,0.4728,False,0.0,0.2848,1.0,84.8,0.0,0.43932417089749454,0.14349109156470358,1.895756865176653,0.1709765341279333,1.585700000000001,0.0765311047875301,0.2729915117793242,0.11044734293645145,7.456655510866484e-179,0.0,0.05
127,0.4378,False,0.0,0.3008,0.9348000000000001,90.0,0.0,0.4417241327333197,0.13122697400024827,1.917302349722427,0.18780423202171978,1.8025740579029137,0.7051532417619021,0.35587001760600084,0.21980145952901908,0.18340583940533678,0.5370166200401599,0.05
128,0.48575,False,0.0,0.2913,1.0,79.95,0.0,0.42776719840666966,0.12843351134191006,1.9296919452060035,0.20432814802729604,1.587000431421068,0.06242855864433589,0.2894725146947605,0.11193213296758266,4.682772264575071e-179,0.0,0.05
129,0.42644999999999994,False,0.0,0.2682,0.9446999999999999,90.0,0.0,0.3900594553584059,0.1851021458548701,1.963668169338313,0.3471845751925779,1.8448829288656843,0.7412421352563859,0.3293165913822936,0.27894895057840746,0.19728292886568397,0.591848786597052,0.05
130,0.4393,False,0.0,0.3292,0.8230000000000001,68.4,0.0,0.4473196129274683,0.14365568604495035,2.1187391999799887,0.3564288446547675,2.1527173020130848,0.9158156388921025,0.5048703087791255,0.34262024524561263,0.45601719185382883,0.7567059612897864,0.05
131,0.39904999999999996,False,0.0,0.2946,0.8634999999999999,90.0,0.0,0.42584758163606595,0.12250501026716956,2.0258084212213068,0.25576128058436576,1.900251591850393,0.7996952031391344,0.39444096153804137,0.2648706977125412,0.3543645478752901,0.7163924776231032,0.05
132,0.4274,False,0.0,0.2558,1.0,100.25,0.0,0.42336847386335685,0.1846529072275837,1.8740414129749818,0.19151895379827852,1.5744,0.08092737484930551,0.2627499376984434,0.135229419060632,1.0853275613126817e-166,0.0,0.05
133,0.4634999999999999,False,0.0,0.3225,0.8760999999999999,67.9,0.0,0.46371477792927135,0.0311193675552294,2.0486750553656843,0.25759641960042096,1.9912863891807793,0.8920388816907809,0.4144606354582005,0.26694718042452964,0.3865027087369583,0.7856866789448917,0.05
134,0.42869999999999997,False,0.0,0.29660000000000003,0.8805999999999999,79.95,0.0,0.4322058878640983,0.13680567139024288,2.0505030212288506,0.4181487514736905,2.2286836463855293,1.4040911968251626,0.4167910440563337,0.3439603086305865,0.40603982721717086,0.814078216811195,0.05
135,0.5353,False,0.0,0.36889999999999995,0.9417,60.0,0.0,0.4655377941722449,0.054535779859641156,2.1043614734193374,0.28258332479152365,1.832319642914083,0.7298881605662372,0.4195465846406523,0.23263230140781463,0.19591964291408287,0.5877589287422486,0.05
136,0.39590000000000003,False,0.0,0.28959999999999997,0.8140000000000001,77.95,0.0,0.3921328778186481,0.1730653625643779,2.03046525685488,0.323261668075405,2.1389547036036842,0.953814192438581,0.456216908900828,0.34963653826101804,0.5314784246777082,0.8173268393474022,0.05
137,0.46104999999999996,False,0.0,0.28700000000000003,0.9407,76.4,0.0,0.40783015383007504,0.12863250254468736,1.9205708862426776,0.2172973436330965,1.7548534099116235,0.588881674734362,0.3315539664039739,0.24030950753136104,0.1881232706927302,0.48791375836754874,0.05
138,0.43179999999999996,False,0.0,0.3259,0.8797,85.5,0.0,0.45994727101674693,0.15426034223385476,2.0225609815048458,0.2860226462425206,1.8500366209059176,0.6620759072544143,0.43822589312160254,0.28779134696267605,0.26502550979480655,0.5801092775895436,0.05
139,0.47965,False,0.0,0.3018,0.9375,70.0,0.0,0.42073449405979824,0.13762512995262702,1.9649186366609435,0.26500639400045545,1.7776822625099418,0.6685487657821523,0.35514911775279245,0.25400348313761817,0.19478226250994152,0.5843467875298245,0.05
140,0.4552999999999999,False,0.0,0.3386,0.8798,76.95,0.0,0.4355323207213325,0.14734080018251583,2.1607377856104564,0.40270157729713874,2.009167205422191,0.9673803944313807,0.460888081576328,0.3142450307562082,0.32064300962156345,0.6412983741641983,0.05
141,0.40045,False,0.0,0.27799999999999997,0.7321,52.3,0.0,0.37804068782404254,0.17455546970251085,2.0964972821919825,0.3706372653993172,2.6956448616725552,1.450121719111594,0.527124864959268,0.3729398937709941,0.7346266058152299,0.9088783581992049,0.05
142,0.39645,False,0.0,0.2552,0.9320999999999999,98.6,0.0,0.3773921967555934,0.1735821670289992,1.9030269983207149,0.2166919204642442,1.7492484541421027,0.5384913466422001,0.3007211076640301,0.2257210239652564,0.16804974770414544,0.5041492431124363,0.05
143,0.42949999999999994,False,0.0,0.3448,0.7414,56.8,0.0,0.46707529793851627,0.05948632063335103,2.0961414029411456,0.31316854982906817,2.3444255101800286,0.9630418529003174,0.5672944034136916,0.3324973101804662,0.6889755079361986,0.8368558440802819,0.05
144,0.49329999999999996,False,0.0,0.3494,0.8694,58.05,0.0,0.4779880635656112,0.04776958551112599,2.0823968523372107,0.15125220192342406,2.0131935557353122,0.9916762419423932,0.48565116386344453,0.24165218731853896,0.3810298323433611,0.7620669931405536,0.05
145,0.44710000000000005,False,0.0,0.25830000000000003,0.8159000000000001,45.0,0.0,0.354401135522891,0.1699334151897779,2.033944821129814,0.4254768510050657,2.421483076087946,1.3354094596072936,0.45698885568079417,0.39237060359489234,0.5596122484131096,0.8567189771559922,0.05
146,0.4367500000000001,False,0.0,0.308,0.8057000000000001,60.05,0.0,0.42792306537876124,0.140407278833549,2.055048348231666,0.27792026108648055,2.152702788164369,0.9012204708248751,0.47286767181510403,0.32741038985149257,0.4947177526187822,0.7568743440786952,0.05
147,0.39835,False,0.0,0.2676,0.8027,68.4,0.0,0.3995898148074115,0.19203523883244433,2.0374407580233784,0.33318399272524735,2.2862986968812278,1.112536956652404,0.45654369275181866,0.35526795667172617,0.6101504709014213,0.9482995936809104,0.05
148,0.47680000000000006,False,0.0,0.34030000000000005,0.8865000000000001,68.3,0.0,0.4874107042848081,0.06376419374001716,2.0991825558872543,0.3793494507553863,2.2333737729613232,1.470778540564129,0.45396453548752386,0.3025693250462219,0.4323318266888544,0.8915989318457066,0.05
149,0.4785499999999999,False,0.0,0.41180000000000005,0.8374999999999998,73.05,0.0,0.4729121899799641,0.06514861530450937,2.2597609329195185,0.37105485818070255,2.4506754747486568,1.594813414620442,0.596147015652347,0.327841072092904,0.5992084873072694,0.959996220017771,0.05
150,0.4196500000000001,False,0.0,0.2774,0.8727,77.7,0.0,0.40779911312294537,0.18317745915966643,2.005316546994009,0.3108644591907065,2.028548802256704,0.9476855496021015,0.3974856342271746,0.3089714722160646,0.4283488022567041,0.8600141970199926,0.05
151,0.4342999999999999,False,0.0,0.2739,0.8202999999999999,56.4,0.0,0.35679930263972426,0.17102654294486058,1.9617116044389253,0.33875698077158545,2.245714127058319,1.116165961961831,0.41563246442040286,0.3713135230506739,0.5405304577314971,0.8279798126001731,0.05
152,0.40890000000000004,False,0.0,0.2145,0.9303000000000001,81.75,0.0,0.30639116265976846,0.21531857114847452,1.9018334667780423,0.3763709216955247,1.8865792602017941,0.917438116509247,0.2736869969896246,0.2604597425548648,0.17217926020179397,0.5165377806053819,0.05
153,0.49340000000000006,False,0.0,0.38,0.8884000000000001,70.4,0.0,0.4436645193141976,0.1508567411911944,2.132047408865311,0.3415507816738321,2.004528489555603,0.8661886539336806,0.5186022404365367,0.3160916315255721,0.3217543791576162,0.6446956494972065,0.05
154,0.43299999999999994,False,0.0,0.34019999999999995,0.8338000000000001,77.0,0.0,0.4788384973089692,0.029610038419308073,2.1021145897871465,0.37254674287181055,2.1809993197694784,0.9955677194837459,0.49544643963862506,0.35640681070210534,0.4986864399552623,0.7620230173950243,0.05
155,0.3962500000000001,False,0.0,0.35350000000000004,0.6912,63.05,0.0,0.4971601668717202,0.16566202051585785,2.2742235968233,0.39205793023226043,2.7085613080379454,1.2024108023727837,0.6556762338802672,0.37097763084622415,0.7906682357279285,0.8032962477757863,0.05
156,0.44795000000000007,False,0.0,0.3445,0.8762000000000001,81.2,0.0,0.4803860979922666,0.19089185882357962,2.1283052093183765,0.34249638333289345,2.003026691240698,0.8989265482307687,0.4755309558470574,0.29554488684799934,0.3436624992399346,0.6892234165881456,0.05
157,0.4664,False,0.0,0.3457,0.8039,54.2,0.0,0.45773970558704236,0.0455734778100561,2.3206193712991867,0.5761627748588983,2.0415828604593194,0.8815677015974157,0.5981998012053884,0.39708524422434577,0.37395539531958455,0.6685811224806808,0.05
158,0.4141999999999999,False,0.0,0.2637,0.8846999999999999,80.0,0.0,0.32709194266853997,0.2020589270157963,1.9907677264459882,0.4064116087416878,1.931742652654932,0.7851682616524074,0.37435146365412614,0.35082588672792386,0.3566400129264976,0.7191383862141013,0.05
159,0.3682000000000001,False,0.0,0.27640000000000003,0.8066000000000001,86.65,0.0,0.3393249335914942,0.21184565165747596,2.1378457769410257,0.5275146053123048,2.4828315339644043,1.5148804320555849,0.46721036925566806,0.38617734599492176,0.5457560982975528,0.8351274137690433,0.05
160,0.43015000000000003,False,0.0,0.29379999999999995,0.8737,76.8,0.0,0.4370528072789496,0.15026993984513806,2.0490784786767624,0.3780796984153577,2.0458152383460035,1.0605032399632286,0.4102291351246402,0.3186695926562328,0.24687269900121817,0.5228112253072267,0.05
161,0.5774499999999999,True,0.0,0.38889999999999997,0.8827999999999999,29.2,0.0,0.4568257214243416,0.061332234006667374,2.2426653627479847,0.37684665507351506,1.9527809911361143,0.8492814926710847,0.5176559205016471,0.30301209393890155,0.2420559855810959,0.5178614321089765,0.05
162,0.3850999999999999,False,0.0,0.2827,0.8094999999999999,80.5,0.0,0.47234764404621254,0.154374679795579,2.1343863923142017,0.4747323103830121,2.608049650707521,1.7325753948779512,0.46347663003563017,0.3762800540471234,0.5942384419666263,0.9109576652882717,0.05
163,0.44209999999999994,False,0.0,0.22369999999999995,0.9301,67.4,0.0,0.35592245149381785,0.17641863432654056,1.9470588704386398,0.40415924456566116,1.9973716594820232,1.1966204961081643,0.2873498102494242,0.2728796880772131,0.1699997498978438,0.5099992496935314,0.05
164,0.41690000000000005,False,0.0,0.17099999999999999,0.8628,50.0,0.0,0.2503067128305341,0.18305807365321772,1.8352992061158715,0.3196201645144375,2.0992943799207255,1.0926645329555935,0.26240795358612606,0.3104250053566217,0.28654199322644247,0.6108323812183452,0.05
165,0.36755000000000004,False,0.0,0.26539999999999997,0.7397,67.5,0.0,0.36147226525949344,0.1756752902660424,2.1443289035385473,0.506334210603718,3.012245301113364,1.9331176987276781,0.49475790948336257,0.3904423956198922,0.7753775126797413,0.9981117973306196,0.05
166,0.41280000000000006,False,0.0,0.3459,0.7615000000000001,70.45,0.0,0.4309950194658468,0.14174077627482284,2.285421473331803,0.46847020562214486,2.7280483969867233,1.5123385785753425,0.57539175981325,0.36232537709630513,0.7736519367108389,0.9516358384827219,0.05
167,0.37895,False,0.0,0.2752,0.8035,80.2,0.0,0.3882540788064571,0.18112115483281485,2.1190927285247585,0.4124718302384078,2.266579392971875,1.1477643292646431,0.4487441122592123,0.3444036257320815,0.5916358930426514,0.9216975552399674,0.05
168,0.47724999999999995,False,0.0,0.23450000000000001,1.0,70.0,0.0,0.35534222420535083,0.1693592800443628,1.857993006102238,0.16951644600990803,1.5333999999999999,0.038699353999776274,0.22340641867113056,0.11804903504242689,1.150694025250537e-193,0.0,0.05
169,0.51385,False,0.0,0.17850000000000002,0.9292,20.0,0.0,0.2995909489031182,0.13112130350649898,1.727013144522171,0.20410784329482762,1.8174848796156666,0.8069871079717278,0.18417047619347063,0.21933674221523083,0.1678890286525827,0.5036670859577481,0.05
170,0.5187,False,0.0,0.3497,0.9397,63.0,0.0,0.4412184704102911,0.1401602987877161,2.1210123268224,0.2936436319767498,1.845363061333261,0.9219611882482112,0.433252126248163,0.2509582318715778,0.08,0.24,0.05
171,0.5221,False,0.0,0.2426,0.8816,20.0,0.0,0.3947953205518829,0.11501384174379643,1.92099908543074,0.37640523639678547,1.911280991461222,0.7764894167131657,0.32798465981835045,0.3334219253913634,0.22936019233408192,0.48495069299315874,0.05
172,0.4829,False,0.0,0.36360000000000003,0.9108,77.15,0.0,0.5370731768481408,0.0635403392135224,2.084359780238802,0.3770513394107206,2.1747749060774892,1.3514478231202207,0.45395290604561966,0.30894477295160827,0.3143704832005198,0.6275686359844462,0.05
173,0.39825000000000005,False,0.0,0.36960000000000004,0.6285000000000001,50.4,0.0,0.4921106536250976,0.16230710488749697,2.489475888337472,0.44449119551227206,3.3056145108410533,1.4904397946065595,0.7336826943252727,0.3475880558297658,1.1377760961079333,0.9386806330878973,0.05
174,0.4508499999999999,False,0.0,0.2766,0.8836999999999999,64.65,0.0,0.3848822146108057,0.24548931862177273,2.08715646372655,0.5089057993576974,2.2199539865984486,1.3813516112745374,0.39391536980364117,0.3700871634822663,0.39093825784591046,0.7821390265755201,0.05
175,0.40395000000000003,False,0.0,0.3239,0.724,60.0,0.0,0.4474476779868978,0.146803261678567,2.1137013314794437,0.2749990168192845,2.4505213636690657,1.085159316924377,0.551546884383967,0.31504068846027583,0.7468143017473733,0.926475577253869,0.05
176,0.57185,False,0.0,0.3188,0.9449,30.0,0.0,0.45863930039848766,0.16221864086642185,2.037873230870912,0.4025858420981555,1.819163286328377,0.8465619615787207,0.38268655383960565,0.32140642215242377,0.17900384212958975,0.5370115263887694,0.05
177,0.4474499999999999,False,0.0,0.27949999999999997,0.9353999999999999,80.0,0.0,0.40049913093452555,0.1902019936546269,1.946504470444749,0.3180788170280951,1.7390904081068697,0.6016814702178797,0.3454063959974968,0.27432813273069656,0.17816049785939175,0.5239017036759421,0.05
178,0.46879999999999994,False,0.0,0.2731,0.8129,37.1,0.0,0.38093901048381495,0.14821138104376722,2.1074049009855047,0.4747906503143394,2.3744254728776326,1.4235040898713127,0.4633812268482771,0.3943110172418823,0.4701972511402802,0.7830213463848558,0.05
179,0.482,False,0.0,0.30369999999999997,0.9067000000000001,61.6,0.0,0.42337201779973455,0.21484360145233125,2.0538948899372866,0.4094139398105133,2.0563451285103738,0.9900494624241585,0.39981819759287685,0.34893015500746766,0.3148216651423076,0.6298980134738655,0.05
180,0.44699999999999995,False,0.0,0.20750000000000002,0.8753,47.2,0.0,0.3005220973755034,0.18022195697045887,1.9025590067116993,0.385715435855729,2.037819330704476,0.9255481867417149,0.29799194723913314,0.336169462259171,0.40961933070447587,0.8192439400763073,0.05
181,0.45915,False,0.0,0.27969999999999995,0.7986000000000001,40.0,0.0,0.4529861929175115,0.08204292761288007,1.9837479424232698,0.29509227708958163,2.2427483477196097,1.1067619974963887,0.41440558696270696,0.3388513198700972,0.4979615735598877,0.7617555513200315,0.05
182,0.46720000000000006,False,0.0,0.2854,0.7906000000000001,35.4,0.0,0.47295838783905425,0.05871855513770188,2.067507886840352,0.3685905123661236,2.308305407153799,1.3043204465669735,0.42922674649241177,0.327276914830903,0.4022664505584285,0.6494282477389256,0.05
183,0.47785,False,0.0,0.33809999999999996,0.8416,56.0,0.0,0.4237132985286783,0.14612157898492129,2.1821816393732325,0.49061085273374905,2.367383619912508,1.4471265537986295,0.5063041851295118,0.388412356041653,0.5217737909955776,0.8764662590375584,0.05
184,0.4462500000000001,False,0.0,0.29460000000000003,0.8187000000000001,55.2,0.0,0.3714887347908677,0.17919470407817337,2.140737439910488,0.4722075108541714,2.1381803650151125,1.005233480118505,0.4646602117348599,0.35760242739077086,0.44963748114553626,0.7535693900269188,0.05
185,0.5318,False,0.0,0.3154,0.8282,20.0,0.0,0.4958156414551592,0.11937410359321325,2.1525786245692884,0.48647915146438314,2.2381501660785035,1.067850355792962,0.4519391815546091,0.3945163245764655,0.570516257405927,0.8753357375746383,0.05
186,0.47995,False,0.0,0.34090000000000004,0.9416,80.65,0.0,0.43340407412160625,0.14146753302378634,2.117329829461591,0.27486401113811887,1.815674672754993,0.7959324695997096,0.4008338549158781,0.2280250831459497,0.2056944298374801,0.6170832895124403,0.05
187,0.43515000000000004,False,0.0,0.30870000000000003,0.8672000000000001,76.4,0.0,0.42666974860570017,0.12872291207834097,1.9989541709885645,0.24459516778995638,2.0345429774122454,1.0874701230580461,0.42295975132083913,0.2748090701151678,0.3581306603372229,0.7109516447665886,0.05
188,0.45919999999999994,False,0.0,0.2772,0.8044,40.8,0.0,0.384499270018536,0.18991067243058476,2.093894924520135,0.3998969865681574,2.2763187703546053,1.182601063628632,0.4337917567942141,0.3532677824523035,0.49721095628815853,0.7598015087465486,0.05
189,0.46819999999999995,False,0.0,0.3008,0.9315999999999999,74.0,0.0,0.4419779265010314,0.14204462661634928,1.9497935687409704,0.1819512567860119,1.6983322766960343,0.3595391921176843,0.34717261815752953,0.20391817422800448,0.11840000001890143,0.25376650690273245,0.05
190,0.51175,False,0.0,0.328,0.8955,50.0,0.0,0.42901410101495585,0.14295971490029474,2.0786353164470013,0.4247721594195117,1.894915562720744,0.7336023861972427,0.4427029440840503,0.3611879210238993,0.24301228703841632,0.5204084404987878,0.05
191,0.46110000000000007,False,0.0,0.1838,0.9384,50.0,0.0,0.28832412640507293,0.18313111901554502,1.8126977635477295,0.33463375043740423,1.8821567350444923,1.0606680107534407,0.2043006225746437,0.2622917503242919,0.21931159847539777,0.6579347954261933,0.05
192,0.46995,False,0.0,0.34690000000000004,0.8615999999999999,67.15,0.0,0.45111812095406545,0.15463786810055138,2.1734294539522336,0.351112951453223,2.051280592368358,1.0038709649591593,0.49430975564500346,0.29519635934908145,0.3622159669764103,0.725211688564056,0.05
193,0.41214999999999996,False,0.0,0.3046,0.7951,68.85,0.0,0.41805675364729666,0.13285059088453346,2.1135972219549917,0.2807684868780221,2.4205692919994575,1.4276892679558357,0.485653765523414,0.3090299756868649,0.5274179273625691,0.8132469920420825,0.05
194,0.5164,False,0.0,0.4232,0.9136,76.0,0.0,0.5219516291076504,0.08900449863830426,2.1939895839236305,0.3998898834780555,2.189518808856008,1.0598666410509336,0.507180350109796,0.31021529455870944,0.29673876422616496,0.5520850254549777,0.05
195,0.47104999999999997,False,0.0,0.3959,0.8934,86.8,0.0,0.47338057998539673,0.168579431695711,2.27375019092439,0.48747590831651333,2.394478245700296,1.7534338624506127,0.5352693144584748,0.3584796476061953,0.47446775986527057,0.9637703628436621,0.05
196,0.4537,False,0.0,0.21550000000000002,0.9319,60.0,0.0,0.3062764542551679,0.18645788306816358,1.8510505698228559,0.2316062623579804,1.8377918696326112,0.8724689496152885,0.2579554236201436,0.23449929828175534,0.20709186963261123,0.6212756088978336,0.05
197,0.46985000000000005,False,0.0,0.26820000000000005,0.7937,30.55,0.0,0.37340136197069,0.1452979756312108,2.013755213909167,0.3480690758182179,2.1889030684745814,1.0259401963116324,0.4006934775369847,0.32547347062606463,0.43460784290801185,0.6891085874611454,0.05
198,0.5235500000000001,False,0.0,0.2734,0.9337,40.0,0.0,0.39934491846530046,0.12236143769649421,1.9642271894541412,0.3053378620590403,1.7653598051806116,0.6464215156247075,0.31561465651321463,0.2722427397783487,0.1626573941361136,0.4879721824083409,0.05
199,0.4236,False,0.0,0.24840000000000004,1.0,100.3,0.0,0.3291833664014274,0.19429500250275147,1.8694598220355914,0.2150312404727478,1.566424126349555,0.0739827900442764,0.2505642345981416,0.15012787222796992,8.479151650212435e-169,0.0,0.05
200,0.41635,False,0.0,0.3533,0.8128,83.35,0.0,0.4640785798787689,0.05031342915010609,2.1876785846134896,0.3492899096471301,2.3420686768885184,1.2989134577729256,0.520639353638476,0.31016622347822,0.5742750860123798,0.8949389479672382,0.05
201,0.5299499999999999,False,0.0,0.1799,1.0,30.0,0.0,0.32610884979588434,0.14415730790566322,1.6846684840096504,0.06190049678008693,1.5433,0.07456010997845967,0.1257424331875095,0.055542451830658916,5.67088949514239e-219,0.0,0.05
202,0.5039,False,0.0,0.27630000000000005,0.9427,52.8,0.0,0.4274967939738238,0.1558634982438942,2.0141176997589447,0.43186865224898613,1.9903438146710257,1.1151915937786343,0.320466682258481,0.2826052054358006,0.17616482019943736,0.515952195991007,0.05
203,0.44155,False,0.0,0.2433,0.8718,58.0,0.0,0.3395502429984188,0.2005041157577224,1.9459143361322895,0.3223969606510064,1.9247297878992717,0.7413955705350399,0.3533769676101547,0.30831883184028996,0.2633352672656771,0.5757962622879913,0.05
204,0.48805000000000004,False,0.0,0.2373,1.0,65.3,0.0,0.3532487669516918,0.15330369078488437,1.8470006225102498,0.17726020956963692,1.5754000000000006,0.08318196920006128,0.2209610276088314,0.11439341295392737,0.0012000000000003013,0.003600000000000904,0.05
205,0.43489999999999995,False,0.0,0.24770000000000003,0.8897,66.9,0.0,0.37225867615592073,0.2296050254445516,1.979462871423868,0.3940310397076214,2.0877905538667667,1.0209179674635154,0.35574044313146325,0.3566998573368269,0.363234339268928,0.7335380768126244,0.05
206,0.48225,False,0.0,0.1864,0.9381,40.0,0.0,0.31346688807756357,0.20881581945908906,1.811913174055551,0.27874127334720356,1.642255422533058,0.337758045503799,0.21507783240567827,0.25495260825107907,0.07990000000035621,0.23970000000106867,0.05
207,0.5068999999999999,False,0.0,0.2425,0.9317,40.1,0.0,0.3865070484134382,0.12527155348852845,1.8980186858595274,0.2245391520872519,1.7822985156449722,0.7035649057615976,0.2822960784761689,0.2445489021981333,0.19566531269586582,0.5869959380875975,0.05
208,0.42185,False,0.0,0.3027000000000001,0.6769999999999999,34.0,0.0,0.40520017665750735,0.1511038962768677,2.1775692292126525,0.4106505976849956,2.8869948036478594,1.4784803861642404,0.595186099203975,0.3903786300192099,0.8123587377111037,0.8730998270175894,0.05
209,0.45725,False,0.0,0.311,0.8623000000000001,64.7,0.0,0.4089604753552341,0.13779330977759904,2.0775103349700084,0.28436826460771214,2.151688066256097,1.1729776261416285,0.4445245335613136,0.2958947590832466,0.3843880662560971,0.770262799406021,0.05
210,0.44794999999999996,False,0.0,0.2739,0.942,80.0,0.0,0.37723190248013283,0.2272310128962569,1.9739544402660667,0.32163238306993996,1.8403260941782194,0.9181110599768719,0.35677879790620065,0.28369815609411964,0.19672137209403998,0.5901641162821198,0.05
211,0.5497999999999998,False,0.0,0.3609,0.9594999999999999,55.2,0.0,0.41782071722667197,0.17187673850187277,2.0632386538560494,0.41687574725693927,1.8589937930404308,0.9215589033878572,0.4050001487554466,0.33223183930332495,0.1728279400696653,0.5184838202089959,0.05
212,0.43745,False,0.0,0.2612,0.9339000000000001,80.05,0.0,0.3806731412020577,0.18072763936736205,1.9280956084069334,0.2057859341303175,1.78509491072882,0.629519654949758,0.3141928934065038,0.230587135662898,0.18249961345160257,0.4871717642180677,0.05
213,0.43990000000000007,False,0.0,0.31460000000000005,0.8310000000000001,66.45,0.0,0.4456067189489388,0.22495988385760465,2.1693127843061304,0.3999735390299203,2.189012550722823,1.0659550752852966,0.5037199838125079,0.35381942632978447,0.42696140166128693,0.696302798892404,0.05
214,0.46875,False,0.0,0.24379999999999996,0.8951,50.35,0.0,0.3294647580878119,0.2083127493845424,1.9782335637266637,0.4849216465850635,2.06409509940757,1.208459019908476,0.34533835380848377,0.3819860554110405,0.30712246207098354,0.6790537015390335,0.05
215,0.4861,False,0.0,0.27909999999999996,0.8643000000000001,42.8,0.0,0.43956872010136455,0.052148349857523854,2.0203573813316074,0.38995557360915817,2.049006613081235,0.9634797702663235,0.3665359860642298,0.3179704520527163,0.2539999986768805,0.6038575952819231,0.05
216,0.5327999999999999,False,0.0,0.2582,0.9411999999999999,33.45,0.0,0.39902482436558107,0.17714778672246564,1.9540652032118113,0.34148750416649887,1.7800879640616103,0.7370096388944773,0.27509362867270315,0.27925497888186934,0.17742746314006352,0.5322823894201906,0.05
217,0.46444999999999986,False,0.0,0.3762,0.8254999999999999,68.2,0.0,0.49605372671595144,0.07589143127076892,2.235101142450702,0.385030160683802,2.500641331400574,1.6401162707444574,0.5357981462583842,0.3125615549618804,0.6124369988702238,0.9698566202124925,0.05
218,0.49125,False,0.0,0.3659,0.8976000000000001,70.25,0.0,0.46156416219022445,0.1632526014146362,2.1592372243129043,0.35071401490953513,1.9573292628055328,0.880371447725883,0.4780873991669651,0.3076940362592536,0.34976149945600665,0.6995593344407998,0.05
219,0.37745000000000006,False,0.0,0.2804,0.6887000000000001,53.55,0.0,0.3944950874548215,0.18852346860073868,2.2273931473942072,0.5744042541513418,2.845908615307678,1.57731788276871,0.5870976478477324,0.44979911750408313,0.7671888514482672,0.8227379547019515,0.05
220,0.50975,False,0.0,0.30469999999999997,0.8716000000000002,39.2,0.0,0.4598293688337657,0.07359988188494535,2.014514196916603,0.29840477085511913,2.042978517672214,0.9937282397685461,0.3964756155450126,0.31459403158123356,0.35635270624603654,0.716457646607095,0.05
221,0.4415500000000001,False,0.0,0.26739999999999997,0.9309000000000001,78.8,0.0,0.3530922922653528,0.1766561868366695,1.9516010390852538,0.24235503816604712,1.8483199923434495,0.6252295432477699,0.33284004015221286,0.23490112169621583,0.22096701595730406,0.511716161967515,0.05
222,0.5278,False,0.0,0.272,0.9662000000000001,45.65,0.0,0.4520479100791806,0.2524247059876068,1.9549945003731637,0.37261851518640093,1.8121337812141949,0.7918033097586278,0.27696668382851536,0.28025065912995856,0.1878337812141946,0.5635013436425839,0.05
223,0.4606499999999999,False,0.0,0.21479999999999996,0.9320999999999999,56.4,0.0,0.32557278310125587,0.18966040085308744,1.8360051943027067,0.23556848946903275,1.752599048525693,0.6197166408563507,0.2588611314822641,0.24203903696384652,0.16070968585161158,0.4821290575548348,0.05
224,0.45209999999999995,False,0.0,0.3068,0.865,66.9,0.0,0.43802972509343424,0.14600155371836104,2.0742481021274104,0.2914665109653909,1.9777403780015406,0.8933850257267268,0.4293013017783268,0.2853888333153938,0.2953463108386994,0.6639139869207542,0.05
225,0.4113,False,0.0,0.2641,0.8603000000000002,75.45,0.0,0.4341043978155664,0.1378102815541227,1.9769698538559048,0.32050290804338244,2.1078829689501086,1.1137543165456494,0.37157737418115844,0.2841783608073705,0.32356515797873175,0.6487757777348009,0.05
226,0.46275,False,0.0,0.34919999999999995,0.7661,47.45,0.0,0.42726287636378013,0.15388946393512778,2.2221363605534616,0.42806021463715827,2.286531403072122,0.9832387336900161,0.6077100245975382,0.3721085161246409,0.609731642369117,0.813788548737687,0.05
227,0.45995,False,0.0,0.21200000000000002,0.8679,40.0,0.0,0.3559474469314564,0.18273202275368503,1.8923804510486353,0.3297551726720256,1.9108738955677986,0.7674514966302953,0.3011526149755145,0.33007484234911194,0.33920882623151466,0.6785254513866529,0.05
228,0.4932500000000001,False,0.0,0.25129999999999997,0.9352,50.0,0.0,0.37523072965811416,0.12896398608995135,1.9266019129079504,0.3052713626817919,1.6827408031490858,0.33292645673989646,0.28977615363172976,0.25960491993122115,0.07990265084579504,0.23970795253738506,0.05
229,0.43405,False,0.0,0.2915,0.9366,90.0,0.0,0.3732613858518685,0.17325424240224638,1.964969523613145,0.24955688448324792,1.781478031219167,0.6130419536308118,0.35151083652783566,0.2332098771593076,0.1756101944360087,0.5175645782124748,0.05
230,0.45585000000000003,False,0.0,0.27340000000000003,0.8594999999999999,55.3,0.0,0.4040458662948323,0.12495503665225521,2.0381788120148943,0.35434298049619134,2.0974233076203768,1.166055935535678,0.3711955053962896,0.2789560216149701,0.3967119151611147,0.8058273045667601,0.05
231,0.4484,False,0.0,0.3644,0.8204,72.0,0.0,0.4331256370907649,0.12493848769993583,2.2083555084792983,0.41942347557212606,2.2651050010835894,1.4473365736816732,0.5415626636553895,0.34155618878780303,0.43833222777852426,0.722879947201904,0.05
232,0.3834,False,0.0,0.24379999999999996,0.7238,50.2,0.0,0.34827718946883285,0.15586067113019214,2.094270114968195,0.453811588748166,2.802913258235508,1.4905883549046746,0.4892975927064033,0.38932602175374414,0.7432416217193877,0.8499193907934709,0.05
233,0.4927499999999999,False,0.0,0.3055,1.0,80.0,0.0,0.342358721880337,0.157236284078968,1.9455886497173178,0.19440730284954832,1.5867,0.0762103011409875,0.30583179941389343,0.1414526033651114,2.9134143137209246e-158,8.740242941042646e-158,0.05
234,0.38460000000000005,False,0.0,0.3203,0.7715000000000001,80.65,0.0,0.4282488927910338,0.11902839831804977,2.1961193735447977,0.3340342089419552,2.509885580559306,1.340487542667473,0.5287601628714093,0.30432778331039334,0.6543744694481947,0.8621503203144664,0.05
235,0.41440000000000005,False,0.0,0.3205,0.7451000000000001,59.2,0.0,0.42230754593811487,0.1363898398993885,2.208647562179994,0.41277649198554106,2.4567119782367843,1.192070033773485,0.5156181352717671,0.34694579984713825,0.6736705168786911,0.827622897434436,0.05
236,0.5006499999999999,False,0.0,0.30899999999999994,0.8233,32.75,0.0,0.4290547792435212,0.15089424329106235,2.1341038476828182,0.41757042026742186,2.2144161829696123,0.9979412965362154,0.45243688949959715,0.3727639562200563,0.5154224929392294,0.7888407545208428,0.05
237,0.46985,False,0.0,0.3407,0.799,50.0,0.0,0.46561875602168845,0.047582022876275325,2.1451387421994155,0.2643092027813764,2.1544245905050525,1.056776453890232,0.5202492372057584,0.3012704448968845,0.45399779970036064,0.7579643082365248,0.05
238,0.446,False,0.0,0.3162,0.9358000000000001,90.0,0.0,0.4609998966743065,0.026110352372865662,1.9829449209501278,0.17588337328015524,1.833113884927562,0.7609850442739904,0.348598192829606,0.18356361471541435,0.2027493015942286,0.6082479047826858,0.05
239,0.497,False,0.0,0.2924,0.9490000000000001,61.85,0.0,0.35963612111278165,0.1776151302826222,2.01616167691985,0.41743468982743703,2.0065029616898147,1.3202749259177309,0.35808947208763975,0.29818294258434047,0.1998310521056353,0.5994931563169058,0.05
240,0.48695000000000005,False,0.0,0.25939999999999996,0.8745,40.0,0.0,0.3867595007371966,0.13116091713754066,1.9486393137865665,0.3584191588196619,2.004855682088418,0.9776357879486532,0.35555998488810625,0.3411588769573442,0.3233983006753188,0.6478437805734574,0.05
241,0.3353,False,0.0,0.2639,0.7363000000000001,82.4,0.0,0.38153363017599534,0.1765230078197082,2.0628168118229975,0.3959889598621441,2.5028254763876507,1.2127098957228137,0.47936523133656206,0.37387627187962963,0.712615552948044,0.8831204699881431,0.05
242,0.3928999999999999,False,0.0,0.30579999999999996,0.7396,64.9,0.0,0.42987407140118494,0.13691811087526143,2.1744885151768036,0.3882288937305469,2.624104300436874,1.426529448883073,0.527703731024707,0.3472848541558629,0.754132808251501,0.938748934311163,0.05
243,0.5705,False,0.0,0.2773,0.9837,30.0,0.0,0.39781523259856827,0.14125858895566898,1.9096468416437227,0.2738434242733227,1.657027256944446,0.33523061658051656,0.29337375348529976,0.20623160869536789,0.07980000000000088,0.23940000000000264,0.05
244,0.44509999999999994,False,0.0,0.2823,0.8795,67.9,0.0,0.41874912837032074,0.21535152974805763,2.0823439692277157,0.42015239516288855,1.9903713256686923,0.8946796700959845,0.40607500068306945,0.3368785487610939,0.35393468491423336,0.7105418109987051,0.05
245,0.49065,False,0.0,0.21170000000000005,1.0,57.6,0.0,0.36123732805690145,0.18511320559312827,1.7896768576356774,0.16130789618812832,1.5629000000000002,0.07206170966609109,0.1848665111872023,0.11674731899612323,3.6772458379657e-187,0.0,0.05
246,0.4488,False,0.0,0.2586,1.0,90.25,0.0,0.40772768974809886,0.14657769119456057,1.8739110527121383,0.15819578682692484,1.5485000000000002,0.054068937478001185,0.25538881283443005,0.10854901296471406,7.354491683502739e-187,0.0,0.05
247,0.41805000000000003,False,0.0,0.22149999999999997,0.9332,79.65,0.0,0.32281394540994557,0.19924357855284908,1.8932006363345515,0.3260334862954194,1.8047773237107758,0.7897380211569226,0.27793310666876486,0.2528340994458346,0.224405414126383,0.673216242379149,0.05
248,0.47275,False,0.0,0.2842,0.9413,70.0,0.0,0.38131713341719126,0.1757264373090646,1.9483729789353823,0.2993322671160623,1.7434359534713901,0.6305894378255876,0.3406875797927905,0.2654271182660254,0.19093595340379776,0.5728078602113933,0.05
249,0.4626499999999999,False,0.0,0.29159999999999997,0.9472999999999999,78.4,0.0,0.38183278742909477,0.17489175813249996,1.9769900771628852,0.3022208737787122,1.7550191658966408,0.5897021549877332,0.351928441077288,0.26398659600828794,0.18523049523940208,0.4967962188570362,0.05
250,0.4477,False,0.0,0.21149999999999997,0.8951,52.8,0.0,0.29765133536341615,0.22110600589824103,1.8983805828243796,0.4123189561763552,2.0206391105033643,0.9041041782218869,0.3054515841610663,0.37493629013455126,0.33409042792997135,0.6683795649802196,0.05
251,0.4960499999999999,False,0.0,0.34249999999999997,0.9391999999999999,72.4,0.0,0.4444615649372275,0.10961670646366099,2.0804224054080533,0.1792937667489301,1.7290943808720223,0.6348126888775437,0.4341080454319536,0.1817954844200388,0.17797017432188278,0.5339105229656483,0.05
252,0.4786999999999999,False,0.0,0.3232,0.8741999999999999,60.0,0.0,0.47537259996571013,0.06776757612534054,2.0181272713687237,0.2544588898685234,1.9973295753183908,0.8427055356689971,0.4044777734840691,0.271077008452734,0.3260256498564916,0.6522829923780945,0.05
253,0.49374999999999997,False,0.0,0.3582,0.7892999999999999,40.0,0.0,0.4613163110162404,0.1738736234512235,2.216539827863851,0.4726886731314733,2.437165390257001,1.118129186055315,0.5757826638615142,0.40781997353412736,0.6715951244900643,0.8235366531678696,0.05
254,0.51705,False,0.0,0.26749999999999996,0.9282,40.4,0.0,0.3760057080358554,0.1845699601354694,1.9168577058662408,0.2594371857201825,1.815752166871733,0.7230885252279523,0.31528145094905974,0.24268472675117087,0.18052756678121598,0.5209214411953905,0.05
255,0.44139999999999996,False,0.0,0.4064,0.7053999999999999,57.25,0.0,0.5363234242537313,0.1064639252594374,2.4121562765906384,0.4011555758795395,3.0128404960825494,1.622897916881646,0.702860216850471,0.32522896976293714,0.8892736979686434,0.9129359957941671,0.05
256,0.4439,False,0.0,0.26580000000000004,1.0,94.5,0.0,0.40662192994383944,0.19221500814192663,1.911405275125361,0.22863921967876893,1.554700019666884,0.05777551122347137,0.2809677085165471,0.16129265446247382,0.0035000000000003128,0.010500000000000937,0.05
257,0.5018000000000001,False,0.0,0.349,0.8146000000000001,40.0,0.0,0.4351086443039443,0.07282618586367126,2.182761360794003,0.3770096197033982,2.3387589247099823,1.2109983934754731,0.4670738461643619,0.31486687440144434,0.5738097196077994,0.8877876209654085,0.05
258,0.4360500000000001,False,0.0,0.3282,0.8251000000000002,70.3,0.0,0.44553789605305827,0.175076913606066,2.124741381101848,0.3585410829976528,2.3907856677983426,1.2480938910448693,0.4645400703654293,0.33450120846684206,0.6302856677983428,0.9698023120643162,0.05
259,0.39299999999999996,False,0.0,0.1925,0.8609,66.85,0.0,0.31579624445847787,0.18984044894277444,1.908119104916112,0.3854982667568554,2.104374064973035,1.152652033113861,0.2742109741012557,0.2924540217454659,0.39345790071127296,0.7870449876096479,0.05
260,0.5397,False,0.0,0.3109,0.8693,25.2,0.0,0.4617626132265974,0.11554095997131048,2.1220044999906293,0.4144611791158346,2.279532517608662,1.346898095481166,0.40359766549554593,0.31853625760890997,0.38371611949778855,0.7722872882270456,0.05
261,0.46575,False,0.0,0.30229999999999996,0.9492,80.0,0.0,0.4330140901238327,0.12704253857952824,1.996363289133372,0.32449915023376114,1.8327224830457927,0.8732831753222385,0.3647525791578328,0.2715444475486712,0.10400000000000001,0.312,0.05
262,0.52395,False,0.0,0.309,0.8077,17.2,0.0,0.4050159588201262,0.12601497721070895,2.064605173336512,0.4264429712713482,2.249314303296662,1.1153587910908054,0.4422395704138807,0.3635611943474961,0.5134657102273077,0.7869410709235448,0.05
263,0.377,False,0.0,0.3679,0.6743,72.05,0.0,0.5054133797777162,0.03648525408418897,2.421017542084346,0.4037486329929456,3.2899827594502136,1.7943827139696207,0.6767118059535738,0.3220073852509698,1.0226252734961416,1.031297901893072,0.05
264,0.42765,False,0.0,0.35059999999999997,0.8653000000000001,90.15,0.0,0.4864381407213763,0.0372380012146171,2.1714744049495707,0.3752436248759664,2.229301519790409,1.499930287917384,0.483233573150906,0.27023534844327,0.36429491835019834,0.7311642234743794,0.05
265,0.4161,False,0.0,0.34409999999999996,0.8085000000000001,80.1,0.0,0.46476057899030404,0.15884734993040087,2.166781482151529,0.35522335039653474,2.365654172555022,1.35380257440897,0.5408787205051826,0.32992123527711326,0.5345138637298784,0.8208939435522247,0.05
266,0.55755,False,0.0,0.3199000000000001,1.0,51.2,0.0,0.4273401195191496,0.13999203553794598,1.963959275423862,0.2952791657787417,1.528,0.03213098193333031,0.31404490386529643,0.19977348605223003,2.471914747589472e-101,7.415744242768417e-101,0.05
267,0.42959999999999987,False,0.0,0.2909,0.8882999999999999,80.0,0.0,0.36095039024406705,0.2205367369030401,2.066896731663352,0.44498721809934755,2.2531198862376463,1.5367257851164906,0.4231278927987582,0.35595069119971134,0.3790760630612066,0.7595943520891756,0.05
268,0.55315,False,0.0,0.2263,1.0,30.0,0.0,0.3628702689290164,0.05798470680635181,1.7533860208372194,0.08545212422220287,1.5457444580078128,0.0442360971997538,0.16716070623328555,0.059706016426486444,0.0036000000000003356,0.010800000000001007,0.05
269,0.5253500000000001,False,0.0,0.32039999999999996,0.8903000000000001,40.0,0.0,0.4425808696225547,0.18996979659556137,2.0085707024818094,0.2825540459027372,1.9817656192369113,0.8262313816525033,0.4252973702745983,0.295340970221723,0.34691637896937044,0.6938558517689066,0.05
270,0.50305,False,0.0,0.3259,0.9401999999999999,65.0,0.0,0.4827896289962227,0.05178050299302234,2.0067639752702213,0.2230033122416848,1.8026898629720116,0.7692873159710035,0.353102592111235,0.20631895198057165,0.16060006310922717,0.4818001893276815,0.05
271,0.4694000000000001,False,0.0,0.2772,0.8664000000000002,51.2,0.0,0.3956984259481087,0.18133531721191284,2.0045514979292482,0.32071859536195724,1.995393337705543,0.9450881925364312,0.3865605795983464,0.2918489142246673,0.3271697719747167,0.6853611277170318,0.05
272,0.48755000000000004,False,0.0,0.2831,0.932,60.0,0.0,0.410941911384612,0.13370226353818598,1.9248951603055864,0.16718763100353165,1.7561364560520496,0.5513344301036694,0.34525086730191945,0.2292941045372658,0.0958468736312296,0.2875406208936888,0.05
273,0.4422499999999999,False,0.0,0.32739999999999997,0.8634999999999999,76.6,0.0,0.44851794518123533,0.05658469414981417,2.093550105257287,0.3274174368800646,2.4446700417613507,1.8360838959285235,0.4428676357224755,0.27599927756494047,0.4263402144909191,0.8355416215017404,0.05
274,0.4355,False,0.0,0.23560000000000003,0.9321999999999999,74.2,0.0,0.335610924895405,0.21893594186909834,1.8796765434592995,0.26031481018323116,1.7625377107191311,0.7224196235582225,0.28889926210274447,0.2463545487332455,0.18410560176599963,0.5523168052979989,0.05
275,0.46324999999999994,False,0.0,0.29829999999999995,0.8074,44.8,0.0,0.3902016042754661,0.12105913331163032,2.072531210564729,0.35693635027067866,2.307002804811126,1.1871888836667304,0.4550093133651476,0.32622750679934615,0.5556117102234432,0.8638546473523574,0.05
276,0.45620000000000005,False,0.0,0.2641,0.8115,40.8,0.0,0.38169841239997465,0.20043958549037477,2.045932677841093,0.3745981757271443,1.9469219163157792,0.6156493976634221,0.4077523784855819,0.34696604629589123,0.3212737543394469,0.5340424050359592,0.05
277,0.45085,False,0.0,0.3319,0.932,90.55,0.0,0.4285009306986744,0.1290644521455573,2.0328041817604054,0.23430122754360294,1.7380284633649814,0.6431656459835037,0.3914575018342659,0.22840274224233126,0.1741788813310159,0.5225366439930477,0.05
278,0.51075,False,0.0,0.22410000000000002,0.9974000000000001,50.0,0.0,0.3961957869369,0.12337202175070697,1.8072185461732695,0.12012360218055476,1.6522111111111122,0.33610044960134294,0.19360489852374557,0.0914301584315417,0.07980000000000088,0.23940000000000264,0.05
279,0.50615,False,0.0,0.3731,1.0,90.2,0.0,0.45192798624183805,0.04270093109077856,2.0537754735160623,0.19028557767792106,1.5485000000000002,0.048152362351186896,0.38303685748606436,0.138055858385003,2.562676110075969e-145,7.687995744295735e-145,0.05
280,0.4537,False,0.0,0.3031,0.8727,67.1,0.0,0.4598839700963495,0.15719301812639322,2.0775803694159043,0.31687272454458637,2.0470315557785272,0.8659042447688758,0.4216003191024999,0.27428270748994665,0.39176180870317445,0.7964039881885614,0.05
281,0.49610000000000004,False,0.0,0.27890000000000004,0.8733000000000001,40.0,0.0,0.44518043435470267,0.05704040317537017,1.9953180092041567,0.32582795356676486,1.99862620280168,1.0969288088872249,0.3710751696886397,0.29334162782619994,0.27559207790766616,0.6089669246044673,0.05
282,0.49440000000000006,False,0.0,0.3516,0.8172,45.0,0.0,0.47466716478935655,0.08539655929614509,2.284140936946426,0.4168541922814352,2.5920408944350113,1.696222478374397,0.5214302051772216,0.3367735552458859,0.6024186213916987,0.9403615674568431,0.05
283,0.46174999999999994,False,0.0,0.3336,0.8709,70.25,0.0,0.44430160090265947,0.14296214001435223,2.0616697198846734,0.24717744761818386,1.9414978119129036,0.8506464329219166,0.4458462037868373,0.255618029525875,0.24910198316694082,0.5367288618309978,0.05
284,0.52085,False,0.0,0.2751,1.0,58.35,0.0,0.42267822754766204,0.07790519803204266,1.9012262109987113,0.21137280126830565,1.5462000000000853,0.07186069857730228,0.2566849646685632,0.1281557756229444,1.2770868509129105e-151,3.831260552738731e-151,0.05
285,0.41774999999999995,False,0.0,0.2184,0.9371,80.0,0.0,0.329197265567385,0.18127734494011696,1.89768283499899,0.34279702128140227,1.9051005316174763,0.9767650683737731,0.26720009380412474,0.2651389984766544,0.21908254530315055,0.6572476359094517,0.05
286,0.45405,False,0.0,0.3118,0.9562999999999999,90.0,0.0,0.4944107297221878,0.17254094916046492,2.016335990136803,0.3466644782772222,1.6349534812198514,0.31181708507536127,0.3735503948428934,0.2716322587115479,0.07990023206270018,0.23970069618810058,0.05
287,0.43335000000000007,False,0.0,0.2831,0.8188000000000001,58.8,0.0,0.4223379662235523,0.19926431693431793,2.0258870801211364,0.37411508665027826,2.31076814367903,1.1018932083598056,0.4498128858079121,0.35359734642278207,0.5336583885754292,0.7313190405604203,0.05
288,0.4990500000000001,False,0.0,0.3467,0.9362,71.2,0.0,0.4971611981280667,0.052395806859479685,2.144374085037623,0.3182721701825361,1.6627772552806377,0.3441207019084893,0.42638837330226115,0.2297435804887628,0.07960000021064507,0.23880000063193518,0.05
289,0.42275,False,0.0,0.24959999999999996,0.8083,53.1,0.0,0.3780623189675895,0.18642006823957336,2.075020441193129,0.540354369414142,2.5609827359141493,1.6814667236977499,0.4507580844163847,0.43982074416313116,0.6325790247435484,0.9721996568874087,0.05
290,0.4413999999999999,False,0.0,0.3597,0.6657,35.65,0.0,0.49280357079274795,0.06231049083905184,2.283354215447903,0.31457404419042473,2.6974477476304073,1.2289214876912105,0.6811912083149949,0.32601970575099876,0.8394639487948752,0.8416860180896957,0.05
291,0.45075,False,0.0,0.3696,0.8119,70.0,0.0,0.393636677687006,0.13098417521286645,2.209888350546539,0.34863768715378246,2.448337176590639,1.5346958791286551,0.5406918641486412,0.3123200789162914,0.4432742131030375,0.7198557160874309,0.05
292,0.44495,False,0.0,0.3021,0.7926,51.2,0.0,0.39466931613329326,0.2057060300580107,2.086442601733901,0.36706719466810894,2.312025021440232,1.1447843744262272,0.4822079970872756,0.34715042429972987,0.5426330323594605,0.8326038519050353,0.05
293,0.511,False,0.0,0.3542,0.8277999999999999,40.0,0.0,0.48072095886523397,0.10999771507023637,2.159956629044403,0.4424845380934986,2.0373816512254987,0.8108442949201983,0.5086124199091719,0.3529601905240672,0.4339936636568858,0.7118247559613815,0.05
294,0.41670000000000007,False,0.0,0.32789999999999997,0.8155000000000001,77.5,0.0,0.4376494041248664,0.1530752895598477,2.094888574342647,0.31884358618341957,2.3713058402830183,1.4081109868917903,0.4985726622971545,0.3224249154507576,0.5604051229532182,0.8775515547262418,0.05
295,0.4038999999999999,False,0.0,0.3404,0.7654,74.5,0.0,0.48158228154362215,0.211789792379675,2.3090561033162826,0.4939862192340824,2.6728738504981973,1.4423750792381824,0.5733682577414022,0.3719384986358729,0.7013069960947993,0.864065767861628,0.05
296,0.48615,False,0.0,0.27199999999999996,0.9307000000000001,57.6,0.0,0.3865384737072589,0.18341037180349534,1.966596696945461,0.25316661921742906,1.7920424545751068,0.6425658972704879,0.342043170242012,0.24841863991660973,0.1966424545751068,0.5899273637253203,0.05
297,0.39039999999999997,False,0.0,0.2633,0.8379,80.1,0.0,0.3955256427678113,0.17228759110092495,2.026758649439847,0.2873797759632949,2.021641062128348,0.7534854357758038,0.41099526910842676,0.29632383410890684,0.3618544634725708,0.6251711929794462,0.05
298,0.5687,False,0.0,0.34550000000000003,0.8718999999999999,20.0,0.0,0.45944131372768177,0.07053476124098969,2.1064754535251544,0.28866127360430144,1.9875711995790315,0.8997001260547337,0.43215332769899534,0.2773072617459077,0.36613905102294647,0.732406492691379,0.05
299,0.4556499999999999,False,0.0,0.27809999999999996,0.8625999999999999,57.35,0.0,0.4320126782326639,0.14552984956676215,2.0613211254197177,0.4259683831190682,2.1914517072935906,1.331494373590405,0.3851738590389398,0.3075409854699264,0.38559488119417384,0.7846430865711278,0.05
300,0.4743999999999999,False,0.0,0.2869,0.8826999999999998,55.2,0.0,0.41731613306107984,0.14746424224069676,1.9744382188802008,0.35735372292836476,2.045684559461093,1.0358429732616974,0.3779325925129466,0.3112047698153169,0.39116014102811986,0.7901303780354587,0.05
301,0.41815000000000013,False,0.0,0.2851,0.7912000000000001,60.0,0.0,0.4524085159118279,0.04985965408407105,2.0986817152221326,0.37621480602287594,2.200567564847675,0.9430990126593778,0.4201656827818872,0.2972827426542871,0.5992309678514857,0.9159880587042498,0.05
302,0.4797999999999999,False,0.0,0.3442,0.9353999999999999,80.0,0.0,0.4176479895193367,0.1279781580289739,2.0339589640451767,0.2233586849785401,1.713129551097078,0.5305170083129951,0.40117174683400886,0.22234299134123903,0.1569466222954961,0.4708398668864883,0.05
303,0.4293999999999999,False,0.0,0.3356,0.8071999999999999,71.0,0.0,0.4345646845856971,0.03983492598783013,2.2230272169061758,0.416636702351407,2.4130637532416843,1.5248012058218328,0.5185251662950181,0.3340638515136903,0.47450320999349654,0.788582718099046,0.05
304,0.48425000000000007,False,0.0,0.2874,0.8861000000000001,51.25,0.0,0.4375153942762819,0.16502471473974942,1.9730554355651122,0.3712097974973525,1.832617807206697,0.6061462447719244,0.37226774777017574,0.3189499902468857,0.2551877046475667,0.553141408318218,0.05
305,0.4038,False,0.0,0.3155,0.7975,76.35,0.0,0.47183856394846513,0.17221003329989584,2.2051707405709227,0.39401384708142734,2.378956366215059,1.2775015547001292,0.4824946406975218,0.3008406765885205,0.5342388183135958,0.8001865726877776,0.05
306,0.40249999999999997,False,0.0,0.323,0.7956,78.4,0.0,0.4656757470540504,0.16713477980018895,2.101413558846308,0.28410436421948737,2.241475367283263,1.02872549201447,0.5201791939397961,0.2999909098640545,0.4906102170715643,0.7497633648698621,0.05
307,0.38974999999999993,False,0.0,0.313,0.8036999999999999,84.3,0.0,0.4568530712256324,0.13714700578660585,2.1946520181616913,0.5055036827268651,2.1083960906103583,0.8353882293850801,0.5256802508697143,0.36565019275638555,0.4524031496312123,0.6974546069759258,0.05
308,0.3969999999999999,False,0.0,0.2394,0.8745999999999998,80.0,0.0,0.36901341421423695,0.17336140071817394,1.952252200765993,0.3809317163391982,2.0817139574889905,1.120913063188548,0.3247378053803184,0.3114423196184287,0.3770389040956866,0.7542657353663307,0.05
309,0.5474,False,0.0,0.2521,0.8731,7.6,0.0,0.40347629102810423,0.11146935152270426,1.8836399899356373,0.3194188411055881,2.1314129865101856,1.150710409870461,0.2934592063922742,0.2975882947969415,0.38019832954407656,0.7612048690323039,0.05
310,0.40855,False,0.0,0.27070000000000005,0.9366,97.55,0.0,0.40898525750577763,0.20357398457902215,2.0063685811245286,0.30609182873187923,1.7895735621015252,0.7033894980497993,0.37316160589434694,0.2733221500174576,0.16263464366748,0.4879039310024401,0.05
311,0.3769,False,0.0,0.28680000000000005,0.7454000000000001,69.6,0.0,0.3870404638481205,0.13729550191772952,2.157604805337958,0.4672938279915074,2.8168665834698148,1.7092330698971039,0.47324606382004497,0.38363216951499224,0.8742944019041488,1.0930054347992277,0.05
312,0.48549999999999993,False,0.0,0.33899999999999997,0.8719999999999999,60.0,0.0,0.49182383456687917,0.06351309295228146,2.117936934399685,0.2908502033449456,1.8799560089257141,0.6757066758927124,0.46073318100350436,0.2793959677589052,0.23844870906620264,0.5081359534533615,0.05
313,0.4721000000000001,False,0.0,0.3266,0.898,70.1,0.0,0.4085694235530421,0.13483207865560815,2.140542602246471,0.43763600678988684,1.8781913228227947,0.7260455794119385,0.4527343002518841,0.3382492249043646,0.2301948465415317,0.4861300915719924,0.05
314,0.45979999999999993,False,0.0,0.33999999999999997,0.8103999999999999,57.7,0.0,0.42487212751308523,0.13558779176749888,2.233509442934951,0.43594129097911244,2.468097361112805,1.5376349963285807,0.5149140387003844,0.3245815653374684,0.6056080462942868,0.9400180906401991,0.05
315,0.41985,False,0.0,0.3084,0.8045,68.3,0.0,0.4003259367649705,0.13075718727108526,2.1704985598830726,0.427699270321494,2.170111068853794,0.8364577526069905,0.4892488541149652,0.35590181594184345,0.4177558723266445,0.6534607294640181,0.05
316,0.534,False,0.0,0.23899999999999996,0.9426,28.4,0.0,0.38005949856323235,0.13792495341890745,1.8266928358054453,0.27848577902611327,1.7762460523015817,0.729122313951031,0.24858856351875516,0.25271046545307335,0.20180223313322285,0.6054066993996685,0.05
317,0.55845,False,0.0,0.3601,1.0,60.8,0.0,0.4973274993142744,0.10987051974933298,2.00637115948971,0.2805914758971581,1.5366,0.023904811231214497,0.340245519456245,0.2149226357433932,1.0795210577189675e-79,3.238563173156902e-79,0.05
318,0.4406999999999999,False,0.0,0.24,0.8013999999999999,40.0,0.0,0.35767279391643403,0.21289521881983153,1.9754335412497475,0.4023150263880684,2.160424304250169,0.9342439212251046,0.4053923431983688,0.38086989202557564,0.4853065500476471,0.7319481141480212,0.05
319,0.4809,False,0.0,0.36669999999999997,0.8209,56.45,0.0,0.4239895391844787,0.06873531623686886,2.234871643032214,0.48407174809649667,2.5143332261644273,1.5058305599321677,0.5390846598019917,0.38359393014041826,0.552058073329782,0.8509618623155595,0.05
320,0.40025,False,0.0,0.3253,0.7952,80.0,0.0,0.39739648740393185,0.12418174211922732,2.1055150175047435,0.32370504733301114,2.2916731201778044,1.1760148392855014,0.49864687621586884,0.3067410879080059,0.5488216435213985,0.8480037217460918,0.05
321,0.4799000000000001,False,0.0,0.2885,0.8713000000000001,50.0,0.0,0.38227141063100917,0.12534341507912566,1.9882063952711637,0.319964626470104,2.124198666625859,1.180247707360633,0.37442736746424377,0.2959943767889642,0.36708260880880006,0.7484077273778044,0.05
322,0.47405,False,0.0,0.2596,0.9295,60.25,0.0,0.3945169068517516,0.1282635478199229,1.9161572332733599,0.2630386950078953,1.8399603034063703,0.8691398456455001,0.29620262383872964,0.24226727132152298,0.21692697007303607,0.6507809102191082,0.05
323,0.4442499999999999,False,0.0,0.3407,0.8676,79.95,0.0,0.43817644532138217,0.22231176897773594,2.2446725519304573,0.4303829094188843,2.1529553013030647,1.3776366070197843,0.4813272514995594,0.2906665769644106,0.39708156864202665,0.7996317739651441,0.05
324,0.50255,False,0.0,0.3846,0.8605,60.0,0.0,0.4582194939831473,0.1875222295832297,2.2292310033107645,0.4773856113731284,2.545363342186397,1.577051658394013,0.5173224871255345,0.37537257226580123,0.5962546576899993,0.9407644160628976,0.05
325,0.3736,False,0.0,0.33630000000000004,0.6336999999999999,55.7,0.0,0.4586768076818234,0.1623481089742543,2.3401640222206668,0.45147487617500764,3.0933430217960005,1.3216179663870853,0.6704404323403322,0.37757629154944033,0.9267792839991953,0.8406468267314358,0.05
326,0.46945,False,0.0,0.3202999999999999,0.8154,49.2,0.0,0.5184488709535194,0.08068133881279196,2.081737383858993,0.3310954198170138,2.2805699589193327,1.0366092150127963,0.4880752895908095,0.33925423892322465,0.49914082885056005,0.7625751856032114,0.05
327,0.48605,False,0.0,0.34400000000000003,0.9048999999999999,69.2,0.0,0.4311187358630194,0.2331673751924194,2.1947750837733713,0.5012626105213889,2.031669820948654,0.9782155543899717,0.4769539417755982,0.3617165719266416,0.3714130305595211,0.735852582201791,0.05
328,0.43255,False,0.0,0.2705,0.7976,50.75,0.0,0.3842609556932397,0.11349547138542575,2.102776608036955,0.4488048607176362,2.5851148797685983,1.548790977163407,0.4376573204400566,0.3513695023107097,0.6061733141080211,0.9288829800062949,0.05
329,0.51535,False,0.0,0.2739,0.8768,30.0,0.0,0.4091011421152443,0.10004139209715064,1.9934238190801767,0.351426827547342,2.065606121672249,1.0301296918716032,0.32048910700148503,0.32471101088433413,0.2574340404257345,0.5340491813525636,0.05
330,0.56365,False,0.0,0.3081,0.9312000000000001,28.0,0.0,0.46250902089633444,0.09537663866695495,1.9637561053621784,0.20263734844123568,1.7952469388239796,0.6959495950183517,0.34328976012514506,0.22756342416008118,0.2003469388239795,0.6010408164719384,0.05
331,0.37640000000000007,False,0.0,0.26940000000000003,0.8204,84.25,0.0,0.36791601926735423,0.17386723522051098,2.0605002753528234,0.42597702434627804,2.7088311664986846,1.7981862233831112,0.4353872221501648,0.3717464110807539,0.6138857347973146,0.9384147770286171,0.05
332,0.48524999999999996,False,0.0,0.36150000000000004,0.8304,55.35,0.0,0.4863156191617596,0.18221714203142342,2.2828032255940576,0.4258310170654053,2.4460643628983503,1.3215808992117017,0.5577379147790682,0.34191941518133123,0.561109384572399,0.8631406274246294,0.05
333,0.5596,False,0.0,0.3204,1.0,50.3,0.0,0.45909735100657534,0.07732037475620891,1.9942369049890876,0.26273081534340353,1.5371000000000001,0.04325378596146235,0.303097806425078,0.17388693519630266,2.751642025986823e-136,8.25492607796047e-136,0.05
334,0.43090000000000006,False,0.0,0.2615,0.8003,50.0,0.0,0.3578116946412243,0.16807102494274218,2.01653421185595,0.34288816220381396,2.28968231514641,1.1522680118448891,0.4489445502702997,0.3278744877624436,0.48744058551977343,0.7484571031027928,0.05
335,0.40479999999999994,False,0.0,0.211,0.9426,86.0,0.0,0.3132581495374635,0.2373295880894213,1.8779074081029452,0.3334000570446455,1.79333521106747,0.6812496155259115,0.27752175692069075,0.2876053965593317,0.17586011259905088,0.5275803377971526,0.05
336,0.38449999999999995,False,0.0,0.21950000000000003,0.8695,80.0,0.0,0.3153061621743671,0.22638506224950572,1.9350216192026555,0.31503335996477166,2.1071405863290655,1.2188747644458529,0.34555119138908824,0.32315002613380417,0.3531340945235429,0.7139115897101789,0.05
337,0.41214999999999996,False,0.0,0.25989999999999996,0.8071999999999999,60.7,0.0,0.3545120458989599,0.18092408467732693,2.1010487309539583,0.494530178240937,2.6556784992395768,1.7317930698680486,0.4227270475211329,0.36437006764938207,0.6372898280518653,0.9801135540128124,0.05
338,0.45624999999999993,False,0.0,0.29810000000000003,0.9343999999999999,80.0,0.0,0.45564992769128354,0.040945322497600814,1.9296855734439535,0.22410931049527236,1.7652427400490556,0.6314759163175038,0.33818911094200876,0.22962544617281544,0.17687383253060163,0.5306214975918049,0.05
339,0.43165000000000003,False,0.0,0.26739999999999997,0.7943,49.6,0.0,0.35821850742377387,0.171813974725118,2.032830513471791,0.35198146747795583,2.266863767323589,1.1023685963162835,0.4299441570928981,0.3433716721429918,0.5670105856065039,0.8689985542346523,0.05
340,0.46504999999999996,False,0.0,0.3044,0.8192999999999999,48.4,0.0,0.45056660962443135,0.05394970572171517,2.111591961524714,0.4476380314928084,2.300774030991853,1.190908955175619,0.4698387736281192,0.37758207199256033,0.5510021214076739,0.8446769563828158,0.05
341,0.44560000000000005,False,0.0,0.3045,0.7951,52.1,0.0,0.4877613166971323,0.09734420280781668,2.2352585157595906,0.5306693437050758,2.477316787089457,1.592714804984087,0.5460473129891071,0.39333601858529715,0.5024824520069406,0.8407592360444989,0.05
342,0.4035000000000001,False,0.0,0.34730000000000005,0.8209,90.3,0.0,0.41687769981018563,0.20324324189594545,2.2244354360200758,0.4436477133622858,2.579842632592777,1.6815651870526267,0.5419305976354218,0.35790902601492325,0.5773372412370424,0.9165111619250785,0.05
343,0.44975,False,0.0,0.3226,0.8699,73.25,0.0,0.4445586166662114,0.13413812300736616,2.070757510514808,0.32655578557966036,2.237426605932089,1.5190136505247867,0.4509859978502703,0.29700566561486286,0.419261651629914,0.8794191179608583,0.05
344,0.44750000000000006,False,0.0,0.35619999999999996,0.8198000000000001,70.25,0.0,0.45893290432445843,0.14842620762597572,2.1230489527827836,0.29821926846114555,2.4381008959933466,1.3001107797416804,0.5176455512446362,0.3074364787602844,0.5745182892829871,0.883413023092588,0.05
345,0.4557,False,0.0,0.2784,0.865,58.0,0.0,0.4088301994623603,0.19909652395101193,2.0874104297536467,0.38649143198802316,2.1926414616638485,1.0371910312671078,0.4175716621426805,0.3152628741732422,0.45957479499718124,0.7897705943145774,0.05
346,0.5732999999999999,False,0.0,0.3,0.9266,20.0,0.0,0.40811416958258473,0.0599191522760967,1.9767698602115569,0.3145257718610825,1.8796221982787114,0.7285131629403114,0.34422322331442123,0.27185974934159607,0.25949938946754614,0.5648535861947963,0.05
347,0.4616,False,0.0,0.28609999999999997,0.8835,61.6,0.0,0.3958566939556629,0.13727462425435877,2.0187840163284805,0.42031249493498735,2.0096578870063633,0.8865378634450373,0.3771970589089447,0.3428870219529806,0.3599553604571506,0.7200097179432213,0.05
348,0.43225,False,0.0,0.24779999999999996,0.9361,79.85,0.0,0.3613731165313254,0.20740745715734696,1.9608145082900292,0.3052424787033737,1.659062932778611,0.33453282831237285,0.32124165016594314,0.25951866399992923,0.08730316166702382,0.2619094850010715,0.05
349,0.4489,False,0.0,0.25359999999999994,1.0,88.95,0.0,0.3697488814982376,0.20621860163974262,1.9183839442926494,0.19211646387362838,1.5442888894187083,0.037517936713855206,0.2796060497121214,0.13375417625659003,0.0046000000000003495,0.01380000000000105,0.05
350,0.37275,False,0.0,0.3259,0.6996,70.0,0.0,0.45397651220408974,0.154288311305987,2.309530838273888,0.5610843735812809,3.182681258808343,1.8455401351454697,0.6152103643162092,0.41718899917371527,0.8446622533526131,0.8810548564265805,0.05
351,0.48164999999999997,False,0.0,0.3127,0.8798,57.3,0.0,0.4123973453509051,0.05384789913041953,2.069645744644135,0.4122383539150405,2.4539992682230274,1.864556034806109,0.40340486049146496,0.3228788926524325,0.4469106588774084,0.8999614161576165,0.05
352,0.4449000000000001,False,0.0,0.27070000000000005,0.8615,60.6,0.0,0.4036285347486931,0.13025009281411945,2.0194570275623063,0.3120090615613187,2.3269780486362803,1.5220300931549953,0.37642467010180125,0.2865945162970798,0.3741679902146624,0.7298477565846384,0.05
353,0.5670000000000001,False,0.0,0.3035,0.9329000000000001,25.6,0.0,0.40364173378356416,0.14293787976912414,1.9883497079362467,0.2819886751859504,1.8492887080011475,0.5356783380030564,0.35225780198228374,0.24922742460679287,0.20382147301423298,0.47022385889183954,0.05
354,0.56745,False,0.0,0.3349,1.0,50.0,0.0,0.4381963869791403,0.06755554193922687,1.9977285048936657,0.2553616240857341,1.5662000000000003,0.04901591578252927,0.346592765514291,0.2023148002788922,3.9655340728006187e-119,1.1896602218401857e-118,0.05
355,0.5040999999999999,False,0.0,0.36219999999999997,0.8854,59.85,0.0,0.4822824392960802,0.13599888783523795,2.193061824234832,0.3393217322181855,2.052836161349178,0.9102986089258367,0.48005869742235163,0.3121855620288075,0.36418754369878104,0.6913932765105267,0.05
356,0.5408,False,0.0,0.23079999999999998,0.9394,22.15,0.0,0.3810565936566951,0.19306592219149657,1.8815988637289387,0.3629057566905638,1.8157056656409996,0.7632898704611989,0.25528872327588165,0.26285239963094065,0.16752762146382566,0.5025828643914769,0.05
357,0.5136499999999999,False,0.0,0.2529,0.8623999999999998,22.0,0.0,0.38691883491868484,0.14694563157492388,2.00682493527668,0.44229619813308324,2.1371639064492216,1.303121084270673,0.35672818379335525,0.3472522226376272,0.3218987138514322,0.6455183432554559,0.05
358,0.45089999999999997,False,0.0,0.3168,0.944,89.75,0.0,0.445665651172323,0.13700828572510754,2.0426783820067484,0.3177414282341232,1.812064329267849,0.6857454795268982,0.3829921402174842,0.2545267743107193,0.17274135359944948,0.5182240607983485,0.05
359,0.4553000000000001,False,0.0,0.2414,0.9306000000000001,65.35,0.0,0.3394471721052187,0.20979432688009803,1.9096014292975092,0.2759386136841149,1.7643721630612283,0.7253735441549767,0.2792560049339265,0.2453120070136356,0.21467551198772736,0.6440265359631822,0.05
360,0.44914999999999994,False,0.0,0.2914,0.8773,67.6,0.0,0.38430617230088504,0.17468241305756968,2.0014567713889364,0.273788051268207,2.067349529613077,1.0053857535410518,0.40834257943236973,0.28261640185488335,0.32679990267523246,0.6537758445842423,0.05
361,0.51175,False,0.0,0.3644,0.8069000000000001,36.95,0.0,0.47809207867602704,0.07579718242505765,2.262255342283886,0.3904782764623508,2.396114967850508,1.4140075709852982,0.5363589603583699,0.3235823138033878,0.6331056195578537,0.9671711940254513,0.05
362,0.45189999999999986,False,0.0,0.289,0.9347999999999999,80.0,0.0,0.38615449987649336,0.18100757857972838,2.0548177952057034,0.3223573974559441,1.9226342360317308,1.1317944732860508,0.367516138375097,0.2396329016467737,0.18415708353003862,0.5524712505901159,0.05
363,0.4605,False,0.0,0.3582,0.8795999999999999,79.2,0.0,0.4930631540966231,0.08301288013661819,2.071141548379354,0.3266887374821711,1.9482488149999717,0.8555992240673737,0.44668666484269626,0.2678923441095435,0.3276004238004396,0.65523076908015,0.05
364,0.47805,False,0.0,0.32070000000000004,0.8068,42.85,0.0,0.3656531431985889,0.18296467393324456,2.1166274156189355,0.33326042852967286,2.167976268956145,0.9403320876727834,0.5021595878647943,0.3310608660693631,0.47476919499318415,0.7256737263731915,0.05
365,0.5649,False,0.0,0.3225,0.9420999999999999,33.7,0.0,0.4517995629775725,0.05438174066060853,2.0116956321854165,0.33067834047943023,1.7869758344811366,0.7439682925809207,0.3785305447531074,0.27484747195302084,0.1921758344811365,0.5765275034434095,0.05
366,0.4826499999999999,False,0.0,0.3117,0.9336,70.0,0.0,0.39246195544657836,0.1839692004972035,2.040935237559856,0.3263477660044227,1.7691747431808154,0.6229826029339446,0.3758862629040018,0.2626034016059225,0.17790836445030972,0.5337250933509292,0.05
367,0.46025,False,0.0,0.3276,0.7473,38.6,0.0,0.43165611210283955,0.07798603783871827,2.1835097988616483,0.41021355726401426,2.8514789578962083,1.6956045207348163,0.545990970703935,0.3638313441078137,0.724135110799361,0.8954598393812846,0.05
368,0.5295000000000001,False,0.0,0.2854,0.8754,25.45,0.0,0.43685051428837324,0.1288852322344259,2.012228781163656,0.3458719653910487,2.0181003620702676,0.8648239121257091,0.3380953736681501,0.3136004415830078,0.33261832820755555,0.6668323523019101,0.05
369,0.4375,False,0.0,0.3723,0.7523000000000001,62.4,0.0,0.49493153836157083,0.09444083465332917,2.273958074743967,0.34716889760396064,2.666837877876712,1.5267144225271865,0.6022185496442833,0.33047168072161537,0.8043221491241738,0.9994828463516894,0.05
370,0.45835000000000004,False,0.0,0.2411,1.0,81.1,0.0,0.3524391416641851,0.2076881787148999,1.901050487785555,0.2571602709101518,1.5627000000046287,0.07394869843872821,0.26601768394378,0.16363470574318512,3.946852812420738e-178,0.0,0.05
371,0.43325,False,0.0,0.3065,0.9466000000000001,96.65,0.0,0.4023284971967799,0.11944841534876864,2.0247637251937,0.33577159735964524,2.0072052246797147,1.4365196740721045,0.35877714820026035,0.26011509269874483,0.2729999817622021,0.8189999452866062,0.05
372,0.47739999999999994,False,0.0,0.27640000000000003,0.9343999999999999,64.0,0.0,0.3934688788472331,0.1906272101389641,1.9712514937575576,0.2713313095280828,1.8181777777796764,0.716531146882248,0.3277177288871431,0.23459629195098103,0.16170000000004173,0.48510000000012515,0.05
373,0.43294999999999995,False,0.0,0.2031,0.9347999999999999,68.0,0.0,0.32117553849616437,0.19809235306129389,1.882992555668526,0.3317382792117024,1.880118670753627,0.7651923484904033,0.2596750924491533,0.27076345814964287,0.094,0.282,0.05
374,0.46130000000000004,False,0.0,0.3675,0.8861000000000001,82.75,0.0,0.4716942487408569,0.03639838057625154,2.1732061590914364,0.39833705422973226,2.2060288491218376,1.3751805396222716,0.4657878939840422,0.2882975754297585,0.41449435575240273,0.8345987560056229,0.05
375,0.43784999999999996,False,0.0,0.22550000000000003,0.9301999999999999,70.0,0.0,0.30181459283105927,0.18065778202581576,1.867164551405068,0.21550281911764596,1.8394388708376952,0.7176019489326656,0.2713176554747916,0.22983675371355586,0.20733887083769523,0.6220166125130856,0.05
376,0.4614999999999999,False,0.0,0.25849999999999995,0.8644999999999999,50.0,0.0,0.37317609110260147,0.11958599570830292,2.0124787794089154,0.36974603440563863,1.9728891922950862,0.8771816448592027,0.32818341352946667,0.2940991092796552,0.3603681259963371,0.7213415880974695,0.05
377,0.49229999999999996,False,0.0,0.2992,1.0,78.65,0.0,0.3992335750392104,0.18869200320177462,2.0112026975370307,0.43200938597216476,1.5475,0.05757820768311568,0.33430188484348167,0.28795664162524104,4.9784121600955195e-61,1.4935236480286554e-60,0.05
378,0.47740000000000005,False,0.0,0.26599999999999996,0.9292,60.1,0.0,0.40595725230294144,0.13177463402506517,1.8746951356760804,0.1544716079351928,1.7309825672830699,0.5251903785626728,0.3002028107614537,0.22065118220331315,0.1559003063899487,0.4677009191698461,0.05
379,0.4937999999999999,False,0.0,0.25599999999999995,0.9315999999999999,50.0,0.0,0.3259659741057748,0.15909772172816916,1.9298301512840808,0.30718570373895604,1.7700225793408522,0.7109838519538623,0.2871774161957278,0.25704324968592696,0.16308870576744064,0.4892661173023219,0.05
380,0.49619999999999986,False,0.0,0.37829999999999997,0.9017,71.9,0.0,0.4665410773393058,0.06378140386756682,2.1606790051116254,0.4175741846090256,2.077311649368156,1.1120171355142208,0.4871195345089359,0.33553976709569916,0.33360475781528376,0.6686410248307643,0.05
381,0.3651,False,0.0,0.2902,0.8042,91.05,0.0,0.33743848021067235,0.20132367270212168,2.1891175009308577,0.4761763780822479,2.5568272299023795,1.5866354608502553,0.49308435018328495,0.3659499196584385,0.6124105798851922,0.9414274996523124,0.05
382,0.43789999999999996,False,0.0,0.315,0.7888,57.0,0.0,0.46054838575375034,0.08037789076901089,2.1807180515784035,0.3067964353221181,2.5191336341852044,1.6269631057598963,0.490445496572656,0.2791955923329269,0.5543608088794983,0.853024564073543,0.05
383,0.48185,False,0.0,0.3589,0.7904,46.4,0.0,0.4665670790232707,0.17187085438475727,2.2747690516785313,0.49939521977890233,2.3988739617254495,1.1055361577054623,0.5754422216210483,0.3983385009724684,0.6241577605369191,0.8178626647012691,0.05
384,0.4495,False,0.0,0.32839999999999997,0.8109999999999999,60.1,0.0,0.4630414083189535,0.06877717824805067,2.126653638366798,0.36085710538358784,2.096123986793309,0.881765327824095,0.46806865071007975,0.29453350537078915,0.43764107947344255,0.7167356090065643,0.05
385,0.51315,False,0.0,0.2153,0.931,30.0,0.0,0.31844851359914833,0.10334062389729066,1.8470254985479375,0.25055540944491805,1.7967616782039983,0.7114813561760354,0.2205653253928243,0.24530324480758253,0.17485659736534884,0.5245697920960466,0.05
386,0.43775,False,0.0,0.2833,0.8082,54.0,0.0,0.4297115200642441,0.11628816057020304,2.1026149123912345,0.4274710428785994,2.4222687904740474,1.5152651069881524,0.4437171773270376,0.35072761352477577,0.4531943538806596,0.7337648484895176,0.05
387,0.43025,False,0.0,0.21760000000000002,0.9425000000000001,74.9,0.0,0.30699056839428135,0.22279927634770638,1.924890696117886,0.4343721585389328,1.8648620369053988,0.9192661587262277,0.27939457543153695,0.2979797881277033,0.17676956461619758,0.5303086938485928,0.05
388,0.36960000000000004,False,0.0,0.24810000000000004,0.7329000000000001,60.45,0.0,0.35018136892428736,0.17237522336320818,2.113990742783338,0.41297213743716005,2.478992486933032,1.1511806586074789,0.5009020789634061,0.39090156291144124,0.7075947183833977,0.8699566331889628,0.05
389,0.4646,False,0.0,0.2693,0.8879000000000001,57.0,0.0,0.4270996551121584,0.14731618765049417,2.023546625141145,0.44067135696506887,2.3799444200140893,1.6284446671574944,0.3590747010664784,0.34605084117939383,0.4152840033474604,0.8357626669680998,0.05
390,0.46905,False,0.0,0.2901,1.0,88.0,0.0,0.40767002772403993,0.1286690254709403,1.911745239748155,0.12267910577406468,1.555900000956489,0.040436247112416106,0.28670849657855557,0.08860126930449899,6.06745448286136e-186,0.0,0.05
391,0.5702999999999999,False,0.0,0.2206,1.0,20.0,0.0,0.3746757699267425,0.04505389934675619,1.7687329372440388,0.07327672889360257,1.5634000000000001,0.062203215350976844,0.14808531817030074,0.06768811076590982,1.6330251987870391e-202,0.0,0.05
392,0.4403499999999999,False,0.0,0.30649999999999994,0.8078,58.4,0.0,0.43005677039900236,0.15218477901819916,2.1286820488024105,0.4321826338144183,2.2320984759616316,1.1167352328106812,0.4685426166373755,0.3556680326775098,0.5460994642788127,0.8397397245502074,0.05
393,0.38555000000000006,False,0.0,0.2834,0.7537,66.5,0.0,0.33493183284229594,0.2052026131399309,2.195613528083221,0.49300040781912396,2.5971367959173266,1.349974894041478,0.5273504699280349,0.40776417779714097,0.6983072592155484,0.8817627400080799,0.05
394,0.4124499999999999,False,0.0,0.2894,0.8154999999999999,70.0,0.0,0.41289658722757905,0.19564173811926586,2.0445503434935506,0.3335338590533974,2.320846487343315,1.176676303898645,0.44126465530081405,0.3400263632990915,0.559751995752823,0.8596639068036479,0.05
395,0.45604999999999996,False,0.0,0.2802,0.8718999999999999,60.0,0.0,0.42054430533082476,0.15315727924718808,1.9661419973753027,0.2648613411191678,1.8574466377308816,0.6739855470900794,0.36275568436891914,0.29227563657297145,0.2555632193646272,0.5543418197180873,0.05
396,0.45455,False,0.0,0.2539,0.8646,52.35,0.0,0.4069709689340321,0.10889548920981351,1.9774650574152015,0.35277809227898516,2.122959590725691,1.1933474039333336,0.3374441445402721,0.30626791905011835,0.3467491048906651,0.695916952911283,0.05
397,0.29115,False,0.0,0.23789999999999994,0.6628000000000001,79.6,0.0,0.32905880667924325,0.1884287653471539,2.062692636103193,0.42798250969929497,3.0160916259251667,1.5419113230624644,0.5232389139505231,0.40474325900363534,0.9066621989177281,0.916476214860019,0.05
398,0.4534999999999999,False,0.0,0.2743,0.8600999999999999,56.85,0.0,0.4036297615852319,0.1284214872848281,2.0417932551144924,0.4081638136831933,2.1376250151680947,1.419006533600371,0.38981707468024523,0.32670086622182193,0.330101448118178,0.6632680110044135,0.05
399,0.4761,False,0.0,0.25429999999999997,0.8179000000000001,30.0,0.0,0.3895297920840308,0.13128458892838724,1.988724283659245,0.4468219525807604,2.4964809748535233,1.517668190550703,0.3774469303059923,0.3802013262535862,0.5249646358439769,0.8214885967073077,0.05
400,0.5191,False,0.0,0.31189999999999996,0.9407,53.6,0.0,0.43919916655010527,0.05880348175957781,2.0174626569760505,0.3156841240926933,1.775874507601221,0.7260842243054098,0.34712650043091253,0.2669396507662403,0.205827058985988,0.6174811769579639,0.05
401,0.3771,False,0.0,0.3437,0.7373000000000001,81.7,0.0,0.4391762864639534,0.15296547151432013,2.267174254165077,0.37267375527185553,2.8940932164472533,1.7873589412034907,0.5877673162605432,0.31487862278188355,0.8585351416276751,1.071856700324162,0.05
402,0.48429999999999984,False,0.0,0.2562,0.9315999999999999,54.8,0.0,0.3626297515408713,0.17285428805146438,1.9203042405673973,0.24818132043867785,1.8345498454973896,0.8102123639657446,0.30147635978416043,0.22643175574393867,0.20654984549737576,0.6196495364921273,0.05
403,0.40815,False,0.0,0.1786,0.9480999999999999,77.6,0.0,0.28381263791005135,0.17314319129667388,1.8195764547345525,0.24534921477372923,1.6644250133938274,0.3325635134735998,0.2356691848828394,0.20484608082797318,0.08030000000000119,0.2392379777543714,0.05
404,0.4670500000000001,False,0.0,0.3247,0.8190000000000002,52.4,0.0,0.4034182192841819,0.07873030726984946,2.1554518889243983,0.44153750030289934,2.373274159178615,1.3472003435426207,0.4849738721023069,0.3409770904867807,0.4113795077299572,0.6502160203037829,0.05
405,0.46665,False,0.0,0.272,0.8613,50.0,0.0,0.41612223180093066,0.13167017496110328,1.95355999064111,0.2370291475435261,2.0163593282017733,0.9921164391635335,0.37182431221562445,0.2703693204266114,0.36615454404154757,0.7442131139235696,0.05
406,0.47345000000000015,False,0.0,0.278,0.8689000000000002,50.0,0.0,0.4014767577062413,0.2127963672077048,2.0571462299484153,0.38079191813767055,1.9009847998571245,0.7917662613853764,0.378502583877117,0.2975570745207965,0.24044515627920107,0.5137462303331867,0.05
407,0.5103,False,0.0,0.3649,0.9522999999999999,74.15,0.0,0.45893573021373946,0.07378005504072058,2.111490134377698,0.3730752050919823,1.8171540350860815,0.8828778279845076,0.42254949606903625,0.2654256052651282,0.20718736841941504,0.6215621052582451,0.05
408,0.4511,False,0.0,0.31339999999999996,0.8702,70.35,0.0,0.4435081463053133,0.13430950692459565,2.0696287876146338,0.2830389088154561,2.1762339237475583,1.1422456441070532,0.44216912753262455,0.27835572228446953,0.3471844727795895,0.695653192452581,0.05
409,0.5192,False,0.0,0.2953,0.9431,50.0,0.0,0.37878819422957966,0.1870300695052658,2.016351902596889,0.4255139954058162,1.8867843360644145,1.0634130495800933,0.36004528275256426,0.3361877184512486,0.1658580139196276,0.4975740417588829,0.05
410,0.4265,False,0.0,0.2251,0.9479,80.0,0.0,0.3350147596833654,0.20047580349114064,1.85780326837986,0.3007380961649119,1.7989742952452734,0.7504460124344715,0.26280683633342544,0.2659385811941226,0.1959259093886235,0.5483188268124727,0.05
411,0.46004999999999996,False,0.0,0.2958,0.9282999999999999,76.0,0.0,0.4132314645962583,0.13178313177664344,1.967382703994841,0.21363098973963496,1.9576762984698717,1.2010566761940347,0.34339114948160354,0.19482549144658362,0.21701078999136753,0.6510323699741026,0.05
412,0.482,False,0.0,0.29200000000000004,0.952,70.0,0.0,0.49480989729659025,0.06164128760211655,1.9803360987641665,0.40455297731034695,2.049810481442027,1.4181095995992934,0.33465905672289875,0.27880803217057554,0.30981048144202694,0.9294314443260808,0.05
413,0.533,False,0.0,0.26599999999999996,1.0,50.0,0.0,0.42524287255041615,0.07248183976762809,1.8597083777921406,0.17085289286302222,1.5072111111111115,0.013649623519431605,0.23797374940421023,0.11215042656858516,0.0005000000000002843,0.0015000000000008526,0.05
414,0.4373,False,0.0,0.3377,0.8169000000000001,70.0,0.0,0.4332814453747333,0.15565420124338733,2.1745027666346615,0.31651006396313364,2.1888655956795082,0.9614939517442582,0.4928597119795766,0.3023794463481308,0.356767972836311,0.585741505026806,0.05
415,0.4003999999999999,False,0.0,0.2895,0.7436999999999999,58.1,0.0,0.41328415141719443,0.1429096834769087,2.0779032463142455,0.3781202940160648,2.6225754602659412,1.36050580613108,0.5050515365797962,0.39395687508204136,0.6972489130511667,0.8572338128959391,0.05
416,0.4631,False,0.0,0.33249999999999996,0.7441000000000001,37.6,0.0,0.45230886814589094,0.07442992564359223,2.1940307305756748,0.4123336198641022,2.428111227681827,1.1151988060573164,0.5374644287048664,0.3552995813855787,0.6080562206496767,0.7540643897106564,0.05
417,0.412,False,0.0,0.22960000000000003,0.8756,70.3,0.0,0.29837438416278106,0.2189649593878711,2.0068107420352526,0.4841935695393053,2.261808161562867,1.4740262871352803,0.3564487102129622,0.36667838975642203,0.42143625197868706,0.84794826289884,0.05
418,0.45760000000000006,False,0.0,0.3326,0.6900000000000001,26.85,0.0,0.43940082392016677,0.07724002420737336,2.2420141025875884,0.46209248254545904,3.0896445206177474,1.7192180368416152,0.5597023827397547,0.3849348668775635,0.9784047634112744,0.9998338643079739,0.05
419,0.43094999999999994,False,0.0,0.2849,0.944,91.75,0.0,0.4242257669409238,0.14128295129204457,2.063223125980417,0.4146184715180414,1.9186418627346709,1.0908462713975158,0.3830727859480878,0.2910928686140399,0.20574186273467063,0.617225588204012,0.05
420,0.45515000000000005,False,0.0,0.30369999999999997,0.8066000000000001,50.0,0.0,0.4052768258691872,0.1481936519987673,2.075206615439865,0.30257963739720833,2.390408406497059,1.3480427763143965,0.4708021787971412,0.3229408750092279,0.46544748120173607,0.7705524692788747,0.05
421,0.5031999999999999,False,0.0,0.32989999999999997,0.9417,66.3,0.0,0.4942246808845259,0.07616104629657958,2.040354360716054,0.2610669427792871,1.7294816272435312,0.5569267129728694,0.3699919050203887,0.22872543602942436,0.16859010686383932,0.5057703205915179,0.05
422,0.43210000000000004,False,0.0,0.2538,0.9304,80.0,0.0,0.3945055643187171,0.20865209900962772,1.985643148924987,0.4107630989965047,2.000137877905121,1.331416181325778,0.3204433780117457,0.2743362514543739,0.19530174643319767,0.585905239299593,0.05
423,0.5306,False,0.0,0.3609,0.8795,44.8,0.0,0.4305417086778395,0.06703652460023338,2.1839275086258985,0.3958183511961491,2.055054691413127,1.0028816420358826,0.4704487824284816,0.3062060664325526,0.4108939105772553,0.8192271569372489,0.05
424,0.4416000000000001,False,0.0,0.3391,0.8713000000000001,81.8,0.0,0.4446647786390788,0.1459058790460642,2.187307323046878,0.3119734002473095,1.9704095810167916,0.884805647986043,0.4607298133926177,0.2623524059492775,0.3130661970683195,0.6268136905627295,0.05
425,0.50215,False,0.0,0.39999999999999997,0.9083,76.0,0.0,0.44824235273706253,0.041708664005258064,2.2596678394145986,0.4562452836971214,2.140691743384995,1.3516638489856827,0.5164673254067725,0.32556416864093396,0.3026584738058424,0.6649431891088619,0.05
426,0.5477500000000001,False,0.0,0.3792,0.9563,60.0,0.0,0.457506569134415,0.09840626871298368,2.077834145174969,0.3435637408165093,1.771200216687463,0.6296980030871813,0.4101849138130612,0.26363696641081,0.17566688335412978,0.5270006500623893,0.05
427,0.5045000000000001,False,0.0,0.3105,0.9385,60.0,0.0,0.43321069102092363,0.05456250024160417,1.9627879127060095,0.24393640637072916,1.829203215038876,0.891093115210057,0.3613277709529593,0.23178430773659925,0.16250124471442504,0.4875037341432752,0.05
428,0.46955,False,0.0,0.35419999999999996,0.8087,55.95,0.0,0.4653437473904116,0.16624880372909712,2.243953295561803,0.36644386202790935,2.4793385802642782,1.4701837364321577,0.5331246949010586,0.2898489129658522,0.5708347136787667,0.8826414420507118,0.05
429,0.38795,False,0.0,0.18,0.9303000000000001,83.6,0.0,0.2486198632994328,0.2186577377121045,1.813913529908108,0.3012104100192723,1.6940315859803523,0.47081619760558263,0.23293033336114632,0.25519796571068465,0.1548941728159562,0.4646825184478686,0.05
430,0.4928499999999999,False,0.0,0.39859999999999995,0.8673,70.05,0.0,0.49238897222905065,0.06272407660001485,2.18380783825189,0.20375942054981006,2.1817270233187425,1.0776189041085351,0.5239038635586584,0.21489200998574948,0.34745821861588755,0.6957317043762729,0.05
431,0.42245,False,0.0,0.2783,0.8615999999999999,73.75,0.0,0.39586901732997337,0.12135837170258128,1.9624250053215284,0.20841649221751896,1.9116665824527814,0.8439620914609937,0.38819228039875414,0.2646903701786436,0.2634214707888566,0.5755429367698502,0.05
432,0.48225000000000007,False,0.0,0.28049999999999997,0.9304,61.6,0.0,0.3967755638303019,0.09754411940383304,1.9509260568886,0.2670428243213478,1.756945754849312,0.6572871149892751,0.31805530540115223,0.20750265593592315,0.20621242151597863,0.6186372645479359,0.05
433,0.4928,False,0.0,0.2656,1.0,70.0,0.0,0.3751885242675489,0.1812303366084613,1.9301373352698707,0.24024779777140393,1.5473,0.05425873201614649,0.29042450346649196,0.15546034583881618,5.543082057935498e-179,0.0,0.05
434,0.46689999999999987,False,0.0,0.3217,0.9097,74.4,0.0,0.4305846636739218,0.20182118167672147,2.1362361674793036,0.4932702839919998,2.2052929521057836,1.3788180015091878,0.43006364368925143,0.35884585389523965,0.405295144549512,0.8131934719419411,0.05
435,0.60225,True,0.0,0.2445,1.0,10.0,0.0,0.36276584183137517,0.07819344295950731,1.8259233708999905,0.21027209408040948,1.5324,0.04460313890299649,0.17321452720978792,0.13189433772165157,1.111379361323066e-163,0.0,0.05
436,0.4987,False,0.0,0.1574,1.0,40.0,0.0,0.25334973639713004,0.14444670846451388,1.7150505516834067,0.08521441915456389,1.5385000000000004,0.06544348707090708,0.10666157466102393,0.05562134360356706,0.0004000000000002899,0.0012000000000008696,0.05
437,0.5303,False,0.0,0.2673,0.7933,0.0,0.0,0.3693119520600249,0.07115447825376223,1.9859520144383958,0.3267685175531245,2.3165338420360446,1.2238142258488505,0.3584714531609622,0.33153246827320515,0.5304403234602828,0.81471701391932,0.05
438,0.55865,False,0.0,0.23529999999999998,1.0,29.5,0.0,0.3349354123178177,0.11716350677472326,1.8335643655527427,0.18482276151124943,1.5201,0.032340222633742005,0.1760261505117615,0.12294315662717635,2.6497348693543973e-170,0.0,0.05
439,0.5541,False,0.0,0.22819999999999996,1.0,30.0,0.0,0.32978067492839186,0.11211790000911484,1.8245299064309186,0.18444808500479576,1.5306,0.03682987917438771,0.170351472644296,0.11274462765553957,2.9417966873915174e-186,0.0,0.05
440,0.40864999999999996,False,0.0,0.23739999999999997,0.7990999999999999,54.8,0.0,0.34930723477492637,0.19385752515861107,2.00716737523575,0.412782906863834,2.199298389856277,1.02877463856107,0.36358447612509426,0.34937484141760683,0.49911271347671954,0.7644746588457438,0.05
441,0.57095,False,0.0,0.1819,1.0,10.0,0.0,0.3015228582102172,0.09845256273149221,1.669638528657583,0.029243625386736825,1.5331,0.05181785406594921,0.10172380965465447,0.015848874942155897,1.694303259594532e-242,0.0,0.05
442,0.5390500000000001,False,0.0,0.2076,0.9297000000000001,14.8,0.0,0.3081645083681303,0.09039742898760565,1.8011038795081848,0.2041374196181015,1.7598416616566965,0.6651364815532601,0.1861133823665721,0.20851985953610613,0.1849416616566964,0.5548249849700893,0.05
443,0.54225,False,0.0,0.16450000000000004,1.0,20.0,0.0,0.2711478219154237,0.11216610375793656,1.7050040941338676,0.0691892040080241,1.5507,0.07611970835466991,0.09382003536391052,0.020976497862728306,2.6799606785520366e-242,0.0,0.05
444,0.5447,False,0.0,0.20940000000000003,1.0,30.0,0.0,0.30710911813632846,0.0984543869977215,1.7621760218658342,0.12000985326486686,1.577,0.05912021650839924,0.13981678592427052,0.0865790171483999,7.182120771814183e-190,0.0,0.05
445,0.5540499999999999,False,0.0,0.28049999999999997,0.9475999999999999,30.0,0.0,0.40400050642096896,0.13710358904552614,1.972899835329454,0.3718018341067166,1.7519934075640031,0.6430093463648513,0.27692832324844907,0.28141134626615566,0.16780003511657826,0.5034001053497348,0.05
446,0.5581999999999999,False,0.0,0.22449999999999998,0.9319,10.0,0.0,0.3552875595751884,0.11793229572181073,1.809933964651956,0.2025625843100569,1.6883885728659738,0.4591928155664144,0.22123365681605098,0.22165075638146275,0.1590682607377387,0.47720478221321616,0.05
447,0.4528999999999999,False,0.0,0.2608,0.8033999999999999,39.6,0.0,0.34758738822866864,0.13380088318196326,2.0557970120828637,0.40000378223723104,2.252740224954162,1.1376788808349492,0.36610537948892036,0.34409151218992806,0.5343479069640751,0.8290654093466826,0.05
448,0.54135,False,0.0,0.19370000000000004,0.9289999999999999,10.0,0.0,0.3016197395019824,0.09300572149270371,1.7536159435546725,0.1950177202506272,1.8196817143825783,0.8717134878100855,0.17209521725827792,0.21879373022415768,0.20928171438257825,0.6278451431477348,0.05
449,0.5925999999999999,False,0.0,0.2651,0.9376999999999999,4.4,0.0,0.4127767580654176,0.11977660637341403,1.9566794803027534,0.4048916654991864,1.8041610295194115,0.7406490045361295,0.2574647154393876,0.2593892808217913,0.2165407006287962,0.6496221018863887,0.05
450,0.3622000000000001,False,0.0,0.3263,0.7371000000000001,84.75,0.0,0.42104071109621366,0.15299580470585403,2.2526316157766155,0.3903382618962469,2.64940185114664,1.3582148697757739,0.5559195760733064,0.3457255384982324,0.7097107611685278,0.8731328655685434,0.05
451,0.56585,False,0.0,0.2517,1.0,30.0,0.0,0.3934568542998129,0.04485285055412792,1.8002046361163735,0.17913587063587352,1.5688,0.09121710365934671,0.18478784497779938,0.12819864459906416,1.2513019168649604e-148,3.7539057505948814e-148,0.05
452,0.5995,False,0.0,0.199,1.0,0.0,0.0,0.32859906274518236,0.023836371453658644,1.7305353670467152,0.045938224404327696,1.5892000000000002,0.08682833638853163,0.1058975442047595,0.0019849627918992535,1.0108464657248314e-242,0.0,0.05
453,0.5995,False,0.0,0.199,1.0,0.0,0.0,0.3205010948304906,0.014463082930475504,1.6908349895281796,0.035290690784659,1.5414999999999999,0.06397225961305415,0.10312228710813946,0.0009310310234306302,1.688167006259123e-242,0.0,0.05
454,0.54415,False,0.0,0.19780000000000003,0.9305,10.0,0.0,0.29790426135174874,0.0778882275746209,1.8257599389882806,0.3004358819887613,1.7515306626478075,0.6277729839320024,0.15735605110746112,0.1769721413602784,0.1890488843645244,0.5671466530935731,0.05
455,0.5995,False,0.0,0.199,1.0,0.0,0.0,0.3444094493778477,0.026090039122774546,1.754501830825938,0.030339706082620547,1.5402890625000005,0.055703530087061394,0.1143462157058073,0.015476361528734769,0.002800000000000324,0.008400000000000973,0.05
456,0.5708,False,0.0,0.18160000000000004,1.0,10.0,0.0,0.28894833702280553,0.0945351238957407,1.7155535132120476,0.05468440910060098,1.5486,0.05591636611941089,0.0999873272067496,0.01670558328503617,1.675323487668891e-242,0.0,0.05
457,0.55545,False,0.0,0.205,0.9459,10.0,0.0,0.33132891545229126,0.11149312690070498,1.812620843822447,0.3171218817621217,1.6430111111111114,0.3420151409903762,0.1807371738965524,0.22814730068768674,0.07980000000000008,0.23940000000000025,0.05
458,0.47184999999999994,False,0.0,0.2023,0.9298,47.1,0.0,0.2896194649806878,0.1330570346209764,1.859632910850662,0.3143953412676176,1.9571019786263786,1.1756014729177855,0.2121259728444552,0.23780450467642308,0.17183531195971183,0.5155059358791355,0.05
459,0.5009,False,0.0,0.2009,0.9320999999999999,32.8,0.0,0.2913513391633861,0.12870634571698553,1.815401812375153,0.2983972179737193,1.8221092954946638,0.7647303291842317,0.19753523455130825,0.22626871089758974,0.19277971605223101,0.578339148156693,0.05
460,0.486,False,0.0,0.2323,0.8631,30.85,0.0,0.38911791724418676,0.149855814511234,1.8812320665660742,0.27981747567881327,1.8828303730287292,0.6279282267264392,0.29432650615268685,0.28923357839033387,0.3205330783610368,0.6412157060987655,0.05
461,0.5561499999999999,False,0.0,0.2219,0.9304,10.0,0.0,0.35703552850774545,0.05082465186770423,1.8492878416006817,0.275726501238956,1.9786090387840392,1.310628191614134,0.2007159385898552,0.21581112846578707,0.1999985529490137,0.5999956588470411,0.05
462,0.5643,False,0.0,0.25939999999999996,0.9460000000000001,19.2,0.0,0.39551410194980113,0.07982993271320596,1.9043648460312763,0.3509595775471453,1.7845783702980562,0.6755273492994764,0.25881114805368605,0.27063133249299853,0.20557837029805598,0.616735110894168,0.05
463,0.44925000000000004,False,0.0,0.3015,0.8208,55.95,0.0,0.40646875288267453,0.14269928887578712,2.1978941584293668,0.5843114594236033,2.5963115334044735,1.6732833396621503,0.43577449610648233,0.37351663629012494,0.6322756522605871,0.9667634426493891,0.05
464,0.51285,False,0.0,0.2935,0.8941999999999999,40.5,0.0,0.39231598587217226,0.19499585744379025,2.0576837580048695,0.3787491002025605,2.0031968856960463,0.9485063663753436,0.3899065731993335,0.3243331632757025,0.3478553548506512,0.6957579312872634,0.05
465,0.5088999999999999,False,0.0,0.1872,0.9346,26.0,0.0,0.32083166423351617,0.1701463755516983,1.8465034598267374,0.3902766320160141,1.9816944458250396,1.364792205344895,0.20092547557059953,0.2841137577439259,0.20501641848128943,0.6061027140873616,0.05
466,0.5511499999999999,False,0.0,0.21020000000000003,0.9320999999999999,10.0,0.0,0.31071552464460683,0.10238481686307227,1.8502774491170775,0.3055192711826728,1.7314695478367632,0.5462265232904924,0.1838668446313813,0.20227554692195301,0.1696031872103554,0.5088095616310662,0.05
467,0.46955,False,0.0,0.2791,0.8231999999999999,40.8,0.0,0.383775644424487,0.20600477459629346,2.068032943880993,0.4368841620080845,2.1136788947865015,0.880895962163116,0.4081517398949102,0.36709845936877117,0.480800564006433,0.7345213792138683,0.05
468,0.5884,False,0.0,0.22890000000000002,0.9479,0.0,0.0,0.3711932539949153,0.09074986550887959,1.8321186894284964,0.3572142086296464,1.792756824667792,0.7466451221786767,0.21208393910629214,0.2813101194207736,0.17255682466779226,0.5176704740033767,0.05
469,0.6035,True,0.0,0.20700000000000002,1.0,0.0,0.0,0.3364891761947376,0.03792395847190285,1.713180821741209,0.054000172325338235,1.577602690841092,0.04100031795964455,0.11799323114712605,0.032284599717996965,1.3467328083080525e-225,0.0,0.05
470,0.57115,False,0.0,0.18230000000000002,1.0,10.0,0.0,0.3009094473003707,0.08495564218095152,1.7216348035533755,0.0652963214622451,1.6219999999999999,0.09823950325607317,0.10266736321754488,0.018132638940255484,1.9009781518827954e-242,0.0,0.05
471,0.52945,False,0.0,0.20940000000000003,0.9295,20.0,0.0,0.33445208445364766,0.1320347030187422,1.8127301011278192,0.2540685013665154,1.765076069233754,0.6727603928008176,0.20833774116592033,0.2471796517783428,0.21637606923375383,0.6491282077012616,0.05
472,0.5216500000000001,False,0.0,0.1927,0.9306000000000001,20.0,0.0,0.30599257869682744,0.09812849333441827,1.7938391481608538,0.2898021728811084,1.7802999993708233,0.6761362343925257,0.17318871466302344,0.2182969063960262,0.129499999452323,0.388499998356969,0.05
473,0.54505,False,0.0,0.2016,0.9285,10.0,0.0,0.3068275997236346,0.09141504546642809,1.8008093027546956,0.19869827813787796,1.7979475986329458,0.7781488510193005,0.1781243140917917,0.20743115662842762,0.1987364827909185,0.5962094483727555,0.05
474,0.57085,False,0.0,0.18170000000000003,1.0,10.0,0.0,0.2827339993767113,0.0825219554396909,1.7169589618145966,0.05348447530296044,1.5976000000000004,0.09158187593623539,0.09879959518349404,0.016004865970746587,3.032776407304148e-242,0.0,0.05
475,0.4975,False,0.0,0.22649999999999998,0.9285,40.0,0.0,0.305271800315989,0.09369198021352705,1.8395993335481458,0.22818646653060579,1.7842575556823572,0.6566393988924528,0.2133230779100756,0.20611172823142218,0.15462402625320498,0.46387207875961495,0.05
476,0.54225,False,0.0,0.1645,1.0,20.0,0.0,0.2623816047127722,0.11668921922234735,1.6941421550591547,0.05834980596106902,1.5164000000000002,0.02572236381050543,0.09494310764979629,0.021483412579171354,1.8848537077367143e-242,0.0,0.05
477,0.5995,False,0.0,0.199,1.0,0.0,0.0,0.30536574124039706,0.01576591148449607,1.7127118926639777,0.03528135375788707,1.5997864256117085,0.07603157612209609,0.10285905882737015,0.0015937770314355827,0.00030000000000043767,0.0009000000000013132,0.05
478,0.57075,False,0.0,0.18150000000000002,1.0,10.0,0.0,0.2781103264260378,0.0820791256928614,1.729770993376387,0.06354457155221711,1.5809777777777785,0.06422965739352036,0.09827790558579083,0.01591455587746923,0.012000000000000455,0.036000000000001364,0.05
479,0.57075,False,0.0,0.18150000000000002,1.0,10.0,0.0,0.2645720092687761,0.07679035970180731,1.7263750127548743,0.06272150338464179,1.5737,0.0803306292767585,0.09761499041323607,0.01654755646061589,2.006396660507389e-242,0.0,0.05
480,0.5581499999999999,False,0.0,0.1963,1.0,20.0,0.0,0.3188925132548964,0.10114274256665273,1.7442979215775725,0.0791488634201817,1.5771000000000002,0.0876429689136556,0.12741081083816855,0.06460157670991212,2.6128403160966726e-201,0.0,0.05
481,0.47645,False,0.0,0.2928,0.7401,20.0,0.0,0.4204459760763963,0.13856199610164735,2.133012715770305,0.39699969967460624,2.6418869118418193,1.2598676883845819,0.467240272591568,0.3724659052244167,0.6029603171879424,0.7721864499134791,0.05
482,0.57135,False,0.0,0.18270000000000003,1.0,10.0,0.0,0.2915404918286632,0.09059960389734499,1.6966810857182342,0.045692002145577254,1.5677,0.04828881858153089,0.1016922178157463,0.012167834559454404,2.351809685846385e-242,0.0,0.05
483,0.57195,False,0.0,0.1839,1.0,10.0,0.0,0.27613030378045744,0.0812127282319744,1.7489264526404527,0.05520006729294924,1.5426,0.04912677477710094,0.10049996460087236,0.01694890212146301,4.047482872339519e-237,0.0,0.05
484,0.54905,False,0.0,0.2029,0.9352,10.0,0.0,0.30528314290596914,0.10182303934659372,1.7963796731545343,0.23037533233220256,1.779320955996901,0.7373355701857204,0.18069871401590967,0.24118621739113788,0.186320955996901,0.5589628679907029,0.05
485,0.5140499999999999,False,0.0,0.1481,1.0,30.0,0.0,0.2426510789478556,0.1390099269629813,1.6867364676450154,0.06906870089433406,1.5420000000000154,0.062280012845251476,0.09190141262435196,0.024575425833529063,1.532103916427006e-242,0.0,0.05
486,0.5243,False,0.0,0.25999999999999995,0.8573999999999999,17.2,0.0,0.3683190324421537,0.0632934168840887,1.9261314215995131,0.27149888885161166,2.003100931146721,0.9057039852861262,0.2878380425156333,0.27153649445247835,0.31715937061665084,0.6348443184637788,0.05
487,0.48399999999999993,False,0.0,0.159,0.9289999999999999,30.0,0.0,0.2386052336413834,0.1343349864937367,1.7564971158861362,0.20266240032918434,1.8806408611517853,0.8932824477359164,0.15804472898807828,0.21573214656013484,0.16919878233611502,0.507596347008345,0.05
488,0.5709,False,0.0,0.18180000000000002,1.0,10.0,0.0,0.2776452685663112,0.081061142619163,1.712441282800679,0.05404463348568159,1.557000001017253,0.08497999768241658,0.09832460796743765,0.016035477808121576,0.004400000000000346,0.013200000000001039,0.05
489,0.53545,False,0.0,0.22889999999999996,1.0,39.5,0.0,0.36277501643050336,0.1241898746082166,1.844643072888094,0.2162520217119831,1.5252040579902784,0.03724015644276689,0.18192667629905385,0.12773236240667038,2.3534373430328312e-185,0.0,0.05
490,0.53245,False,0.0,0.23289999999999997,0.8720000000000001,10.0,0.0,0.3515617374913467,0.16010913248018088,1.9336823880874079,0.3620704718024717,2.035527696331957,0.9219938246570378,0.2783742353488795,0.31678222831821634,0.3879230786905301,0.7327228138690198,0.05
491,0.48400000000000004,False,0.0,0.2765,0.8115,30.0,0.0,0.4003630814759528,0.20651685096701425,2.0584432847413026,0.40649402432970816,2.350165556488398,1.2497347193022768,0.38356576109117396,0.3508555871074855,0.4322494656042772,0.6863961806476179,0.05
492,0.58735,False,0.0,0.21470000000000003,1.0,10.0,0.0,0.3411357278147789,0.03933500766411676,1.750015210326459,0.07670223830170989,1.5356999999999998,0.052589067304906645,0.12669733102722675,0.05337242890210853,2.4917987031483954e-207,0.0,0.05
493,0.5308000000000002,False,0.0,0.23820000000000002,0.9434000000000001,30.0,0.0,0.3327028814719615,0.12764271764003052,1.8854935111476832,0.3015845643259227,1.7848092813453982,0.7525111450042281,0.22908368659080783,0.2658692128055162,0.2040092813453982,0.6120278440361946,0.05
494,0.57105,False,0.0,0.1821,1.0,10.0,0.0,0.26632134540808916,0.07992786948523771,1.7249391474161861,0.05772775887256654,1.5268000000000002,0.036328501207729444,0.09854384483817874,0.012617210605868597,1.8010096048930724e-242,0.0,0.05
495,0.52445,False,0.0,0.22849999999999998,0.8603999999999999,10.0,0.0,0.3278584950595255,0.019279420458942594,1.866026825621932,0.2601601807663047,2.0399840440866845,1.0322659975484687,0.24817853766379788,0.2826262511870146,0.33342428834493126,0.6705392942111883,0.05
496,0.5782999999999999,False,0.0,0.23659999999999998,1.0,20.0,0.0,0.36511022098054646,0.05772029581024232,1.8286073266285048,0.17079529129906446,1.5733000000000001,0.06995434225264364,0.16392192819657575,0.09314715052202763,7.602827347727441e-187,0.0,0.05
497,0.5995,False,0.0,0.199,1.0,0.0,0.0,0.30782285451031016,0.014535751953573806,1.7123664452525174,0.04247404541821152,1.5198,0.04733877902945957,0.10343407336843928,0.0021458124877876644,1.9244953078902687e-242,0.0,0.05
498,0.57125,False,0.0,0.18250000000000002,1.0,10.0,0.0,0.2838124509841009,0.08411200685242373,1.7310184121124912,0.06806222409428911,1.570500000023479,0.05913586055073292,0.10028710794644247,0.013709254729679909,1.5835119847899628e-242,0.0,0.05
499,0.5995,False,0.0,0.199,1.0,0.0,0.0,0.2943628549324266,0.013218119282535235,1.7471358459476005,0.03598952037470957,1.6053000000000002,0.07955884614547902,0.10234428482797434,0.0021930836496417017,2.0313316419267875e-242,0.0,0.05
500,0.5709,False,0.0,0.18180000000000002,1.0,10.0,0.0,0.27999877939943485,0.07738134368393164,1.7085612115206956,0.05285421704134184,1.5857,0.07031649877518077,0.09755730762054496,0.01544597881322447,1.8210589351671345e-242,0.0,0.05
501,0.5327500000000001,False,0.0,0.24369999999999997,0.9418,30.0,0.0,0.3416898965370809,0.14607671581855294,1.9419372146592409,0.3850310248080573,1.881668834338861,0.9550631881935749,0.24927141671890446,0.29282759788562995,0.1786675636950927,0.5360026910852781,0.05
502,0.5421,False,0.0,0.1642,1.0,20.0,0.0,0.29510168820895694,0.13581825084933288,1.7199396829600502,0.07261474770447174,1.6755333333498914,0.30836130323274563,0.11247167959489149,0.053026975455426985,0.07580000000000084,0.22740000000000252,0.05
503,0.57085,False,0.0,0.18170000000000003,1.0,10.0,0.0,0.2731040579813052,0.08428074991441373,1.7191006972748792,0.06341598703878008,1.5730999999999997,0.08959179649945637,0.09925299669304385,0.016424811920880553,2.3447250660462442e-242,0.0,0.05
504,0.57105,False,0.0,0.1821,1.0,10.0,0.0,0.28347573818572036,0.08750469046379673,1.7018222614190825,0.057428764970456424,1.5422036131117078,0.05155195790503635,0.10034678454915702,0.016046879175986444,1.1353175295335855e-242,0.0,0.05
505,0.57075,False,0.0,0.18150000000000002,1.0,10.0,0.0,0.2787670666450422,0.08198969452343001,1.7025068387927818,0.039372075058578204,1.5877633717854818,0.0888230304182156,0.0974196301048769,0.016659295146814124,2.450200781574618e-242,0.0,0.05
506,0.5430999999999999,False,0.0,0.16620000000000001,1.0,20.0,0.0,0.25918585909578873,0.11994048631611448,1.701980946120359,0.06264118282638702,1.5403999999999998,0.048963659993917885,0.09715410529463633,0.022280130533694587,2.0674149794348682e-237,0.0,0.05
507,0.51755,False,0.0,0.2242,0.8669,14.0,0.0,0.30985421097317273,0.10634197505926242,1.9022043780554754,0.30133107498713124,1.9666031291414405,0.972835730985826,0.27213038934842365,0.30641976458611675,0.24531301909894015,0.5270589811858228,0.05
508,0.5995,False,0.0,0.199,1.0,0.0,0.0,0.29774628532462005,0.016104104825488977,1.7343630756320798,0.034352884607265516,1.5563888888888895,0.07208347784186063,0.10310499360469205,0.0023484720404997423,0.015400000000000502,0.046200000000001504,0.05
509,0.5576,False,0.0,0.22549999999999998,0.9297000000000001,10.0,0.0,0.33415393972677054,0.037545235741241925,1.8279464484630157,0.19745276488706986,1.7429786915319496,0.58239417791428,0.18386556274628915,0.17878823980469713,0.15842920466715232,0.475287614001457,0.05
510,0.5498999999999999,False,0.0,0.24699999999999997,0.8624,2.4,0.0,0.35362550478757004,0.05722681851149748,1.8907553363973946,0.28136598876635766,1.9710021169610723,0.9029671109356521,0.27297167062218936,0.2842904317802388,0.36369546898946536,0.7311906818029975,0.05
511,0.5995,False,0.0,0.199,1.0,0.0,0.0,0.31438986683748527,0.023429787459757677,1.7364889220582782,0.033059414504132,1.5782849431355799,0.06398388062834966,0.1128225984651485,0.02807823620870915,2.523697284609586e-242,0.0,0.05
512,0.47065000000000007,False,0.0,0.23399999999999999,0.7873,20.0,0.0,0.30760842263803906,0.09507618483684768,1.9700866228985283,0.315400306318371,2.249665209205477,1.0895565724042409,0.3413837723393123,0.331144856092365,0.486889701825392,0.745312320240228,0.05
513,0.57125,False,0.0,0.18250000000000002,1.0,10.0,0.0,0.2871527569850024,0.07908758299645188,1.704061220169725,0.05396144079810181,1.5504,0.06558383947284574,0.09918708510202971,0.014090989275836468,1.8431116086084773e-242,0.0,0.05
514,0.5436,False,0.0,0.16720000000000002,1.0,20.0,0.0,0.26125517140683024,0.11643397120223527,1.6964783591088466,0.04962104733259884,1.5658999999999998,0.05553098234319292,0.09652760886367598,0.0221252965715366,4.250436291822451e-237,0.0,0.05
515,0.56795,False,0.0,0.21590000000000004,1.0,20.0,0.0,0.3342414374182688,0.10769969111284963,1.7868995105388656,0.13700570849178753,1.5409,0.048529269518508084,0.15064263268630249,0.10291526689429618,9.193114640924639e-188,0.0,0.05
516,0.57075,False,0.0,0.18150000000000002,1.0,10.0,0.0,0.2664056609153081,0.0855305254769655,1.7205588071135716,0.06160914942994057,1.5870000000000002,0.11630391222998485,0.0970148208443882,0.016332983410241458,2.38226442150163e-242,0.0,0.05
517,0.4596,False,0.0,0.29219999999999996,0.867,60.0,0.0,0.4152312297600241,0.06242734758534917,1.9821920875294672,0.28409423783596865,2.2256801149953014,1.4140189371289167,0.36800037654534307,0.2911076380533952,0.36809968341936683,0.7396468441969359,0.05
518,0.514,False,0.0,0.14800000000000002,1.0,30.0,0.0,0.22805629364690297,0.13488781805400157,1.6634625878528113,0.054594076906701365,1.5841,0.07393301021871086,0.0900998078674312,0.024268354562760525,2.6452162366356083e-242,0.0,0.05
519,0.5393,False,0.0,0.2162,1.0,34.4,0.0,0.34803773110177766,0.11361536005188932,1.8013285987044863,0.11775738752899215,1.5659,0.08045054381419683,0.1629100707268565,0.07160178781695922,3.893434548732093e-209,0.0,0.05
520,0.5417000000000001,False,0.0,0.19660000000000002,1.0,28.3,0.0,0.31161017986290085,0.09963155304046313,1.758058137049203,0.09105913636535373,1.5766000000000002,0.06738130304468742,0.1262584906360235,0.06210243973206031,4.866794350704647e-210,0.0,0.05
521,0.48710000000000003,False,0.0,0.2036,0.9306000000000001,40.0,0.0,0.3112433261287918,0.14135731755753161,1.83669784470592,0.3032326652685354,2.0061771191308226,1.4295549633686113,0.20707164373292164,0.224726644913293,0.19999996662913094,0.5999998998873929,0.05
522,0.54325,False,0.0,0.16650000000000004,1.0,20.0,0.0,0.24594579277106376,0.10226906244851983,1.7221198923651198,0.06744195906082415,1.5362625000000008,0.04219769136161333,0.09654681441131881,0.02348111077365113,0.0016000000000004348,0.004800000000001304,0.05
523,0.57085,False,0.0,0.18170000000000003,1.0,10.0,0.0,0.2918701752694507,0.08473255965697485,1.7037822967446279,0.04603525635537739,1.5725,0.0828278334860933,0.09981160489241019,0.01607177014501202,2.9007385411523087e-242,0.0,0.05
524,0.5507500000000001,False,0.0,0.21270000000000003,0.9288000000000001,10.0,0.0,0.31941067502416026,0.032402374424796876,1.776685812826981,0.18430724537038992,1.841751667455826,0.854077847184272,0.17554892393659843,0.20428625197843642,0.1792359716039132,0.5377079148117395,0.05
525,0.50285,False,0.0,0.17650000000000002,0.9301999999999999,25.25,0.0,0.2755117412608216,0.1300612295226633,1.792859923538952,0.23586445945839443,1.8981994688827286,0.9639417518602992,0.16896309812545088,0.22862491704937024,0.18039946888272854,0.5411984066481855,0.05
526,0.5503499999999999,False,0.0,0.2712,0.8694999999999998,10.0,0.0,0.3985342413343134,0.11489895274974325,1.9604495417589933,0.32460084843800363,2.0092045414856243,0.9919720763317539,0.3215996021478985,0.3205283763895424,0.39437120815229076,0.7887758209750104,0.05
527,0.5907,False,0.0,0.199,1.0,4.4,0.0,0.3110827439168444,0.015800636331859942,1.7334011519436463,0.10262974656773213,1.5744000000000002,0.08455317853280338,0.12867140831275586,0.07281113311044024,2.8676013563769876e-242,0.0,0.05
528,0.5419999999999999,False,0.0,0.164,1.0,20.0,0.0,0.24581854714078782,0.10280153696503003,1.6769139735027931,0.054445945359030745,1.5513000000000001,0.05124070647444276,0.09375733861861564,0.021749480448149762,1.4751740068937373e-242,0.0,0.05
529,0.5422,False,0.0,0.1957,0.9287000000000001,10.0,0.0,0.3050259562951994,0.10229100069811285,1.7603646989235742,0.25488310111687723,1.863673817501865,0.9099154342290481,0.16697196184832408,0.20524601073084253,0.15865332534512486,0.4759599760353746,0.05
530,0.54235,False,0.0,0.1647,1.0,20.0,0.0,0.2622288649280005,0.11957456861499008,1.6828961589543272,0.04121325038391512,1.5585,0.06798860198592117,0.094538783579182,0.020775370918953526,9.744707251389368e-243,0.0,0.05
531,0.5425,False,0.0,0.165,1.0,20.0,0.0,0.2701218597694579,0.11968795304622193,1.6579570060390616,0.035773715801144086,1.5529333333333843,0.06557926501574368,0.09750367011564624,0.022733130126734485,0.00740000000000039,0.022200000000001167,0.05
532,0.54255,False,0.0,0.1955,0.9296,10.0,0.0,0.2896323154869814,0.09524525708234399,1.7647291663838256,0.20813623271163847,1.7674740326974754,0.6804160894539159,0.17195531668495143,0.22141499405547957,0.177542927478539,0.532628782435617,0.05
533,0.5995,False,0.0,0.199,1.0,0.0,0.0,0.2990200354678022,0.01174073527583568,1.7165785275609295,0.029599050355124872,1.5618,0.07931305062850624,0.10256251045296047,0.0027767114607631853,1.9391626725550564e-242,0.0,0.05
534,0.51225,False,0.0,0.1806,0.9319000000000001,22.0,0.0,0.2652180430818845,0.11576028562138807,1.7738985760308772,0.246639457830086,1.8698518889437488,0.9002430602371273,0.16640584462632976,0.21506089751669843,0.20005742472783594,0.6001722741835078,0.05
535,0.5995,False,0.0,0.199,1.0,0.0,0.0,0.3298966140471115,0.019721279329654152,1.7154384325827816,0.049230671076292115,1.5377,0.03606119798342813,0.10553937174879753,0.0030641552461954176,1.7121977043563114e-242,0.0,0.05
536,0.48525000000000007,False,0.0,0.2314,0.8605,30.35,0.0,0.3431718435104619,0.10754282827365204,1.9690514157833108,0.38756420822194637,2.1474754290388463,1.254833177248905,0.2773920782423796,0.2801459865098648,0.3608608694873564,0.7339708242561755,0.05
537,0.5423,False,0.0,0.16460000000000002,1.0,20.0,0.0,0.24093284239072282,0.11076238964718887,1.6880544153008668,0.059261694829664154,1.5516000000001056,0.056342168932609314,0.09359527579608778,0.020715450735909323,2.333831742529315e-242,0.0,0.05
538,0.57075,False,0.0,0.18150000000000002,1.0,10.0,0.0,0.30648527139343906,0.09200606070451307,1.7021544393794865,0.052432312602474725,1.5397,0.05424214228807709,0.10022901572845203,0.01738230025753718,2.2237051191232516e-242,0.0,0.05
539,0.5442499999999999,False,0.0,0.24010000000000004,0.9283999999999999,20.0,0.0,0.3108880137486778,0.11638226015099364,1.8550700260885171,0.3118467525988291,1.794604328294326,0.661779354788335,0.22702861313093287,0.2607386448786072,0.18177099496099267,0.545312984882978,0.05
540,0.5713,False,0.0,0.25390000000000007,0.9287000000000001,10.0,0.0,0.3704693713556057,0.05765197437201804,1.85703711726859,0.21988300650464013,1.9409555687168485,1.0512524543235846,0.23662683798598447,0.1896123471123936,0.17725676452939224,0.5317702935881766,0.05
541,0.4014000000000001,False,0.0,0.3068000000000001,0.736,60.0,0.0,0.4183735465865307,0.0651553156114599,2.1931805576713503,0.4202984903819697,2.6053056631369502,1.3138356114744563,0.4781968442263179,0.3487130027974919,0.4477845852784272,0.7071997217095812,0.05
542,0.58995,False,0.0,0.199,0.9808999999999999,0.0,0.0,0.3071394234244017,0.02540619550555867,1.7344816551603983,0.11785162448742706,1.641955555555557,0.33763460854730426,0.1257579455263897,0.06703137167034025,0.07990000000000086,0.23970000000000255,0.05
543,0.5421,False,0.0,0.1642,1.0,20.0,0.0,0.24991245738572201,0.09395932084764924,1.6998056716691017,0.06934060716961656,1.5751000000000002,0.08911616015067078,0.09317900955438078,0.02129774284060428,2.6706531762113246e-242,0.0,0.05
544,0.55465,False,0.0,0.18770000000000003,1.0,19.6,0.0,0.29220022945532176,0.09327010202001403,1.693694737317538,0.0475302868462631,1.5125,0.020392400545301188,0.10717527153603716,0.0331418767226618,8.645163309721743e-225,0.0,0.05
545,0.5421,False,0.0,0.1642,1.0,20.0,0.0,0.24473390687679025,0.11081437371977845,1.7037238287760672,0.07552331394578182,1.5846,0.07372950562698762,0.09343148468519932,0.02218455253388015,1.689207504762351e-242,0.0,0.05
546,0.5713,False,0.0,0.1826,1.0,10.0,0.0,0.2795492197596549,0.08113220757894943,1.6948723046467715,0.06328077591446767,1.5835000000000152,0.06190193858033393,0.1002634811195601,0.012888469187749323,2.2917987703485865e-242,0.0,0.05
547,0.5655,False,0.0,0.221,0.9339999999999999,6.0,0.0,0.35114510007439037,0.11773486355337287,1.825681704744134,0.23352729699509547,1.7860169804315376,0.7668890693303442,0.18711021330194763,0.2313470798394477,0.21241698043153745,0.6372509412946123,0.05
548,0.56485,False,0.0,0.18170000000000003,0.9879999999999999,10.0,0.0,0.2766369428158682,0.09057902335221489,1.712124137028765,0.09393376218960076,1.6617377276950431,0.3345659181562845,0.12176598749214378,0.06571354590714962,0.0902000000000014,0.2382539821283191,0.05
549,0.5784499999999999,False,0.0,0.23689999999999997,1.0,20.0,0.0,0.3386407740712401,0.053905904167299915,1.8425337671753184,0.13703529836495074,1.5887972389300669,0.06026606776041259,0.15986956127892202,0.10240363157922967,0.0009000000000004178,0.002700000000001253,0.05
550,0.5995,False,0.0,0.199,1.0,0.0,0.0,0.3029192854077586,0.015128490846902674,1.7164829206726355,0.035764087473381015,1.5386,0.05018406121469245,0.1037012503681299,0.003041302424857311,1.046641390888753e-242,0.0,0.05
551,0.58085,False,0.0,0.20170000000000005,1.0,10.0,0.0,0.3315952435300245,0.10999202225312683,1.745659384290639,0.16414502111551502,1.5518,0.05680105632820575,0.1300985695685946,0.08575367047118596,7.693431177861554e-191,0.0,0.05
552,0.5195500000000001,False,0.0,0.21550000000000002,0.8636000000000001,10.0,0.0,0.3111862895235124,0.10506991276363088,1.8843674083856485,0.3218880106116902,2.0245823560610985,0.9099423635440659,0.25570852941554756,0.309232558708763,0.3499424199752961,0.702856399581025,0.05
553,0.48675,False,0.0,0.1961,0.9406000000000001,40.8,0.0,0.28192660606075237,0.17946373320285453,1.852430707653617,0.3362293295169531,1.8165106036014893,0.7198461470149565,0.20677851059009034,0.24874954910259411,0.20099738580419357,0.6029921574125807,0.05
554,0.5713,False,0.0,0.1826,1.0,10.0,0.0,0.2646699618262898,0.06384727553418636,1.7023493756591244,0.06943793863759157,1.5359,0.06659947447240107,0.09851910543667952,0.014218673470250496,2.2209935729772146e-242,0.0,0.05
555,0.5995,False,0.0,0.199,1.0,0.0,0.0,0.3271229634879096,0.03523515369955534,1.7321939760416267,0.04897866213735,1.538,0.044613899179515804,0.11152927030485944,0.011810138990527443,3.023547707968349e-242,0.0,0.05
556,0.52945,False,0.0,0.20070000000000002,0.9381999999999999,20.0,0.0,0.32849542758559386,0.1178021436566782,1.8823355280140688,0.4982538158558918,2.0653832267584513,1.338552800444516,0.2082642401962001,0.30396657398333593,0.24469998836869328,0.6000856348615029,0.05
557,0.5709,False,0.0,0.18180000000000002,1.0,10.0,0.0,0.28365517632171444,0.07398937089488379,1.7063782571607693,0.041878506071982756,1.5485,0.06797683428933717,0.1050352289594683,0.011813393508861958,2.573155810899912e-242,0.0,0.05
558,0.5708,False,0.0,0.18160000000000004,1.0,10.0,0.0,0.2996211166028874,0.08834533678521705,1.7056825615573956,0.045560446955978474,1.5788001531251603,0.08069304817621793,0.10265905264857392,0.015059851953175128,2.3767013803972412e-242,0.0,0.05
559,0.6005,False,0.0,0.201,1.0,0.0,0.0,0.30626156054367093,0.02356908506678954,1.7313332458234054,0.03748676463759701,1.5785,0.0924437666908916,0.10649807691289123,0.005588487603066328,3.600496738379565e-237,0.0,0.05
560,0.5710999999999999,False,0.0,0.1822,1.0,10.0,0.0,0.2720126567378568,0.07909661392038385,1.7011838537655701,0.061802614155914155,1.5531000000000001,0.062578670487635,0.09930303710751352,0.014278770422448987,1.5113326579912357e-242,0.0,0.05
561,0.5428499999999999,False,0.0,0.16570000000000001,1.0,20.0,0.0,0.26883268373207564,0.0990052099711483,1.7084100711090087,0.06449838392084715,1.592000000000001,0.1111539472983328,0.09671073269206396,0.015972171070243454,0.026900000000000646,0.08070000000000194,0.05
562,0.51345,False,0.0,0.1469,1.0,30.0,0.0,0.22522997912183634,0.13001768381207934,1.6715996911835247,0.06828583762806098,1.5436,0.05181737160451118,0.087081614687923,0.024756037691380416,1.1492159230513102e-242,0.0,0.05
563,0.5995,False,0.0,0.199,1.0,0.0,0.0,0.31332918951869587,0.018441906622961034,1.707670050190806,0.049091425738635466,1.5478999999999998,0.04989879758070333,0.10357335173979006,0.0010035753770468977,2.512634835966227e-242,0.0,0.05
564,0.5995,False,0.0,0.199,1.0,0.0,0.0,0.3135010186215953,0.044572258410566945,1.7475345410072027,0.07644231216310458,1.5469,0.04928782811201969,0.1086269378481125,0.017724605698890804,2.847640708960328e-242,0.0,0.05
565,0.55755,False,0.0,0.1951,1.0,20.0,0.0,0.3149654462575276,0.1044540675010637,1.744843286487038,0.08115231701079577,1.5664,0.05999366633237211,0.12466592296078834,0.054755305439773264,1.216698597345407e-210,0.0,0.05
566,0.5710999999999999,False,0.0,0.1822,1.0,10.0,0.0,0.2705463907413555,0.07873155128020258,1.7093238233411374,0.06382511028456166,1.574900000000064,0.07299924657155084,0.10019975914872437,0.015108470672361232,1.97939309472948e-242,0.0,0.05
567,0.5433,False,0.0,0.16660000000000003,1.0,20.0,0.0,0.24384657660712872,0.10672776776183368,1.6951794069664659,0.06258756656854449,1.5429,0.04847360106284656,0.09687913112922536,0.01753588768707061,1.7217377454806631e-242,0.0,0.05
568,0.5708,False,0.0,0.18160000000000004,1.0,10.0,0.0,0.2768717196685393,0.08895730084557898,1.6945753894044884,0.05955477372298622,1.540761284722414,0.06848519723169465,0.09996772028949853,0.016648920554240512,2.4992558459435266e-242,0.0,0.05
569,0.5995,False,0.0,0.199,1.0,0.0,0.0,0.3035099896471853,0.016050292408788174,1.7399219778774806,0.04003503499299517,1.6126999999999998,0.11411752713759621,0.10438675236264201,0.002243227095497082,2.1553688146776896e-242,0.0,0.05
570,0.5679,False,0.0,0.21380000000000005,0.9283999999999999,1.6,0.0,0.3388611165042709,0.0491869585676863,1.8092192743331608,0.26161679975745983,1.8077346093635118,0.7541554516439164,0.1827388527550943,0.2221648255928161,0.16432608779028374,0.49297826337085127,0.05
571,0.5138499999999999,False,0.0,0.21879999999999997,0.9289,30.0,0.0,0.3215846363423369,0.1541382212611238,1.8607489628857787,0.2765694139093132,1.6896842455897143,0.5022128428767125,0.2173231853006506,0.22468286994356138,0.15430007587618486,0.4629002276285546,0.05
572,0.46445000000000003,False,0.0,0.26839999999999997,0.7933,33.2,0.0,0.35607986654934226,0.1318443528139238,2.02295622786026,0.3110039178767593,2.1345446645321156,0.9498814582435674,0.37865695002316097,0.3081889713202808,0.491881290694287,0.7520820270370205,0.05
573,0.5713,False,0.0,0.1826,1.0,10.0,0.0,0.26615267734206904,0.07395131193922456,1.6971510258439249,0.04134782459481997,1.5725,0.06946401946331641,0.09975045228772307,0.013781012750142844,1.594737132912164e-242,0.0,0.05
574,0.57055,False,0.0,0.21300000000000002,0.9281,0.0,0.0,0.3183430130247793,0.024409309689390046,1.7890551287238767,0.1954022400061768,1.88060495378016,0.9725523586975418,0.17381548615535808,0.19943172959853328,0.16020015721760933,0.48060047165282804,0.05
575,0.5147,False,0.0,0.242,0.8594000000000002,18.0,0.0,0.3305858550285216,0.1144911078603829,1.9371903310468823,0.32072515729463935,1.9685994863629372,0.7805690576034686,0.287929578249727,0.27262762564394205,0.3400170218958753,0.6811217252096904,0.05
576,0.41859999999999997,False,0.0,0.2836,0.8736,80.0,0.0,0.3510532909758918,0.16615160157988054,2.0227989701265856,0.34199213176764903,1.8517846286593245,0.6831893592833599,0.367764021703955,0.2846929426716685,0.33601719617782955,0.6736180656736767,0.05
577,0.57075,False,0.0,0.18150000000000002,1.0,10.0,0.0,0.28177429183176406,0.08573599126854226,1.7136578733334455,0.05039710327374101,1.5329444444828568,0.046580694652391536,0.09750318794628332,0.016273714186369442,0.005400000000000361,0.01620000000000108,0.05
578,0.5708,False,0.0,0.18160000000000004,1.0,10.0,0.0,0.28554624399854,0.08708561352038827,1.6908078535843831,0.04957811832954243,1.6442,0.1547338359894177,0.10001793733032009,0.014502584072412826,1.4682285518083118e-242,0.0,0.05
579,0.5379499999999999,False,0.0,0.19590000000000002,1.0,30.0,0.0,0.3152263076432987,0.10161558471080463,1.719890518404363,0.06116309688090802,1.5821777777785024,0.08509834833240192,0.12195552311143579,0.05297586678440509,0.006600000000000335,0.019800000000001004,0.05
580,0.5995,False,0.0,0.199,1.0,0.0,0.0,0.31089845815200384,0.026248496531200087,1.7272147346621651,0.04088812287668446,1.5874000000000001,0.0822838987894959,0.11162501819782852,0.020697313728173662,2.263396889067541e-242,0.0,0.05
581,0.5142,False,0.0,0.24450000000000002,0.9503,41.6,0.0,0.3338884720798582,0.1288968575115365,1.8918094595773727,0.35980414049407017,1.7403683305863695,0.6872352821553266,0.23275277789364832,0.26145296708508875,0.2048349972530358,0.6145049917591074,0.05
582,0.5426,False,0.0,0.1652,1.0,20.0,0.0,0.26480244067385794,0.11229780351500368,1.6963997804619466,0.0601220456738809,1.5382758680557471,0.04795121433729143,0.09433350259369652,0.019579473838070856,1.7117025841848865e-242,0.0,0.05
583,0.57205,False,0.0,0.2879,0.9362,20.0,0.0,0.3721087785529527,0.10361609520340456,1.9931174918339587,0.38476154533480883,2.007915573798679,1.010086212900709,0.2930803483515084,0.29721960524881447,0.2345000000074892,0.5074893595146024,0.05
584,0.5995,False,0.0,0.199,1.0,0.0,0.0,0.29421956767613106,0.016928031311829607,1.6970105007974923,0.03031862094004701,1.5446000000001,0.05107680491199172,0.10338407887159047,0.0017848056755054003,2.236170407867897e-242,0.0,0.05
585,0.51795,False,0.0,0.23620000000000002,0.8647,16.25,0.0,0.3610585608631417,0.07583154735203075,1.9356868769023379,0.37990366057370517,2.0272921184661237,0.9205270072247118,0.24903165860734872,0.28385881968815246,0.3808364004786412,0.7648849303792169,0.05
586,0.5422,False,0.0,0.16440000000000002,1.0,20.0,0.0,0.264570814433541,0.12128473019468562,1.6981161492455477,0.051627235162819106,1.5569000000000002,0.07896765160494518,0.09735872150858263,0.023728974403958707,2.9929071911573685e-242,0.0,0.05
587,0.5709,False,0.0,0.18180000000000002,1.0,10.0,0.0,0.28714036776328733,0.08118587093965697,1.7129299838894714,0.051394343740504424,1.5627999999999997,0.057788926274849564,0.09807495617419024,0.01555006034689814,1.7098131289819612e-242,0.0,0.05
588,0.47515,False,0.0,0.21280000000000002,0.8574999999999999,30.0,0.0,0.29422527975726115,0.13698145201220482,1.8813096274568792,0.26547078752844955,1.9781628774415352,0.8963245881805847,0.26009598414704127,0.28191595313775886,0.3510476578359093,0.7068246061720171,0.05
589,0.5051000000000001,False,0.0,0.2008,0.9294,30.0,0.0,0.3055615290396928,0.14067982538035212,1.8104354591108838,0.23138149989544396,1.8060617026030266,0.7573303266418201,0.19414929135015713,0.2142484220302594,0.19396645055743658,0.5818993516723098,0.05
590,0.5708,False,0.0,0.18160000000000004,1.0,10.0,0.0,0.28763807308348693,0.0884061664662626,1.7037714955149024,0.05064762102027206,1.5694,0.08308694241576112,0.09907105574361355,0.016401596887940184,2.0629208723336933e-242,0.0,0.05
591,0.5278999999999999,False,0.0,0.2136,0.9301999999999999,22.0,0.0,0.31138446532494746,0.15121489704691374,1.88739297051642,0.31475028285495815,1.8012110086253592,0.7406933113677011,0.2181684597503127,0.1913151090534252,0.05,0.15000000000000002,0.05
592,0.4823000000000001,False,0.0,0.15660000000000002,0.9280000000000002,30.0,0.0,0.2486492875529674,0.14088974658533487,1.7361960001929322,0.19070147998394008,1.891708433522945,1.0331301106365032,0.15862569762065853,0.21548754745929893,0.16444471667875737,0.4933341500362722,0.05
593,0.3791,False,0.0,0.2846,0.6731999999999999,49.9,0.0,0.40611929008109265,0.12054468983188989,2.2350947859818597,0.4472517676478605,2.945646331069245,1.3759096512097762,0.5403942463443013,0.39035192645025824,0.9509343693307155,0.9807222185868841,0.05
594,0.5710999999999999,False,0.0,0.1822,1.0,10.0,0.0,0.2825080788754057,0.08070252874584954,1.695739582797998,0.042663501782509126,1.5467,0.053527656403022164,0.09914375850402825,0.014202538536602985,2.8575041998169194e-242,0.0,0.05
595,0.53375,False,0.0,0.2549,0.8126,0.0,0.0,0.3852796241203903,0.11685217204718923,1.9979241262535097,0.4286971062139205,2.3830642605455914,1.2806808155788807,0.36454866045076384,0.37534202687252416,0.46642783130990795,0.771362531135801,0.05
596,0.5709,False,0.0,0.18180000000000002,1.0,10.0,0.0,0.2680437097663003,0.07303855850768808,1.7249690998093485,0.06395496457636364,1.5612000000000001,0.05407735200617721,0.09802005664938963,0.015673388654172102,2.92182545087516e-242,0.0,0.05
597,0.54925,False,0.0,0.19640000000000002,0.9420999999999999,10.0,0.0,0.30130361575534753,0.09596991624233815,1.7882046533959137,0.3224435462853138,1.6607111111111112,0.33338832213101516,0.17534266354905265,0.23078384485695938,0.07980000000000004,0.23940000000000017,0.05
598,0.54705,False,0.0,0.231,0.9542999999999999,22.8,0.0,0.3606793382423853,0.1639744727461089,1.877529640381761,0.48688244816050996,1.8986081095988392,1.1009310470832905,0.2232530143286108,0.29588415433272064,0.1686276507748362,0.5058829523245086,0.05
599,0.52735,False,0.0,0.17470000000000002,1.0,30.0,0.0,0.27602399308933484,0.12188938638953083,1.7379242273965398,0.09088204953509031,1.5364,0.0616979740348093,0.11066944270337353,0.05353737969375793,9.50545768002648e-213,0.0,0.05
600,0.4992000000000001,False,0.0,0.23880000000000004,0.8764000000000001,29.2,0.0,0.34873125104003605,0.13856955892458894,1.980001351857619,0.45176377630648207,2.3010738938512594,1.5240069493131927,0.28000864349967747,0.32635976746655615,0.3998686509337469,0.7997373557608684,0.05
601,0.57075,False,0.0,0.18150000000000002,1.0,10.0,0.0,0.2849431704227403,0.08454452091956245,1.6871421243092357,0.05023438075274863,1.5725222222222228,0.0780348141679234,0.09917041054623153,0.015585053125874996,0.012100000000000435,0.0363000000000013,0.05
602,0.57075,False,0.0,0.18150000000000002,1.0,10.0,0.0,0.29843767161180057,0.09211283704198168,1.7239973801840176,0.055219374736383345,1.5442999999999998,0.049451086944575846,0.10050768997069189,0.017810322702424213,2.2297622065021735e-242,0.0,0.05
603,0.5708,False,0.0,0.18160000000000004,1.0,10.0,0.0,0.2789132637488395,0.08207973354272034,1.7298938380857307,0.05319163328852701,1.5487,0.05914904902025055,0.09795737439447445,0.016625382349426676,1.7662110883137156e-242,0.0,0.05
604,0.5722,False,0.0,0.18440000000000004,1.0,10.0,0.0,0.28673062370136976,0.08214286432256449,1.7210176911773363,0.062459897097304866,1.5540260416666678,0.0772757314119,0.10188616902364486,0.01564076001302496,0.012000000000000725,0.03047622023808203,0.05
605,0.5424,False,0.0,0.1648,1.0,20.0,0.0,0.2683201596353546,0.10802598769054995,1.6868844355604273,0.05708875574396566,1.5602,0.07353883327875144,0.09599208446821754,0.022069453812643657,1.8227022451508723e-242,0.0,0.05
606,0.5422,False,0.0,0.16440000000000002,1.0,20.0,0.0,0.2383246023720266,0.1066902605547657,1.684167466824658,0.05062882149215484,1.5648,0.08352580439600692,0.09226606418093386,0.02132867031697302,1.0366650870794065e-242,0.0,0.05
607,0.5995,False,0.0,0.199,1.0,0.0,0.0,0.30993726149579365,0.014331610395736437,1.7320407403712845,0.04365066262947357,1.5320000000000003,0.030410524493997136,0.10429599248692442,0.0018022959358540889,3.342052336133758e-242,0.0,0.05
608,0.5710999999999999,False,0.0,0.1822,1.0,10.0,0.0,0.28745538834141204,0.08372593943770261,1.6950509154086046,0.05947519566514146,1.5563091696845162,0.08395729307466422,0.09946649443314418,0.014604353441442034,2.3648107482312582e-242,0.0,0.05
609,0.6005,False,0.0,0.201,1.0,0.0,0.0,0.32368795925087046,0.032815586228859335,1.7351680927801774,0.05152555607571891,1.5957006258800628,0.0820770471755454,0.11009708909135751,0.00953339935160591,5.972204606138497e-237,0.0,0.05
610,0.5268,False,0.0,0.26420000000000005,0.8742000000000001,21.2,0.0,0.3967867616300783,0.12324653422445249,2.0075901709074566,0.3952420073432964,2.183310250572581,1.32756517664316,0.30363135555370524,0.3218789317269404,0.2688299264928451,0.6518609060610842,0.05
611,0.57575,False,0.0,0.1915,1.0,10.0,0.0,0.314719621012429,0.0994179755536469,1.7086769879979677,0.05990556261015966,1.5229009094238282,0.05086893311081079,0.12004139009075987,0.05173169960523617,9.338901102904863e-217,0.0,0.05
612,0.571,False,0.0,0.18200000000000002,1.0,10.0,0.0,0.28719515621967745,0.0902879467270527,1.684592252910851,0.058137489658036196,1.5403000000000002,0.08113821541049573,0.1012195414557657,0.01677443800479148,1.584553475996101e-242,0.0,0.05
613,0.5135000000000001,False,0.0,0.14700000000000002,1.0,30.0,0.0,0.21855386542204153,0.118564184232115,1.6833473386435744,0.06785874751218535,1.5513,0.06467773960181356,0.0869804954276017,0.02434172673123844,1.6562103935462842e-242,0.0,0.05
614,0.5995,False,0.0,0.199,1.0,0.0,0.0,0.3119106335505931,0.01765809647791359,1.7241283835970915,0.03516652780598286,1.5838999999999999,0.05176185854468519,0.10328664968315818,0.0014508101187915927,2.4349339092902695e-242,0.0,0.05
615,0.5424,False,0.0,0.1648,1.0,20.0,0.0,0.24258893794110775,0.1058724632375586,1.6878207581254419,0.0634241204597903,1.5486,0.09303784176344598,0.09309624874572678,0.018980945650082067,1.3963242763402775e-242,0.0,0.05
616,0.53625,False,0.0,0.231,0.9503,27.2,0.0,0.3407338330099391,0.1574081281203096,1.8631107034770005,0.3985756707366628,1.7559519985520382,0.6909023771414857,0.22155273336731668,0.29007798295037973,0.1688186652180741,0.5064559956542223,0.05
617,0.5134000000000001,False,0.0,0.14679999999999999,1.0,30.0,0.0,0.21858563262657243,0.12851817994767886,1.6838677711052277,0.07093328615353878,1.5187,0.029779355265015385,0.08688502651498678,0.02477486511776709,2.1982047365151654e-242,0.0,0.05
618,0.5995,False,0.0,0.199,1.0,0.0,0.0,0.30954768084112466,0.019309060149622814,1.749366191406978,0.0515618524767005,1.5748000000000002,0.0662235607620128,0.10480753636568399,0.0036005613672268418,2.8155818436182366e-242,0.0,0.05
619,0.5995,False,0.0,0.199,1.0,0.0,0.0,0.3154520677862653,0.023433963369211868,1.7142332928638386,0.036238559983440145,1.5464,0.0626692907252029,0.10595903226611832,0.006046940267867826,9.702088907051301e-243,0.0,0.05
620,0.57635,False,0.0,0.1927,1.0,10.0,0.0,0.28546161477186605,0.08473642855365697,1.7593575931817937,0.1275197117914504,1.5753,0.051819011955073005,0.11474148996602558,0.05464043371547106,2.950034359043736e-210,0.0,0.05
621,0.5145,False,0.0,0.149,1.0,30.0,0.0,0.24434315000309653,0.13891501631617467,1.6813165474853093,0.07151664045689349,1.5164,0.019334942461771087,0.09172641553674146,0.021344943309941238,1.7076607398660571e-242,0.0,0.05
622,0.5486,False,0.0,0.21679999999999996,0.9315999999999999,12.8,0.0,0.32247265259877933,0.10727015335114509,1.8556307373055998,0.27389491215799083,1.766093967393174,0.7171529735839781,0.22842127372238777,0.23018375637645672,0.18369396739317406,0.5510819021795221,0.05
623,0.5708,False,0.0,0.18160000000000004,1.0,10.0,0.0,0.2630363422177291,0.07528617427463692,1.7292768712535067,0.051890870427202286,1.5711,0.06708718208421038,0.09676191552251731,0.016054656125692738,1.8820737365556514e-242,0.0,0.05
624,0.5384,False,0.0,0.2668,0.9475999999999999,34.4,0.0,0.36790128299517794,0.13599529899720708,1.9815135470719796,0.445815764142872,1.8849938774036552,0.9625550816455436,0.27225883257296635,0.28426325789020046,0.17829244592391497,0.534877337771745,0.05
625,0.5424,False,0.0,0.1648,1.0,20.0,0.0,0.26471659710826534,0.12316836349299465,1.750612622352309,0.09806802718710532,1.621577777777779,0.13102605338888568,0.10767498151121842,0.04798595986135619,0.025500000000000626,0.07650000000000189,0.05
626,0.6005,False,0.0,0.201,1.0,0.0,0.0,0.3348267810697864,0.03759899063295355,1.7338952461895336,0.0399541616733858,1.5207000000000002,0.038343317540348594,0.10761637848551142,0.006086449431776135,4.551768901974148e-237,0.0,0.05
627,0.5995,False,0.0,0.199,1.0,0.0,0.0,0.3189358574115545,0.021338528539933222,1.722123912918337,0.029270395295749933,1.5486085069547098,0.05892462427205561,0.10307830694669932,0.0011534111339873182,2.950878617327276e-242,0.0,0.05
628,0.5995,False,0.0,0.199,1.0,0.0,0.0,0.3168165364940544,0.018966477570762513,1.7034065931840465,0.033571512583808104,1.5463,0.0450289906615727,0.10469650243098767,0.001464804161509489,2.4886545844023645e-242,0.0,0.05
629,0.5995,False,0.0,0.199,1.0,0.0,0.0,0.32893793847729913,0.04814259566475707,1.723200521693333,0.05361857595924004,1.5557,0.05536614489017636,0.10909770319477778,0.016097283128902146,2.762923515375801e-242,0.0,0.05
630,0.57085,False,0.0,0.18170000000000003,1.0,10.0,0.0,0.2913250084831992,0.0940289499038385,1.7102505019301724,0.059929136397787436,1.5382000000845841,0.05152824487364977,0.09874695262281825,0.015454929063711499,1.5172146832680762e-242,0.0,0.05
631,0.5413,False,0.0,0.18750000000000003,0.9350999999999999,10.0,0.0,0.2953987374241123,0.096996856403704,1.7532260702899172,0.1624529125789043,1.6920555659448369,0.3254355093498417,0.15868290974557175,0.18368662496036367,0.0799,0.2397,0.05
632,0.5115,False,0.0,0.2136,0.8654,14.0,0.0,0.31396295338662894,0.11467832943287838,1.8680738599906488,0.2949667339925718,2.0497933552914116,1.037495325668442,0.24405159097667256,0.29050340161963495,0.3299605326038789,0.6599387350463559,0.05
633,0.4996499999999999,False,0.0,0.24919999999999995,0.7948999999999999,11.2,0.0,0.34397897106573316,0.05624750012475962,2.026148123398937,0.40825076340969807,2.206334674766032,0.9875650994785691,0.3230586278072628,0.3309141012227999,0.5218460490318331,0.8028178063562535,0.05
634,0.5709,False,0.0,0.18180000000000002,1.0,10.0,0.0,0.2726566434662878,0.08147200501391656,1.700803953047523,0.067816040128103,1.5745,0.05215985045990836,0.09803155847803943,0.015398249231812131,1.6334516692260041e-242,0.0,0.05
635,0.5709,False,0.0,0.18180000000000002,1.0,10.0,0.0,0.2851297697712493,0.08219910076514686,1.691371572631112,0.04979612672099159,1.5540999999999998,0.06823994431416253,0.09902595488887768,0.015845078247954083,2.270377927769766e-242,0.0,0.05
636,0.5216000000000001,False,0.0,0.24839999999999995,0.7948000000000001,0.0,0.0,0.3716412937752192,0.12890495152823123,1.9280329499255253,0.34772976302436426,2.237558195540221,1.1391097633789569,0.322584813137453,0.32990198187881276,0.48290029644146976,0.7377171790625969,0.05
637,0.514,False,0.0,0.14800000000000002,1.0,30.0,0.0,0.24465908185178847,0.13756434152759578,1.6645430417230767,0.05278058853277952,1.5348000000000002,0.038863350344508364,0.09184253224579583,0.024767159535363358,1.7345281446231255e-242,0.0,0.05
638,0.54225,False,0.0,0.1645,1.0,20.0,0.0,0.25229894117951257,0.11027361953272395,1.6828485967805507,0.06278893303907084,1.5675,0.0562107640937214,0.09302245117500714,0.020561310983130066,1.6866182720800164e-242,0.0,0.05
639,0.54005,False,0.0,0.26230000000000003,0.861,10.8,0.0,0.3628606898646708,0.0554113448981655,1.9902116825337306,0.3343518381647557,2.0182406364152428,0.9156528006099787,0.2940763436834029,0.26493804641341673,0.3540062269139385,0.739197234648104,0.05
640,0.49694999999999995,False,0.0,0.24430000000000002,0.7928,10.8,0.0,0.34019437171303213,0.10226762402844654,1.9366047128562531,0.29725726467318314,2.217379369744556,1.023389603800056,0.3150821715207196,0.3191355901354173,0.5333168960061867,0.823812084057286,0.05
641,0.5052999999999999,False,0.0,0.3021,0.8748999999999999,41.6,0.0,0.4341160333795708,0.10080513857976503,2.0769496291440324,0.515755888361229,2.002465088333241,0.8933521156441131,0.3896983019743847,0.3597348128541573,0.4071317549999078,0.8147138861802501,0.05
642,0.57075,False,0.0,0.18150000000000002,1.0,10.0,0.0,0.2993279877108571,0.08411785209019135,1.6785386030904164,0.04664183115918533,1.565400006828871,0.05714928389847901,0.09848988125400596,0.017069841685780844,2.3407036907923504e-242,0.0,0.05
643,0.568,False,0.0,0.22519999999999998,0.9507999999999999,10.0,0.0,0.3574371125777912,0.15058668814442636,1.880335561974198,0.408418363754207,1.8448182620058915,0.8419148841642612,0.21754360907423695,0.2869318039351507,0.24346268067993643,0.7191261569909058,0.05
644,0.57075,False,0.0,0.18150000000000002,1.0,10.0,0.0,0.266910212944162,0.07686457112086076,1.710448705132693,0.058483773091115306,1.516,0.019687559523719526,0.09700988125783933,0.01644203578032706,2.3551905011843904e-242,0.0,0.05
645,0.36995,False,0.0,0.2818,0.6580999999999999,50.0,0.0,0.40218143268088946,0.16709343489673642,2.1912771933620956,0.38937535904006276,2.8893594874899016,1.4970732041442218,0.5054021119917229,0.3414224331622824,0.9544882582605958,0.9655500973414429,0.05
646,0.5995,False,0.0,0.199,1.0,0.0,0.0,0.3083705021639399,0.025236463141727828,1.7157402641942927,0.04867942174902736,1.5677999999999999,0.09326714319630472,0.10290818922865119,0.0027769338315732786,2.0721927593407258e-242,0.0,0.05
647,0.48445,False,0.0,0.1995,0.9294,40.0,0.0,0.29105418469775846,0.12233002160962522,1.8046345388206373,0.21136374212268247,1.8042839930770391,0.7544452946584068,0.1969047018863192,0.21274586024418152,0.17246788890718426,0.5174036667215528,0.05
648,0.57185,False,0.0,0.18370000000000003,1.0,10.0,0.0,0.3023178213944829,0.07894536397659123,1.7197422021300306,0.05950617855201867,1.5683,0.07444064749852729,0.10165454244904326,0.017170948386184264,4.992356652198658e-237,0.0,0.05
649,0.5157,False,0.0,0.1514,1.0,30.0,0.0,0.24921709778107903,0.14217233122392817,1.7032851672199598,0.08394116597550134,1.5408000000000002,0.04755375905225577,0.09239448999538993,0.028178145284852466,6.355094011562931e-237,0.0,0.05
650,0.5562,False,0.0,0.19240000000000004,1.0,20.0,0.0,0.29554198995625947,0.09617799701219572,1.7138747155102916,0.07366277984336016,1.5444,0.07098337833605832,0.11546886758206414,0.047000810806895714,7.252088699087176e-218,0.0,0.05
651,0.57085,False,0.0,0.18170000000000003,1.0,10.0,0.0,0.280458202603812,0.08682968428183441,1.7074735425303094,0.05705405718140827,1.5723,0.043811071660026776,0.10320104777582781,0.021185001648447964,1.6118980953745892e-242,0.0,0.05
652,0.5422,False,0.0,0.16440000000000002,1.0,20.0,0.0,0.2509610431780673,0.10702077935608231,1.6807330525731534,0.04894850198724375,1.6154,0.06746880760766419,0.0938743296051132,0.021041852607667322,2.581159116745606e-242,0.0,0.05
653,0.46770000000000006,False,0.0,0.28629999999999994,0.7291000000000001,20.0,0.0,0.3722286081819727,0.049550420392947915,2.1415925627618773,0.39222968254344703,2.5003222864810932,1.1742952752491358,0.4033363921309053,0.3254338140618284,0.6283089338037506,0.8103480735079881,0.05
654,0.5995,False,0.0,0.199,1.0,0.0,0.0,0.31014558422313643,0.016079992969372063,1.7255919070766932,0.041512766639565664,1.5815000000000001,0.07529575021208035,0.1051765139449905,0.005189459860372322,1.7888530565247612e-242,0.0,0.05
655,0.56275,False,0.0,0.23129999999999998,0.9469999999999998,13.2,0.0,0.33575054552754174,0.1376738568758255,1.8723746523785185,0.3893142761773754,1.8594492083106278,0.9431305041181419,0.22221653794816917,0.2830257744544621,0.19532172297763065,0.585965168932892,0.05
656,0.57795,False,0.0,0.24989999999999996,0.9460000000000001,10.0,0.0,0.3475353881091589,0.07772233581364701,1.9157285331399532,0.3447932159603035,1.7951342163438504,0.7434503499183653,0.21757166748717366,0.25160386505851656,0.17325549794896764,0.5091892145923433,0.05
657,0.5419999999999999,False,0.0,0.164,1.0,20.0,0.0,0.25296651844895973,0.11710560803457787,1.6926918296054765,0.06316817006921983,1.5234999999999999,0.03091358924486121,0.09348476782876658,0.023045989156926287,1.8781706378379298e-242,0.0,0.05
658,0.56045,False,0.0,0.1897,1.0,17.2,0.0,0.28382408043063556,0.08238759310096579,1.7168325471306214,0.054509591926583674,1.5402000007602905,0.04850319514086328,0.1124174845587731,0.03479860751652609,8.645150251594773e-225,0.0,0.05
659,0.56095,False,0.0,0.2648,0.9371,20.0,0.0,0.377871563092212,0.08843086802779712,1.9330486209911437,0.34978709288498927,1.7709517950082776,0.7233018761688528,0.25844713666936936,0.26232572257342773,0.15543389519972708,0.46630168559918117,0.05
660,0.57125,False,0.0,0.18250000000000002,1.0,10.0,0.0,0.2843036734673521,0.07997838321412057,1.7021208441489928,0.04698163735303382,1.5689000000000002,0.07472141593947483,0.09934763089688446,0.014153826218806245,1.8831026676874093e-242,0.0,0.05
661,0.5995,False,0.0,0.199,1.0,0.0,0.0,0.3296187854318656,0.01980040774749981,1.7194194820791768,0.04397310019373324,1.550400000016394,0.05039880955093032,0.11349801870795521,0.023918607474052667,2.63745368933967e-242,0.0,0.05
662,0.5709,False,0.0,0.18180000000000002,1.0,10.0,0.0,0.28312496277365184,0.0887177987840397,1.69833483054737,0.045059354016981946,1.5855000000000001,0.06914802961762544,0.10037076072189341,0.016276106329423803,3.1166117885011244e-242,0.0,0.05
663,0.57095,False,0.0,0.1819,1.0,10.0,0.0,0.30448777152171347,0.09046473166599804,1.7151238883225308,0.07584683380850295,1.5356999999999998,0.06112454498808153,0.10351546862021666,0.02119434914122119,2.3326963324713127e-242,0.0,0.05
664,0.51145,False,0.0,0.2105,0.9324,30.0,0.0,0.31550931310654967,0.11985553747461473,1.868963196150883,0.3945590948060181,1.7278673694070403,0.540617389197396,0.1942833943311206,0.23225476347177867,0.16890844023797952,0.5067253207139386,0.05
665,0.57125,False,0.0,0.18250000000000002,1.0,10.0,0.0,0.3084892506021513,0.08054950408922754,1.7023002915611651,0.03909484924911984,1.590500000000001,0.15504531595633878,0.11517190411532734,0.01644446826467921,0.03590000000000076,0.10770000000000228,0.05
666,0.50405,False,0.0,0.19160000000000002,0.9285,28.0,0.0,0.2677661005027178,0.12214010638318923,1.8055426804161772,0.20072913218775099,1.7188063995399787,0.5560310119009667,0.18038492945530105,0.20356713376239483,0.16201414352858093,0.4860424305857428,0.05
667,0.5076499999999999,False,0.0,0.1918,0.9435,30.0,0.0,0.28274502250249023,0.15446311400580362,1.8260896091010916,0.3838283850329246,1.9651387990641194,1.2175837624426715,0.18267012803402838,0.2597685931033963,0.20045640364491463,0.6013692109347438,0.05
668,0.4684500000000001,False,0.0,0.3214,0.7355,30.0,0.0,0.4285375777816826,0.11193563505122163,2.2007974357044504,0.3976427429382644,2.5848891298994223,1.31756184568304,0.4843531446035666,0.33151710839031945,0.6961301228824325,0.85849937398279,0.05
669,0.54335,False,0.0,0.16670000000000001,1.0,20.0,0.0,0.25995588966294847,0.11305139979401274,1.6972422707404669,0.0628603956436421,1.5637,0.08279619556477216,0.09629711537650265,0.021742032637116517,3.5091368136333256e-237,0.0,0.05
670,0.571,False,0.0,0.18200000000000002,1.0,10.0,0.0,0.2906202128324094,0.08724679841291579,1.7113873704536466,0.056907424137650854,1.5434,0.052877594498993596,0.09946735243790199,0.0155705831577044,2.8047269625608196e-242,0.0,0.05
671,0.5995,False,0.0,0.199,1.0,0.0,0.0,0.2961640176853163,0.016733567396135487,1.707561998764487,0.049241579866280985,1.5558999999999998,0.061586443313443595,0.10402732709742465,0.00116984480693419,2.050866761583644e-242,0.0,0.05
672,0.4920999999999999,False,0.0,0.2394,0.8623999999999998,29.4,0.0,0.3407095768860509,0.11783271652597098,1.9672848287958935,0.38077461218276015,2.256680833829245,1.395728510466564,0.3016514370507936,0.3111200511535581,0.36865379440292145,0.7429685739467554,0.05
673,0.5452499999999999,False,0.0,0.20180000000000003,0.9286999999999999,10.0,0.0,0.28976934987746455,0.08849744212359102,1.7935408294703357,0.17135114209699204,1.725655397200336,0.5509816018243365,0.17358366305141,0.19814261043256995,0.15395903486387535,0.4618771045916261,0.05
674,0.57075,False,0.0,0.18150000000000002,1.0,10.0,0.0,0.3054618592198869,0.09728652803189856,1.7256945123483216,0.05338278325149462,1.5669000000200641,0.08451916944513713,0.10289162628369501,0.021435991060397286,2.2134924353945246e-242,0.0,0.05
675,0.57075,False,0.0,0.18150000000000002,1.0,10.0,0.0,0.26594510715503056,0.08576771756757326,1.7220443746997525,0.05884560671534586,1.5210000000000021,0.021600925906082705,0.09777382253030734,0.016727427492735168,3.10596909200545e-242,0.0,0.05
676,0.54315,False,0.0,0.19560000000000002,0.9307000000000001,10.0,0.0,0.299446251742275,0.09725578512789967,1.792082022077737,0.24233003454800042,1.7874468754546815,0.7836459337038603,0.1556714866466412,0.16855764704609966,0.05,0.15000000000000002,0.05
677,0.5424,False,0.0,0.1648,1.0,20.0,0.0,0.273606310161692,0.10730117250288486,1.7044237886272184,0.057719268207408185,1.5633000000000001,0.050121951278855825,0.09663592124116134,0.0225690012090699,2.1768297700532917e-242,0.0,0.05
678,0.5708,False,0.0,0.18160000000000004,1.0,10.0,0.0,0.31754829788849614,0.11543858525358422,1.729290686124471,0.07737502318194954,1.5226,0.03974720115932693,0.1059843257649026,0.028992955741687337,1.6336513740563394e-242,0.0,0.05
679,0.5280499999999999,False,0.0,0.18470000000000003,0.9513999999999999,20.0,0.0,0.26892345860512945,0.13043714836830558,1.7877448209088311,0.234203714271682,1.6664111111111115,0.33084418789917996,0.16057268948327258,0.14650398105791793,0.0798000000000004,0.2394000000000012,0.05
680,0.5423,False,0.0,0.16460000000000002,1.0,20.0,0.0,0.26309960896482887,0.10839706644766725,1.688886497420531,0.06743605541850249,1.5477020718044705,0.04897471959241271,0.09423317863639394,0.021296132421410433,2.4155087753613785e-242,0.0,0.05
681,0.514,False,0.0,0.14800000000000002,1.0,30.0,0.0,0.22832769048458434,0.12666805359684682,1.6958773360338544,0.06575161657509374,1.5906000000000007,0.08820340129496251,0.08950810660321085,0.023386932543078026,0.016100000000000492,0.048300000000001474,0.05
682,0.57075,False,0.0,0.18150000000000002,1.0,10.0,0.0,0.30276108285735276,0.09573158847340615,1.709784972724507,0.0596497331448276,1.5705000000000005,0.056109268396585824,0.10453596682268254,0.02092359447333098,2.4010735993284076e-242,0.0,0.05
683,0.5847,False,0.0,0.20940000000000003,1.0,10.0,0.0,0.31402668609613804,0.034542313309044226,1.7374955098356673,0.0664172052204019,1.5768,0.05845305808937637,0.1194165959505146,0.047099624620659336,3.041746462576552e-211,0.0,0.05
684,0.51475,False,0.0,0.2869,0.8066000000000001,16.0,0.0,0.4098192036092564,0.12303859718226529,2.0858441242739354,0.4440212350060951,2.2627774311701514,1.1701462542105039,0.38547350711682676,0.34646714395229133,0.5713756432784165,0.8825394965410125,0.05
685,0.5399,False,0.0,0.192,0.9278000000000001,10.0,0.0,0.2906862903120536,0.09170813391221294,1.791396268531121,0.21924305181556303,1.824753247143542,0.8343127535354392,0.17155977486657398,0.21262676922965598,0.15870720754552264,0.4761216226365678,0.05
686,0.5713,False,0.0,0.1826,1.0,10.0,0.0,0.28332411864338797,0.08845746059411665,1.6979546821213816,0.04522117925585631,1.5371,0.039454910974427514,0.10086211221327027,0.012603529240756112,2.448707785239272e-242,0.0,0.05
687,0.5995,False,0.0,0.199,1.0,0.0,0.0,0.3238410969784747,0.01876113738186468,1.7362309118277057,0.04426483900133122,1.5216,0.02965872552892318,0.10745937341260134,0.007538455892712065,1.05905843683802e-242,0.0,0.05
688,0.54115,False,0.0,0.19140000000000001,0.9309000000000001,10.0,0.0,0.33437198962496145,0.13126480632767004,1.761386384605603,0.21936218124365991,1.7053485976478355,0.3218317132468498,0.1752566444190168,0.2243097643054088,0.07991232528563459,0.23973697585690376,0.05
689,0.5428999999999999,False,0.0,0.1658,1.0,20.0,0.0,0.24870300719238614,0.1098802259952795,1.7053340623956763,0.05789025682171499,1.5329,0.044257089827506736,0.09485438394791264,0.018779134334889785,1.6897845829680397e-242,0.0,0.05
690,0.5995,False,0.0,0.199,1.0,0.0,0.0,0.31548544517163457,0.013265860067809693,1.714615985578034,0.05197550768183047,1.5589,0.04103522876748706,0.10414745733363981,0.0016724285745607181,2.9266054428695615e-242,0.0,0.05
691,0.57125,False,0.0,0.18250000000000002,1.0,10.0,0.0,0.3037331085819992,0.09803048521956588,1.6829981204190343,0.05312387548727254,1.5445,0.060471894298095186,0.10258255338798601,0.014438805058508919,1.7692549623457147e-242,0.0,0.05
692,0.5168999999999999,False,0.0,0.23409999999999997,0.9292999999999999,32.4,0.0,0.34389900474358354,0.11717453248918429,1.836391528260148,0.2068926593228862,1.8352377024278959,0.8333203772931794,0.22600956554953008,0.197282332279739,0.1760011310410524,0.4968285076258044,0.05
693,0.5141499999999999,False,0.0,0.1483,1.0,30.0,0.0,0.21816414714444937,0.11689213550926311,1.693322701119794,0.060593271308168134,1.5662999999999998,0.06964201318169946,0.08969551076206458,0.02190790581813902,1.8442947614061673e-242,0.0,0.05
694,0.5708,False,0.0,0.18160000000000004,1.0,10.0,0.0,0.28905726792856207,0.08276993076632619,1.6741325115395302,0.046773422211739905,1.5709000000000002,0.07714978937106703,0.09912656150724355,0.015334768834628316,1.7663992352494952e-242,0.0,0.05
695,0.5995,False,0.0,0.199,1.0,0.0,0.0,0.3059276137603907,0.014386219956306965,1.7014482691711355,0.03548436586910521,1.5690000000000002,0.07707009796282865,0.10458138390034491,0.0028418840842512855,1.28801949053395e-242,0.0,0.05
696,0.52305,False,0.0,0.3131,0.7602,6.8,0.0,0.4415418447735494,0.13623487233986628,2.2101396363303976,0.48423964366345434,2.6552569682191716,1.374681465488695,0.46896856452887514,0.39263081358490487,0.7997747293914921,0.9894193014745608,0.05
697,0.57085,False,0.0,0.18170000000000003,1.0,10.0,0.0,0.27573352901141734,0.0815129446597642,1.6929678620504998,0.0539451523784273,1.580611111111125,0.10069693253631423,0.09801785917405226,0.016028674034488388,0.007800000000000395,0.023400000000001187,0.05
698,0.57095,False,0.0,0.21300000000000002,0.9289,0.0,0.0,0.3266909468255664,0.03209218266894185,1.7861881246698998,0.2187039091325636,1.8165759083716115,0.7256936795001087,0.17086652557420257,0.19521706481948667,0.19193208920325244,0.5757962676097573,0.05
699,0.5711999999999999,False,0.0,0.1824,1.0,10.0,0.0,0.3207474907035138,0.10991212541241778,1.748209352417777,0.08699231955508517,1.5741,0.10220611527692464,0.11157281416434313,0.026015298400808042,1.8728556846387408e-242,0.0,0.05
700,0.43475,False,0.0,0.2083,0.874,53.2,0.0,0.27862041622415334,0.21537145386132595,1.970829027655197,0.46748101104430756,2.0294905197103987,0.9760002419052428,0.2948525001856378,0.33241147855056474,0.3412041241304863,0.6839519153440643,0.05
701,0.57095,False,0.0,0.2219,1.0,20.0,0.0,0.32569160196220187,0.11547696005129049,1.8142574458462513,0.18749636475419548,1.5592000000000001,0.07526194257391983,0.1557533648213691,0.11563953249948601,2.6048808028899096e-174,0.0,0.05
702,0.52185,False,0.0,0.2373,0.8655999999999999,14.8,0.0,0.34372907757066784,0.13353242428668363,1.9268200559822986,0.35403303187679713,1.9486400364439356,0.8524732558426347,0.28760739928735024,0.31121823752485966,0.3537658933745894,0.7106756780944345,0.05
703,0.5296,False,0.0,0.2258,0.8734,10.0,0.0,0.33861845074888014,0.1576486576720239,1.933032329429534,0.3906606018994048,2.022836251056251,0.8710416066043175,0.27358893980700005,0.3440466447277765,0.3343618026179579,0.6501727790369827,0.05
704,0.5843,False,0.0,0.20860000000000004,1.0,10.0,0.0,0.35017952059444934,0.04136656877245037,1.7594300567761025,0.06359336976862055,1.5843000000000003,0.07394464145561869,0.12734788487176288,0.04524817658672354,1.18818221258417e-213,0.0,0.05
705,0.5713,False,0.0,0.1826,1.0,10.0,0.0,0.29403576098538353,0.08389201033083317,1.7151191801881942,0.06088648075844102,1.5327,0.03562035934686789,0.10065291521637218,0.01417144931429176,1.4190620370338527e-242,0.0,0.05
706,0.5247499999999999,False,0.0,0.22010000000000002,0.8694,10.0,0.0,0.3216132179355593,0.1426567190335854,1.8869872310437104,0.3637853413932781,1.9044950372478386,0.7723424147685393,0.2579246422238438,0.3193489866151942,0.32644915588444606,0.6546415085474173,0.05
707,0.57105,False,0.0,0.1821,1.0,10.0,0.0,0.2815479312670677,0.08283329754193874,1.7021834854176994,0.06328830427715056,1.5393000000000003,0.06090164201398825,0.0995921828102491,0.015722639278371364,0.0004000000000002899,0.0012000000000008696,0.05
708,0.5995,False,0.0,0.199,1.0,0.0,0.0,0.29974920546144557,0.018351355879339136,1.7202337984591622,0.03894671433039319,1.532,0.039512023486528755,0.10275716777789838,0.0010005738496231698,1.6644624260331697e-242,0.0,0.05
709,0.57465,False,0.0,0.1907,1.0,10.35,0.0,0.2955436178875398,0.1050617031507674,1.7571208075882896,0.1005678640323743,1.5552111111111118,0.07233426266684066,0.1169137238688884,0.04993777059943852,0.00050000000000054,0.00150000000000162,0.05
710,0.48885000000000006,False,0.0,0.1653,0.9324,30.0,0.0,0.24602889131092143,0.13082497258316736,1.790854653227471,0.23321821642511162,1.8236151995913186,0.5787729410595907,0.1738534545229581,0.21828431767828801,0.22247362195689266,0.5044288487841019,0.05
711,0.587,False,0.0,0.21400000000000002,1.0,10.0,0.0,0.33655925713486934,0.02899916616931388,1.7493456269940548,0.08189376739281572,1.5974999999999997,0.06730416034689089,0.12693427242724453,0.05070059668117898,1.9467177359432632e-209,0.0,0.05
712,0.57085,False,0.0,0.18170000000000003,1.0,10.0,0.0,0.2829782203187225,0.08947211619918168,1.6949317332047809,0.05608392288058288,1.5657,0.08319140580612878,0.09904159239693874,0.016205241673997613,1.922248526680143e-242,0.0,0.05
713,0.48480000000000006,False,0.0,0.28609999999999997,0.7957000000000001,28.05,0.0,0.40616236894874025,0.11945948877883183,2.080028105181653,0.3425480266664943,2.398631800373216,1.3289051783319406,0.3755654860411314,0.30028228786997174,0.5611505302790497,0.8613726302186013,0.05
714,0.57085,False,0.0,0.18170000000000003,1.0,10.0,0.0,0.27544332416082534,0.0874285284383369,1.70721535333533,0.06679668116962549,1.5565,0.06026815079293541,0.09845229144646388,0.01596718105690309,9.302601755661272e-243,0.0,0.05
715,0.5708,False,0.0,0.18160000000000004,1.0,10.0,0.0,0.27144594644709297,0.07845299114625097,1.7297547294110163,0.06716845696281665,1.5335,0.030030817504690038,0.09748516089080358,0.015898846943715145,3.108223333445979e-242,0.0,0.05
716,0.57075,False,0.0,0.18150000000000002,1.0,10.0,0.0,0.2842048656967721,0.09243019978815532,1.7409094064440354,0.059769942201033065,1.5820000000000003,0.08198048548282698,0.09866401406231737,0.01708754262952323,2.6026666276581033e-242,0.0,0.05
717,0.5506,False,0.0,0.2049,0.9379,10.4,0.0,0.32283139914483205,0.125514260518488,1.818424335362534,0.28540077631133187,1.7492532028898047,0.5693410587754482,0.180878648107646,0.2420523130025768,0.18281338037873088,0.5484401411361925,0.05
718,0.5140499999999999,False,0.0,0.1481,1.0,30.0,0.0,0.2323823702760369,0.1369427585248642,1.6795576806241432,0.068171018731447,1.5291642361111113,0.04043351518716413,0.08961505423173258,0.023232405713434105,2.0449696870041072e-242,0.0,0.05
719,0.46835,False,0.0,0.19580000000000003,0.8609,30.0,0.0,0.2825460268053154,0.12978946058481383,1.8757040845432975,0.37687787681381707,2.178284790241616,1.4061351121206649,0.23196766061404847,0.26662712881862477,0.3506220515245396,0.709883216310857,0.05
720,0.5885,False,0.0,0.21540000000000004,1.0,9.6,0.0,0.3409382131025382,0.035978977643336234,1.744239255244246,0.0923835627564547,1.5437999999999998,0.061946428468475874,0.13019882228769233,0.07121642047357644,1.7534474302031331e-193,0.0,0.05
721,0.4554000000000001,False,0.0,0.14200000000000002,0.9288000000000001,40.0,0.0,0.21196383409551217,0.1542901516263321,1.7568353971063673,0.2783226678451577,1.9138597716310213,1.1260863009099469,0.15320224191246698,0.20756847558643354,0.18452119535172898,0.553563586055187,0.05
722,0.5995,False,0.0,0.199,1.0,0.0,0.0,0.3017242222040136,0.015273380296831323,1.7040489741059752,0.030082993614593906,1.5204,0.03458959381085584,0.10346559115214933,0.0007934509471409289,2.1630679761745143e-242,0.0,0.05
723,0.5995,False,0.0,0.199,1.0,0.0,0.0,0.29762209082283875,0.015587142868541827,1.7222182435765787,0.04616849883569819,1.560500000000088,0.06411591066200362,0.10286429386610425,0.00211605239227922,1.7861114380126995e-242,0.0,0.05
724,0.57075,False,0.0,0.18150000000000002,1.0,10.0,0.0,0.28501039440818754,0.09094153933378467,1.698354371327118,0.054158674426851655,1.5507000000000002,0.08097042670012312,0.0980717792217754,0.017179653029538416,1.4761584822393097e-242,0.0,0.05
725,0.5995,False,0.0,0.199,1.0,0.0,0.0,0.3200995980751499,0.034162767403504164,1.7152286956896188,0.05067919313751987,1.5194,0.03160126579743282,0.10792110731470339,0.009828806550440253,2.120124425605965e-242,0.0,0.05
726,0.5138,False,0.0,0.1476,1.0,30.0,0.0,0.21661465928396756,0.12325315027997656,1.6772186880887232,0.054698763756871834,1.5665,0.08804799827366895,0.08847298704787346,0.02370454625981189,2.2153579336621465e-242,0.0,0.05
727,0.57075,False,0.0,0.18150000000000002,1.0,10.0,0.0,0.2858021385586953,0.09140965967653256,1.680053950076162,0.04601423028713012,1.5604170138888889,0.07239742145290479,0.09892979784373532,0.017040158148726392,1.413220541818064e-242,0.0,0.05
728,0.4902,False,0.0,0.1665,0.9339000000000001,30.0,0.0,0.23881657616978286,0.1402190786701466,1.8014399756156672,0.31708101871178973,1.895124395140693,1.0644222295144057,0.16997831420759926,0.23709331112203968,0.15921700014254148,0.4776510004276245,0.05
729,0.46115000000000006,False,0.0,0.22319999999999998,0.7855000000000001,21.6,0.0,0.29578679014762366,0.09399703847868753,1.919920210882958,0.32636756740986583,2.247934293024964,1.0903401194500655,0.293610381373088,0.30139264669297405,0.5382935368075847,0.8303119413805713,0.05
730,0.5166,False,0.0,0.185,0.9282,20.0,0.0,0.2955351645904024,0.13864744754109504,1.783519274321317,0.19777677946569516,1.904958913547779,0.948288152069076,0.18023059700490804,0.22778071764395608,0.1855745259199792,0.5567235777599376,0.05
731,0.55925,False,0.0,0.21680000000000002,0.9305,7.2,0.0,0.3385756847871985,0.02390711510276132,1.8095699487219208,0.21500597551435563,1.8933289360499004,0.7670693369482581,0.1905778299257513,0.22019668245548624,0.21255865294069537,0.4730175073257988,0.05
732,0.5709,False,0.0,0.18180000000000002,1.0,10.0,0.0,0.2872333887001702,0.09093663607168855,1.6971844873586985,0.05207750692939875,1.5292999999999999,0.03751812895121504,0.09885444858604539,0.015783529094149956,1.7542589696476215e-242,0.0,0.05
733,0.56375,False,0.0,0.18630000000000002,0.9812,10.0,0.0,0.2908307804759707,0.08179806341544,1.7479353814941891,0.1115833781461371,1.700755555560702,0.32573810884667026,0.1263973279438764,0.07926533893942773,0.07990000000000101,0.23970000000000308,0.05
734,0.57075,False,0.0,0.18150000000000002,1.0,10.0,0.0,0.27551934496437336,0.08820064336003373,1.7167562100988136,0.057493531550083084,1.5326999999999997,0.058198024021439095,0.09719672393942719,0.016423115794804967,2.2042270459603668e-242,0.0,0.05
735,0.5751999999999999,False,0.0,0.2304,1.0,20.0,0.0,0.3337730558993487,0.12270052042560531,1.8278942917505614,0.19508690762874897,1.5609000000000086,0.078781279502177,0.1696168081863597,0.12774557980029422,0.0004000000000002899,0.0012000000000008696,0.05
736,0.5408999999999999,False,0.0,0.2854,0.8764,20.0,0.0,0.3489831576270725,0.07852797480211525,2.047285797495984,0.40113191464857256,2.235021888213953,1.430420971650225,0.34782272394798514,0.32903599064797917,0.34505156780017343,0.6914724524866627,0.05
737,0.53635,False,0.0,0.2407,1.0,42.0,0.0,0.3596061884073898,0.12368200389175853,1.8391156577723264,0.15532329033137574,1.6037444444444453,0.14782801192978276,0.1866911944183452,0.10784827918960173,0.03510000000000076,0.1053000000000023,0.05
738,0.5707,False,0.0,0.2364,0.9097999999999999,1.2,0.0,0.36470404051036204,0.06241264925428727,1.9049052412784455,0.34356318103130384,2.053259483159621,1.22269543015435,0.2373547261945316,0.2379570665450329,0.26152981407768866,0.5705609604552354,0.05
739,0.57115,False,0.0,0.18230000000000002,1.0,10.0,0.0,0.28826964562000373,0.0918355827380333,1.7331682702527869,0.05169374669436618,1.5600999999999998,0.08509929494420036,0.10059288587951272,0.015303278956328775,2.1393529608637853e-242,0.0,0.05
740,0.54155,False,0.0,0.24599999999999994,0.9571,30.0,0.0,0.3138575479641392,0.15473407559293464,1.9352619368432122,0.40286091965238796,1.6667557067632663,0.331752002028369,0.26230297440359973,0.29207991009503886,0.07990000596046433,0.23970001788139297,0.05
741,0.55845,False,0.0,0.2081,1.0,22.8,0.0,0.3442611586094172,0.14496617206689497,1.7751542752080436,0.14369072576618205,1.536314583338632,0.042074714017092854,0.14604986651967664,0.10533954004884037,0.00600000000000037,0.01800000000000111,0.05
742,0.5866,False,0.0,0.199,0.9742000000000001,0.0,0.0,0.3127278733493254,0.01859884124175047,1.7528063008337296,0.09599304340086619,1.6609111111111126,0.3351525755367118,0.132413910614456,0.0747249723848098,0.07980000000000086,0.23940000000000258,0.05
743,0.51665,False,0.0,0.22340000000000004,0.9299,30.0,0.0,0.3073826754522218,0.09839992453876921,1.8585481146279954,0.24989341706921106,1.8203967186997434,0.7671045526386651,0.21718770411741292,0.23442171677364215,0.2287144270330625,0.6861432810991875,0.05
744,0.5468000000000001,False,0.0,0.2344,0.8592000000000001,0.0,0.0,0.3488070525990522,0.0515891994244591,1.9212482783226275,0.27199643537874485,2.028661835514078,1.0022490533667745,0.2627660265916243,0.27845305194476727,0.385006528251712,0.7755121491676027,0.05
745,0.4985500000000001,False,0.0,0.2589,0.8582000000000001,30.0,0.0,0.3534200681171888,0.06376128253028604,1.9706408111364677,0.2615951112902149,2.0109417739203734,0.9917314620247415,0.292195383796908,0.2577239374851699,0.344369871351531,0.6916066496098792,0.05
746,0.5676000000000001,False,0.0,0.2484,0.93,10.8,0.0,0.3555595153427428,0.05308046562101599,1.899203739709599,0.28155179468924546,1.7117700441435229,0.43972706501807013,0.2148080724267425,0.19066494376561594,0.15162272054755713,0.4548681616426714,0.05
747,0.47705000000000003,False,0.0,0.28040000000000004,0.7937000000000001,30.0,0.0,0.3852559945743903,0.0717111552238762,2.0747495494768744,0.3391554422863078,2.298796702542822,1.168939613754852,0.3691094127617708,0.29645841514546106,0.5784494176859483,0.8849474751409884,0.05
748,0.5403499999999999,False,0.0,0.2144,0.9382999999999999,18.0,0.0,0.31793001342141686,0.11418234434008778,1.8304988884599638,0.3338272297005878,1.7488421727442578,0.4028640894063928,0.18588684445074868,0.21213512249773211,0.15191579986469084,0.4557473995940725,0.05
749,0.5142500000000001,False,0.0,0.1485,1.0,30.0,0.0,0.22318676241211294,0.11452680092848622,1.6708059283302217,0.057197133061374174,1.5420395833333334,0.04621184842543989,0.08834461855442112,0.0212482990862364,1.351856724053561e-242,0.0,0.05
750,0.54235,False,0.0,0.1647,1.0,20.0,0.0,0.26496200561697275,0.11759974168742807,1.7229889675365022,0.08222225768790695,1.5921000000000505,0.10536645576278626,0.10242072127313936,0.03498078009866352,1.2322694756206097e-242,0.0,0.05
751,0.5995,False,0.0,0.199,1.0,0.0,0.0,0.3105289484095367,0.015553504468577,1.7248759400087728,0.03322103274650069,1.5282,0.0616211002822897,0.10377286915993897,0.0012930799964381695,2.206916997322223e-242,0.0,0.05
752,0.4958000000000001,False,0.0,0.2105,0.8611000000000001,20.0,0.0,0.31173452193844653,0.10276540269874199,1.8743378202693943,0.3682467844290902,2.208390920181175,1.4479293457691165,0.23769828524394346,0.2729962461330503,0.39521376767948274,0.7904999765064479,0.05
753,0.54225,False,0.0,0.1645,1.0,20.0,0.0,0.2611056424964865,0.0879969456324666,1.7414344844214285,0.0689255946191551,1.6017000000000003,0.08421644732473584,0.09778710277269587,0.015984878520346957,1.8468812411878232e-242,0.0,0.05
754,0.5995,False,0.0,0.199,1.0,0.0,0.0,0.31159691212021134,0.029530140494583548,1.698963272494204,0.03671852181963176,1.59,0.0830517910703918,0.10510575098183408,0.0031823059742746053,1.3277422968497357e-242,0.0,0.05
755,0.50245,False,0.0,0.3073,0.8640000000000001,41.6,0.0,0.3876399174976276,0.09390330364921592,2.045186672878553,0.23890036631478434,2.0746956519884563,1.075985761185957,0.3629078628695169,0.26930240885215456,0.29644305924648695,0.6340015696002896,0.05
756,0.57075,False,0.0,0.18150000000000002,1.0,10.0,0.0,0.2708999409552865,0.07290027355167743,1.7455289875451587,0.07765349380082974,1.5394,0.06391118837887462,0.0980996298587753,0.016787008562427277,2.5661336519730992e-242,0.0,0.05
757,0.5995,False,0.0,0.199,1.0,0.0,0.0,0.3132037454938529,0.017579474212206722,1.7163467852353225,0.04000499051765231,1.5626,0.09193497702180607,0.10467199063356813,0.0016861723397102052,2.524032466239068e-242,0.0,0.05
758,0.51345,False,0.0,0.1469,1.0,30.0,0.0,0.23249920499981974,0.1307227354431368,1.680284717512621,0.05886694574511318,1.55,0.06833154469203813,0.08898186456319407,0.02492295731148489,1.2069517612075185e-242,0.0,0.05
759,0.54265,False,0.0,0.1653,1.0,20.0,0.0,0.24570001636754885,0.09966292772639805,1.710252436410764,0.06876902326188658,1.5413999999999999,0.040200000000000034,0.09440341982037681,0.01946262288731994,2.207594277206004e-242,0.0,0.05
760,0.5995,False,0.0,0.199,1.0,0.0,0.0,0.32630549876214654,0.030064394947425292,1.7290279368958323,0.054387856349116866,1.5732000000000002,0.11894519746505115,0.10481862783831752,0.00248002167391805,2.732355184833765e-242,0.0,0.05
761,0.5995,False,0.0,0.199,1.0,0.0,0.0,0.33858098226266026,0.040188139848538425,1.7161006957667968,0.06142455409450934,1.5321666666670397,0.034079074714257945,0.10913153559135172,0.013777431620705063,0.006800000000000424,0.02040000000000127,0.05
762,0.5995,False,0.0,0.199,1.0,0.0,0.0,0.29489050327312427,0.013761328478688474,1.7275602050859171,0.04309367800308108,1.5281,0.031567229843621036,0.10278273204850812,0.0015454980713332828,2.5584780898139648e-242,0.0,0.05
763,0.51615,False,0.0,0.18050000000000002,0.9318,20.0,0.0,0.27085733310070836,0.12235781638910122,1.7870784563367075,0.227465513643982,1.804428239155515,0.7013804981075854,0.17763803819082374,0.23989556149764987,0.19344156413078606,0.5803246923923582,0.05
764,0.57675,False,0.0,0.19350000000000003,1.0,10.0,0.0,0.2988139630602573,0.09182510228474591,1.7137492474780245,0.1030272662564873,1.5984000000000003,0.1112314703669785,0.1170570664457059,0.04827089070207798,3.5648767076389545e-223,0.0,0.05
765,0.4394,False,0.0,0.24369999999999997,0.8111,44.0,0.0,0.3140073176142436,0.18576841337112865,2.0133511252889753,0.44066015694760313,2.330406723649462,1.164127773096469,0.3554081660461469,0.3585966557541749,0.5775487052273772,0.8833838131763031,0.05
766,0.52665,False,0.0,0.191,0.9423,20.0,0.0,0.2963916336332452,0.1942868367549668,1.838351166237181,0.3951085198328952,1.8230537483658036,0.8041194147322286,0.18532475175924246,0.2750364525328223,0.19305374836580355,0.5791612450974107,0.05
767,0.57085,False,0.0,0.18170000000000003,1.0,10.0,0.0,0.30021247059433864,0.09677198034035583,1.6835968107110602,0.04845437458462843,1.565,0.0700813812649266,0.09982902562090379,0.016036223292473766,1.6561653371870448e-242,0.0,0.05
768,0.54545,False,0.0,0.2003,0.9306000000000001,10.0,0.0,0.3371988656462793,0.14610727161125966,1.7931409630989321,0.21086273932571037,1.7848106618554271,0.5619454834364418,0.18268529392508065,0.23458533559848369,0.17451650190668394,0.5235495057200519,0.05
769,0.5715,False,0.0,0.183,1.0,10.0,0.0,0.2721183178267343,0.08201930366483366,1.708989305532318,0.04102312462581934,1.5443,0.06335779352218636,0.09860688002771155,0.010925322793998323,1.9832686161378867e-242,0.0,0.05
770,0.5995,False,0.0,0.199,1.0,0.0,0.0,0.318479132893925,0.04237437432801429,1.7288913944129014,0.06363201259537293,1.5127,0.01965731416038311,0.1076443331647543,0.012870543246879508,2.4656215054717588e-242,0.0,0.05
771,0.57075,False,0.0,0.18150000000000002,1.0,10.0,0.0,0.2803400396637835,0.07088799126990822,1.7148501753939898,0.04943936624430531,1.5661999999999998,0.05424905529131359,0.09824738008533164,0.016508238378531256,2.1720741161442556e-242,0.0,0.05
772,0.52515,False,0.0,0.21030000000000001,1.0,40.0,0.0,0.3097552724630034,0.15556687113880227,1.8042399362112698,0.21101671846716186,1.586204839515686,0.11095084732331864,0.1702886810594006,0.14565034066576169,2.751642014413858e-136,8.254926043241573e-136,0.05
773,0.5496,False,0.0,0.27699999999999997,0.8286,1.6,0.0,0.38518128518851263,0.11005121645281409,2.052718057617465,0.48532610560715445,2.0845506933355153,0.8332121877572648,0.3694052945074363,0.40391228549177743,0.5500148648447565,0.8269204250841069,0.05
774,0.5257000000000001,False,0.0,0.2897,0.8817,30.0,0.0,0.399101142937088,0.10776759025099547,2.0619499024571555,0.41772274393342373,2.0745226623553297,1.0689170663923773,0.34821599678856835,0.3250810021609462,0.3771862883014857,0.7636895702280708,0.05
775,0.57075,False,0.0,0.18150000000000002,1.0,10.0,0.0,0.2947098399403066,0.09819744624289165,1.6948191207009509,0.061653761816193794,1.5465,0.05390222629910568,0.10092646182138065,0.019349680446464568,9.212747195662094e-243,0.0,0.05
776,0.5995,False,0.0,0.199,1.0,0.0,0.0,0.30253503433111983,0.00888590494839216,1.7303787317438826,0.0343289479660109,1.5378000003046461,0.04690799527626164,0.1045046859941672,0.0019813084468118594,2.822358864260406e-242,0.0,0.05
777,0.5995,False,0.0,0.199,1.0,0.0,0.0,0.31471204983522355,0.011711610476996781,1.7041438140563336,0.03777334401023544,1.54,0.05178996041705382,0.10281294525305273,0.000588960826023468,1.4822515945174229e-242,0.0,0.05
778,0.5629,False,0.0,0.20579999999999998,1.0,20.0,0.0,0.29036872392794477,0.08952687750801229,1.7860342329100003,0.11751125886990821,1.6039999999999999,0.19351382379561424,0.1463023422132354,0.07863766977610512,1.6722178042817513e-199,0.0,0.05
779,0.4986,False,0.0,0.23489999999999997,0.8823000000000001,30.0,0.0,0.36673350812417693,0.1883172566355537,1.992707077944727,0.5271416538167281,2.0168620386838496,0.9913292429148304,0.28678348463274694,0.3559707019868223,0.3832841333850527,0.7669614622782778,0.05
780,0.57085,False,0.0,0.18170000000000003,1.0,10.0,0.0,0.29830837227383994,0.10200923756178946,1.721535642565242,0.07038729479721088,1.5399999999999998,0.06285379861233532,0.10368719275618363,0.02334677714213127,1.438636511767783e-242,0.0,0.05
781,0.57135,False,0.0,0.18270000000000003,1.0,10.0,0.0,0.27449420492486987,0.07903485142293706,1.7253902598054291,0.055469922768053674,1.5620444444444452,0.058883840454464015,0.10046586346576211,0.012391834992121516,0.009000000000000412,0.027000000000001235,0.05
782,0.5708,False,0.0,0.18160000000000004,1.0,10.0,0.0,0.29336347786962813,0.08340811007764719,1.709172634984787,0.06265950595274655,1.5949000000016835,0.09503625624045987,0.09848014409973826,0.01648211226980556,1.7799340321241804e-242,0.0,0.05
783,0.57115,False,0.0,0.18230000000000002,1.0,10.0,0.0,0.297156243975724,0.09113618153604822,1.7068699864805637,0.04483195734823298,1.5550000000000004,0.05289801508563401,0.10119917030219769,0.015526721771874315,0.0012000000000003013,0.003600000000000904,0.05
784,0.4548,False,0.0,0.2557,0.8010999999999999,36.8,0.0,0.3769425112722719,0.22816804516896397,2.0693469056039735,0.4614091303941269,2.353402616417056,1.1788140202905497,0.3871280348694528,0.3718137694852536,0.6458026135803705,0.9889206059954383,0.05
785,0.5414999999999999,False,0.0,0.25749999999999995,0.8654999999999999,10.0,0.0,0.40436278677687676,0.1224870562043716,1.9686984509999756,0.3725699149028908,2.0328651804654085,0.9872231607693477,0.28816736436588053,0.283077832826878,0.4293651804654083,0.8597212985194661,0.05
786,0.5995,False,0.0,0.199,1.0,0.0,0.0,0.3117880270318155,0.013901417544552703,1.6948084543389512,0.05056387039314903,1.5754,0.08536884677679557,0.10417351535594603,0.0024109246156052296,1.8488562428780275e-242,0.0,0.05
787,0.6015,False,0.0,0.203,1.0,0.0,0.0,0.33202847871945085,0.030628355676736232,1.7729341165996684,0.0411409289451213,1.5488,0.05135912771844943,0.10785653374621018,0.006562633663054375,6.383056173609211e-237,0.0,0.05
788,0.5995,False,0.0,0.199,1.0,0.0,0.0,0.293928868021178,0.009837840642585739,1.715907222860951,0.03856159137560441,1.5349065845065648,0.04163572599277332,0.10308758553081279,0.0009513778810171431,2.279682656009312e-242,0.0,0.05
789,0.51435,False,0.0,0.25889999999999996,0.9298,40.0,0.0,0.35783100791062156,0.13295865341002008,1.895063360488758,0.3136175166242835,1.794271418378497,0.7252614239711002,0.26225978185047044,0.23771295492153352,0.16575795569783386,0.4972738670935016,0.05
790,0.5749,False,0.0,0.18980000000000002,1.0,10.0,0.0,0.3110008189216015,0.10947123696454346,1.7263605752654727,0.059351453478143044,1.5478013263486479,0.042391416220731004,0.11355984957797585,0.045072431319925305,1.6655618186726196e-219,0.0,0.05
791,0.5237499999999999,False,0.0,0.2307,0.9368000000000001,30.0,0.0,0.3201260966013453,0.16181970453885117,1.932741853355564,0.3426459871044564,1.784140039772204,0.7204417171700256,0.2452593302110626,0.24535934213095714,0.18786342882865328,0.5635902864859598,0.05
792,0.5474,False,0.0,0.1748,1.0,20.0,0.0,0.26964252917298465,0.11009072979642738,1.7061954883039416,0.051354347161599,1.5676,0.09166373328639851,0.111746103136334,0.03774455532013176,2.1052207913029686e-220,0.0,0.05
793,0.5423,False,0.0,0.16460000000000002,1.0,20.0,0.0,0.2541529947385212,0.10626921117237101,1.7099236613474946,0.0754343856861233,1.613611111111112,0.11439611978656675,0.09372064708578862,0.02167891081367721,0.02130000000000055,0.06390000000000165,0.05
794,0.58675,False,0.0,0.21350000000000002,1.0,10.0,0.0,0.3200286206521096,0.035073428388744485,1.7470537840640266,0.06681273072875535,1.5398999999999998,0.05334875818610964,0.12514903929204027,0.05588108466605726,6.379004676584008e-205,0.0,0.05
795,0.6005,False,0.0,0.201,1.0,0.0,0.0,0.3091506949189279,0.019716859734234538,1.7467873093853623,0.04876521060940462,1.5906,0.075611110294718,0.1054467626438305,0.004695009322590123,3.766179489615394e-237,0.0,0.05
796,0.5543,False,0.0,0.277,0.8715999999999999,10.0,0.0,0.3661137644608544,0.08205098488001626,1.9888617350104802,0.3509402639076341,2.0316392225138244,0.9824358427785207,0.30861231716464455,0.27765152518739544,0.37312955453084545,0.7516345821960397,0.05
797,0.5425,False,0.0,0.16499999999999998,1.0,20.0,0.0,0.2614477092690265,0.12189052045514692,1.684725573353031,0.07264790192438357,1.5314999999999999,0.04911873369703256,0.09418446889441273,0.0202566587689614,1.6322354777696642e-242,0.0,0.05
798,0.5708,False,0.0,0.1816,1.0,10.0,0.0,0.2877691453685982,0.08355998807106282,1.6961870761438185,0.04274145607481976,1.552,0.06389992175269076,0.09873088141005229,0.01621680823314894,1.918249337634529e-242,0.0,0.05
799,0.57295,False,0.0,0.1859,1.0,10.0,0.0,0.28981184595666537,0.08962097796351283,1.721346312784386,0.06515835737421273,1.5348000000000002,0.03822512262897272,0.10204170426279309,0.017299908751813458,5.147866947707501e-237,0.0,0.05
800,0.5995,False,0.0,0.199,1.0,0.0,0.0,0.289709242171525,0.011608643351379337,1.715060694576395,0.056879160323928826,1.5959000000105232,0.07879524098040216,0.10210468428596811,0.001100462237319139,2.8751164606597294e-242,0.0,0.05
801,0.5849500000000001,False,0.0,0.261,0.9489000000000001,10.0,0.0,0.3876682091372654,0.12268267865102199,1.932168141009931,0.4111419752934164,1.8174942672945462,0.5875325451530479,0.25211152729069825,0.2810781723811514,0.2412334688115009,0.5640034235427495,0.05
802,0.5425,False,0.0,0.19610000000000002,0.9289,10.0,0.0,0.3079531113861485,0.09784046999541111,1.783221900807335,0.18995698309401907,1.866339200710583,0.7271006176121076,0.1739638602910846,0.20157141031126893,0.24655013821058241,0.6088911363274448,0.05
803,0.61025,True,0.0,0.2205,1.0,0.0,0.0,0.34277295029469856,0.09503567010099741,1.779196371624921,0.15789551368029028,1.5638,0.07726810467456803,0.13744697149042845,0.09598550417361816,2.5993268224610707e-186,0.0,0.05
804,0.6005,False,0.0,0.201,1.0,0.0,0.0,0.29443609019736416,0.020428222672765083,1.7481536872074923,0.04114632734774109,1.5272000000000001,0.029026884090442757,0.10433467413498669,0.0053347963453997446,3.7008431030756707e-237,0.0,0.05
805,0.5995,False,0.0,0.199,1.0,0.0,0.0,0.29409809459008335,0.017066264544946082,1.74090851940039,0.05822015870510405,1.5505,0.058059021693445706,0.10346002663768487,0.0013646362987926632,2.177461786936865e-242,0.0,0.05
806,0.4479,False,0.0,0.22669999999999998,0.7891,30.0,0.0,0.3094204529205347,0.0978075420982957,1.9412461741694922,0.32090348008706043,2.3900350380261757,1.1703329461327656,0.31210588449101084,0.30659608548560263,0.41526914325192443,0.6661502885415084,0.05
807,0.5422000000000001,False,0.0,0.24120000000000003,0.9448000000000001,25.4,0.0,0.3710974702664801,0.16958732098248588,1.9165874300668992,0.4237656508792516,1.7788455238271195,0.7586585788264968,0.22644020259138903,0.26067944427792045,0.05,0.15000000000000002,0.05
808,0.5410999999999999,False,0.0,0.19390000000000002,0.9282999999999999,10.0,0.0,0.3064812370688568,0.09143883504227786,1.7726865101709905,0.21018793448002257,1.8554064913922577,0.626240896884021,0.1830047708084725,0.21368579608107743,0.23256235813661624,0.5069391046388416,0.05
809,0.5421,False,0.0,0.1642,1.0,20.0,0.0,0.26416878683144185,0.10328781898650768,1.7068100927716578,0.05425651625755022,1.5592,0.07585090638878353,0.09329861215426596,0.022269321732815768,2.019717516147383e-242,0.0,0.05
810,0.46570000000000006,False,0.0,0.2967000000000001,0.7546999999999999,30.0,0.0,0.427753464778765,0.2227172863511826,2.2042566420314524,0.5050585504725499,2.547022104978601,1.2280782979830254,0.47423217406581364,0.39750283292928323,0.6636236355133287,0.9152685499158196,0.05
811,0.5582499999999999,False,0.0,0.2708,0.9440999999999999,24.6,0.0,0.39637558032571896,0.09883050836131245,1.9267564102061798,0.3577587859090924,1.7729889017918847,0.6773185104365594,0.25981117102693874,0.2563348344774438,0.18771699220770519,0.5631509766231156,0.05
812,0.57075,False,0.0,0.18150000000000002,1.0,10.0,0.0,0.2883516353838036,0.09385961225013954,1.7196220688393435,0.07554135139025187,1.5509,0.07282231800759988,0.10121404861028804,0.02103022145476831,1.6265933950405299e-242,0.0,0.05
813,0.47019999999999995,False,0.0,0.2717,0.7917,30.75,0.0,0.3572586008343362,0.050013818145094036,2.042478074250532,0.3357180424796195,2.494856755422611,1.6285042018567537,0.3795151167606836,0.3014544900446273,0.49748038804333944,0.8305220707659327,0.05
814,0.5468999999999999,False,0.0,0.2051,0.9286999999999999,10.0,0.0,0.2882986239292195,0.08814988153718382,1.8241709666907968,0.19889964814009078,1.7462338606751988,0.5415162417230645,0.18083253053840018,0.2006445591880879,0.16368141088732172,0.4910442326619652,0.05
815,0.496,False,0.0,0.24089999999999998,0.7911,10.0,0.0,0.33374141130347146,0.10046143497376982,1.947838456947308,0.32220191061425246,2.2052095987946414,0.9532325601357452,0.3069266030481589,0.30990634311895915,0.5560006242916462,0.8211335840633912,0.05
816,0.50345,False,0.0,0.2499,0.797,10.0,0.0,0.34440620712872727,0.06702003773040537,1.9969696607034741,0.38532960635689234,2.254514693431185,1.1056109613345892,0.317113796687648,0.31795749490535247,0.5530585553368154,0.8493186144872312,0.05
817,0.5030999999999999,False,0.0,0.24229999999999996,0.8838999999999999,30.0,0.0,0.32346597939669175,0.12490771979717281,1.95856778936017,0.4057918578994141,2.2515515894585305,1.472276250592421,0.27458469210707814,0.3224489997770267,0.38774926248135944,0.7759821929194701,0.05
818,0.5281,False,0.0,0.1994,0.932,18.8,0.0,0.29223504097592123,0.09354093153183993,1.8491083501476901,0.29803216050431497,1.8987041826533897,0.9706863107529833,0.18084615326036077,0.24350601167338642,0.14971999440778466,0.44915998322335393,0.05
819,0.5995,False,0.0,0.199,1.0,0.0,0.0,0.30817856506119,0.01077468945082425,1.7379062164599393,0.03016620615199527,1.5608000000000049,0.0632515612455641,0.10521654963947875,0.005110541894974372,2.850056311165867e-242,0.0,0.05
820,0.57075,False,0.0,0.18150000000000002,1.0,10.0,0.0,0.27387278643493645,0.08107685318370655,1.7219793416318279,0.041292852170559675,1.6129333333333342,0.10417728479216083,0.09894147038263872,0.012938395567084406,0.02180000000000055,0.06540000000000165,0.05
821,0.5995,False,0.0,0.199,1.0,0.0,0.0,0.2964616495721919,0.016340113761586898,1.7499509141998586,0.029897698637481866,1.5308,0.060237529829832846,0.10465341591576434,0.0034545362936453067,2.9163484526012413e-242,0.0,0.05
822,0.4404,False,0.0,0.19260000000000002,0.8577999999999999,42.4,0.0,0.2563729589708102,0.15309486542035017,1.9007422672814127,0.32507409455697556,2.0105601380182967,0.9760302639695324,0.24694131142350684,0.27178670762837337,0.40788759404506275,0.8181072123386977,0.05
823,0.57085,False,0.0,0.18170000000000003,1.0,10.0,0.0,0.27984235347601394,0.08668324879195696,1.7379245001743182,0.06044426285046815,1.5692,0.0575808996108953,0.0988850184827895,0.01616654602521252,1.8943671048624995e-242,0.0,0.05
824,0.5732,False,0.0,0.21500000000000002,0.9314,0.0,0.0,0.29966751643804057,0.03776498826658806,1.807730566010017,0.21949372949556908,1.7646370752885652,0.5796384117527773,0.17376154301398727,0.21528669780532017,0.15688566838467213,0.4706570051540164,0.05
825,0.5409999999999999,False,0.0,0.19360000000000002,0.9283999999999999,10.0,0.0,0.278016708453121,0.08785819395535291,1.7737690801032122,0.19518021615902342,1.8605017229943002,0.9023492446746559,0.16267779360616602,0.19591471360023804,0.16168021868756863,0.4850406560627059,0.05
826,0.57095,False,0.0,0.1819,1.0,10.0,0.0,0.2798633948774917,0.08600570481643202,1.7219010426814987,0.0656107627865539,1.5318999999999998,0.03890102826404463,0.0976110186683942,0.015586461260677156,1.7502012745586622e-242,0.0,0.05
827,0.4829,False,0.0,0.2576,0.7482,10.0,0.0,0.3741917349946808,0.16511847612741126,2.1049115764493216,0.46009966087790005,2.302167518140036,1.0520995863991678,0.4353170512198769,0.39975248472254926,0.6133005981963808,0.8050923980676469,0.05
828,0.5667500000000001,False,0.0,0.2535,1.0,30.0,0.0,0.35174931298795575,0.15560269455551945,1.8667413164696256,0.2951632370212833,1.528202856446259,0.03619737957882448,0.20214619633480696,0.1864780912701727,4.727284974273732e-126,1.4181854922821195e-125,0.05
829,0.5995,False,0.0,0.199,1.0,0.0,0.0,0.3064266775837502,0.021252295183536236,1.6989151430559601,0.04562050831534975,1.5516062498407233,0.059933153119256226,0.10603288740667631,0.0029842520459977388,2.5345250851266838e-242,0.0,0.05
830,0.5995,False,0.0,0.199,1.0,0.0,0.0,0.31064348392379587,0.017456342810052188,1.7066030813550044,0.05237945036088454,1.5612,0.07351843306273603,0.10274458839959703,0.0014123730430464583,1.1008633183045164e-242,0.0,0.05
831,0.5898,False,0.0,0.24170000000000003,0.9379,0.0,0.0,0.3680222096451766,0.12049450610412318,1.8759740011658068,0.31032077468501196,1.795618643162657,0.8250267069162904,0.2168894769181146,0.2486114013335935,0.19401864316265666,0.58205592948797,0.05
832,0.5995,False,0.0,0.199,1.0,0.0,0.0,0.3017001017524777,0.023176237306054698,1.6970803299436326,0.046547582975756036,1.5294000000000003,0.07280549429816396,0.10239888096011988,0.0004912547979088183,2.842170943040401e-16,8.526512829121202e-16,0.05
833,0.60015,False,0.0,0.24029999999999996,1.0,10.0,0.0,0.38744062892617076,0.08902355977591832,1.8723824592584761,0.24268466083128915,1.5875,0.08000281245056343,0.18172208789975355,0.11756350436393327,2.063027015441865e-169,0.0,0.05
834,0.5995,False,0.0,0.199,1.0,0.0,0.0,0.2916222013508625,0.01523363242291383,1.7007807935973347,0.04031501095466017,1.6007000000000466,0.0916537506051478,0.10240296155869592,0.0016426728661950215,1.506026176698004e-242,0.0,0.05
835,0.5708,False,0.0,0.1816,1.0,10.0,0.0,0.28028212233069183,0.08152360159878125,1.7012718966025768,0.05614754726631405,1.6080444444444453,0.09749926495449628,0.10184118400046335,0.01990090886215133,0.023400000000000618,0.07020000000000186,0.05
836,0.5426,False,0.0,0.1652,1.0,20.0,0.0,0.2515667738430415,0.10931770147355234,1.718435696284299,0.05656797179853653,1.5766411458333336,0.07084811091447493,0.09533951967019864,0.01808689535680804,1.7377367340226074e-242,0.0,0.05
837,0.5698500000000001,False,0.0,0.21100000000000002,0.9287000000000001,0.0,0.0,0.3097193583008877,0.03843505890343098,1.791345959389902,0.156540217149194,1.7641256249059378,0.6119368669969946,0.1736404760824422,0.20741002211508908,0.1732210341311117,0.519663102393335,0.05
838,0.49025,False,0.0,0.2476,0.8689,34.0,0.0,0.3582523133497511,0.11235488853976609,1.9270964012453504,0.2718694905318571,1.8072406550764275,0.5473840197694009,0.30562993649174286,0.27206061148813404,0.24840178812865338,0.5199517343173995,0.05
839,0.5995,False,0.0,0.199,1.0,0.0,0.0,0.308709368726728,0.02341144921979247,1.7198016199097885,0.05598154675424403,1.6374777777777791,0.21131532257637442,0.11046034362669477,0.01931709681278293,0.050700000000000946,0.15210000000000284,0.05
840,0.5721499999999999,False,0.0,0.18430000000000002,1.0,10.0,0.0,0.28029996383206013,0.08061655539938692,1.7391434575176348,0.07167412081385897,1.5387,0.05814301333780348,0.10164871737957212,0.016078657638145977,6.406108765795544e-238,0.0,0.05
841,0.4570000000000001,False,0.0,0.22490000000000002,0.9291,60.0,0.0,0.32552442014756694,0.1634060773330101,1.8662630900863355,0.24801970314828128,1.760509799644197,0.6676827288747297,0.22427802815563233,0.20484735047646563,0.17042802588856984,0.4769988119336328,0.05
842,0.58035,False,0.0,0.2071,1.0,11.6,0.0,0.3214039180171301,0.12346899039636884,1.7808861074802163,0.2052617790094108,1.573,0.0961696417795138,0.14158900725852575,0.11240410879256134,4.365329396628223e-168,0.0,0.05
843,0.5480499999999999,False,0.0,0.20170000000000005,0.9343999999999999,10.0,0.0,0.30212447013037974,0.10280868828482785,1.807775605245192,0.31350634886570994,1.7704717558986354,0.7249831284651622,0.17763851169432177,0.2354077221223368,0.19116775364437705,0.5735032609331312,0.05
844,0.40285000000000004,False,0.0,0.2733,0.6636000000000001,32.8,0.0,0.36655473369957237,0.138506997836271,2.153161203909044,0.4362853461464669,2.7767640493323786,1.337361994187725,0.48321243942512637,0.3586748731490796,0.9193722893197804,0.9289985425012001,0.05
845,0.51365,False,0.0,0.17670000000000002,0.9306000000000001,20.0,0.0,0.274293662918875,0.13363507849064185,1.764185778286609,0.2065341906823293,1.724174805312284,0.5206292541838476,0.16895430876013848,0.2264089982846121,0.17289959177684777,0.5186987753305433,0.05
846,0.57075,False,0.0,0.18150000000000002,1.0,10.0,0.0,0.29041026577487955,0.08526308593744293,1.7223926046674556,0.05796214887091493,1.5870501993815107,0.08641242461615883,0.10050352970091861,0.018721216943551004,2.4304991902944284e-242,0.0,0.05
847,0.54335,False,0.0,0.16670000000000001,1.0,20.0,0.0,0.25730174429038233,0.10580719035636679,1.7119931527186854,0.07884506553586793,1.5390000000000001,0.05376988004450078,0.09606359405362383,0.0228202554519891,3.7251837619126035e-237,0.0,0.05
848,0.5064499999999998,False,0.0,0.20420000000000002,0.9286999999999999,30.0,0.0,0.27229631842213237,0.1172149269098668,1.7990610129233722,0.20399211983631654,1.7388202684225902,0.5800198812921782,0.19479187475297818,0.21863094274950357,0.15434666211319306,0.46303998633957916,0.05
849,0.48489999999999994,False,0.0,0.1298,1.0,40.0,0.0,0.1975994415119305,0.12750304000783358,1.6684682186203492,0.07345448701427276,1.5705,0.08230583211413396,0.08195635126389847,0.026061702810638892,1.470893932272784e-242,0.0,0.05
850,0.5995,False,0.0,0.199,1.0,0.0,0.0,0.31106216695721545,0.023603862660487515,1.7376761427108236,0.042789980344154176,1.5608,0.05183975308583172,0.10344502506743743,0.0017497113449748327,3.284518329318858e-242,0.0,0.05
851,0.45570000000000005,False,0.0,0.22209999999999996,0.8093,30.0,0.0,0.31494555939173363,0.15945171632462454,2.012656136876956,0.43315605561912074,2.26765005882093,1.048416473466944,0.3410453275693097,0.38373395477879496,0.537053256325591,0.8213848330926581,0.05
852,0.57075,False,0.0,0.18150000000000002,1.0,10.0,0.0,0.26651020826848176,0.08435590446322912,1.7213000081892904,0.05695942899687681,1.5025,0.007499999999999975,0.09778259162470436,0.017062250866621196,3.114081022304837e-242,0.0,0.05
853,0.50335,False,0.0,0.20349999999999996,0.8687999999999999,16.4,0.0,0.3133856545896949,0.10772011824606402,1.8694068380397013,0.26376905118059235,1.9689763256176742,0.7597675210675917,0.23828464348260034,0.21455192033299356,0.29535997158905014,0.6641565332793442,0.05
854,0.5773,False,0.0,0.23620000000000002,0.9328,3.6,0.0,0.3563074172005575,0.058766754202587666,1.870394864967119,0.2802589614605877,1.7403524919866462,0.47362758400165933,0.2111999329261865,0.19039081066628027,0.15774024512819662,0.47322073538458986,0.05
855,0.57075,False,0.0,0.18150000000000002,1.0,10.0,0.0,0.2720324511571114,0.07116235842731769,1.7014330406672578,0.05218953074598711,1.5405000000000002,0.0362415507394482,0.0966550237971334,0.01628155299665088,1.5934454760894821e-242,0.0,0.05
856,0.5828,False,0.0,0.2056,1.0,10.0,0.0,0.2934126496702615,0.09659884858590446,1.7944472740216828,0.14456236225073898,1.5913777777777784,0.10080551131317786,0.1338477247504707,0.07166308101471766,0.012000000000000455,0.036000000000001364,0.05
857,0.5995,False,0.0,0.199,1.0,0.0,0.0,0.29189482645211295,0.012549774890349629,1.7189868878914374,0.057953831113312905,1.5667555813259553,0.06953291000675647,0.10248487846171875,0.001400055057532566,0.0034000000000003324,0.010200000000000998,0.05
858,0.49849999999999994,False,0.0,0.28169999999999995,0.8760999999999999,40.2,0.0,0.3885452429807726,0.08825696413721314,2.0753128443198454,0.41119766878224934,2.1798380364539525,1.3172406181303467,0.34190971072186166,0.3335070830381941,0.39386088395226004,0.788104799298488,0.05
859,0.57085,False,0.0,0.18170000000000003,1.0,10.0,0.0,0.26125864679931976,0.07628055474454559,1.7161472061345104,0.06721875829832065,1.5826000000027323,0.0572733795058279,0.09728887149687225,0.015697226762669814,0.006200000000000373,0.018600000000001116,0.05
860,0.49484999999999996,False,0.0,0.25199999999999995,0.8977,40.0,0.0,0.3280327015189665,0.17668739552932317,1.9811885233346214,0.46983699773495413,2.0995696791790355,1.0380661760943934,0.3088016565892041,0.36289276698021194,0.4041772692320388,0.8090652962716951,0.05
861,0.5995,False,0.0,0.199,1.0,0.0,0.0,0.3036865685410476,0.016804198312710922,1.7434569953466847,0.04733557945857522,1.5593,0.08439792651481434,0.10333985035878637,0.0017363751403750576,2.001927207520782e-242,0.0,0.05
862,0.5995,False,0.0,0.199,1.0,0.0,0.0,0.305947757506272,0.03237358903626912,1.7529756975438198,0.06411537921276272,1.5790000000000002,0.08318052656722012,0.10471343768246963,0.005106262097185864,2.0561832211478746e-242,0.0,0.05
863,0.5333,False,0.0,0.26659999999999995,1.0,50.0,0.0,0.35587722053291765,0.07804198004626094,1.8835323722314847,0.12484271806898012,1.5368,0.05821821020952121,0.2053548597407448,0.11568971422900226,6.469079286907989e-174,0.0,0.05
864,0.542,False,0.0,0.19370000000000004,0.9303000000000001,10.0,0.0,0.3019457157789321,0.10354717723246477,1.7702154300361834,0.21054361443947103,1.7686312052999291,0.6331952662129188,0.17540048990875817,0.22872760556819288,0.19043708451376395,0.5713112535412919,0.05
865,0.5449999999999999,False,0.0,0.21000000000000002,1.0,30.0,0.0,0.3120609104276618,0.11143093810816461,1.7571038704366964,0.12246652750589052,1.5508,0.06954825662804211,0.14246916875943075,0.0942395874506118,7.013789833467892e-193,0.0,0.05
866,0.6005,False,0.0,0.201,1.0,0.0,0.0,0.317130100022778,0.022630767561012927,1.7144526250217584,0.04300366475758411,1.5708,0.04202332685545021,0.10744048118819874,0.005119012283999187,2.0421453233456997e-237,0.0,0.05
867,0.5649,False,0.0,0.20980000000000004,1.0,20.0,0.0,0.2898619284008414,0.10444219253739435,1.813736112361464,0.15049534498168848,1.5722,0.11434841494310284,0.14543142304816917,0.10739082558263549,5.6902623402016275e-161,1.7070439886457737e-160,0.05
868,0.49435,False,0.0,0.2205,0.9282,40.0,0.0,0.289776680911686,0.14083337901202617,1.8224847621950861,0.2152499097002285,1.801728055090799,0.6868666386120494,0.2167566326114525,0.21757321086600043,0.15623176077932946,0.46869528233798835,0.05
869,0.5995,False,0.0,0.199,1.0,0.0,0.0,0.2910735161310402,0.021705581738555035,1.737153168060774,0.04201507625654009,1.5604888888888897,0.10666674999996932,0.10345026980654333,0.0030981469275659693,0.02080000000000058,0.06240000000000174,0.05
870,0.57175,False,0.0,0.215,0.9285,0.0,0.0,0.31163819202152954,0.01636797431412947,1.8070865558637805,0.14952389083912712,1.8488322686207934,0.9589587385863604,0.17211726895690402,0.19598887636023904,0.1622004534759694,0.48660136042790814,0.05
871,0.6005,False,0.0,0.201,1.0,0.0,0.0,0.31036064228278887,0.026176857857124765,1.7493455437756125,0.04708095022067708,1.5581019322713217,0.06614960923954347,0.10500441276941466,0.005191995853940449,1.5055419525346906e-238,0.0,0.05
872,0.54005,False,0.0,0.2204,0.9381,19.6,0.0,0.3261919252705918,0.1313891273013567,1.8491620448740638,0.24471960037569915,1.9064523554773332,0.9463504701687406,0.20676999668878784,0.24787087691858792,0.17054139247236616,0.5116241774170984,0.05
873,0.5177999999999999,False,0.0,0.24630000000000002,0.8693,20.0,0.0,0.3637770296563924,0.07915288498528489,1.9328225684163012,0.26646706187237057,1.9884670811040976,0.8172815801561217,0.27627939945175706,0.30872618604298774,0.3162142215968755,0.632498429495511,0.05
874,0.5410000000000001,False,0.0,0.2731,0.9303000000000001,30.35,0.0,0.39686209955555396,0.1499231867765542,2.0052426302737842,0.4574640631246012,2.0443807208414473,1.4050481586954549,0.28008660553982967,0.2813652040375919,0.20590881125726807,0.6177264337718041,0.05
875,0.5729,False,0.0,0.18580000000000002,1.0,10.0,0.0,0.27926907203705237,0.08545719777283176,1.7277036160857342,0.06921852266158154,1.5635999999999999,0.061618503714387644,0.10405374476929408,0.022625235169073898,2.69966425409326e-231,0.0,0.05
876,0.57095,False,0.0,0.1819,1.0,10.0,0.0,0.2810723469789892,0.08763654971648761,1.7515973620228464,0.05834767351752485,1.5411000007080955,0.05807831030010734,0.10402922279711875,0.022295575119659267,2.280870166928431e-242,0.0,0.05
877,0.5398999999999999,False,0.0,0.24299999999999997,0.8768,10.0,0.0,0.35589507187122515,0.10490283246212463,1.9155886014435648,0.3727893087923608,2.0608675708611335,0.9323721832466124,0.2592699174178079,0.31456857807898775,0.2651496748525621,0.5415679578670072,0.05
878,0.59005,False,0.0,0.22010000000000002,1.0,10.0,0.0,0.320795853003045,0.04498049476659733,1.7467769673900044,0.11993756522830624,1.5657999999999999,0.05865117219629975,0.13165951060862877,0.08232734559987122,4.935515819302168e-179,0.0,0.05
879,0.5136000000000001,False,0.0,0.14720000000000003,1.0,30.0,0.0,0.22636758286595424,0.12444159732570885,1.720300819431013,0.0898656274697211,1.5722,0.06797175884144822,0.08721662480092454,0.024611792224994294,1.498041567853201e-242,0.0,0.05
880,0.5562999999999999,False,0.0,0.22200000000000003,0.9305999999999999,10.0,0.0,0.3346276811882751,0.04717018242648191,1.8375518383850156,0.25254830552592467,1.7894860035501576,0.7085961817601915,0.17397291337889387,0.1746108986426941,0.19908600355015735,0.597258010650472,0.05
881,0.5896,False,0.0,0.2192,1.0,10.0,0.0,0.3305856671777657,0.04661454566751928,1.771328459844669,0.09979059271818037,1.5434000000000003,0.055256130881559444,0.1346814554410823,0.08060490175101408,8.76723730574634e-194,0.0,0.05
882,0.5984,False,0.0,0.199,1.0,0.55,0.0,0.3233864421130452,0.07418172028869345,1.769153103578794,0.058559420616347876,1.5756000000000001,0.08771453699359075,0.11366332366763968,0.030642300390212998,3.2554677026616973e-242,0.0,0.05
883,0.5720999999999999,False,0.0,0.1842,1.0,10.0,0.0,0.29063937268002454,0.09180557773812068,1.7098512108222763,0.05400982613007291,1.528,0.048126915546292816,0.10363779592070399,0.01797720880303877,2.4062715704424672e-237,0.0,0.05
884,0.542,False,0.0,0.1955,0.9285,10.0,0.0,0.2773443046853691,0.07835284081261339,1.7556088150731497,0.18321599259488244,1.8014484865426383,0.7852004260822008,0.16270278090541151,0.19691221580442617,0.18386059392902468,0.551581781787074,0.05
885,0.6015,False,0.0,0.203,1.0,0.0,0.0,0.32063044278658787,0.024948609968703718,1.7291147744980246,0.0433807167432958,1.528,0.0375819105421744,0.10792461287647914,0.007534471441744632,3.266369176107646e-237,0.0,0.05
886,0.5738,False,0.0,0.18760000000000002,1.0,10.0,0.0,0.2893861863131552,0.0853767756509155,1.7296228211652291,0.05752817204372284,1.5478999999999998,0.059132816608039214,0.1053908528470809,0.021832341209802663,2.6959625233010374e-231,0.0,0.05
887,0.597,False,0.0,0.201,0.993,0.0,0.0,0.31499905871949496,0.019213082600507397,1.774820873756926,0.0732431344517534,1.6414111111111125,0.33849524697139405,0.12596433925168676,0.05849145048726611,0.07980000000000101,0.239400000000003,0.05
888,0.5258499999999999,False,0.0,0.24289999999999998,0.9288000000000001,30.0,0.0,0.32493382133787124,0.045885817327430654,1.85532340009298,0.210879385660124,1.829499557061069,0.843663804708285,0.22482065749400407,0.21177093335435562,0.19522448701350345,0.5856734610405103,0.05
889,0.5422,False,0.0,0.16440000000000002,1.0,20.0,0.0,0.24447088649078313,0.10788561097566159,1.7034828745278605,0.05521813026576673,1.5652000000027326,0.07331684663236439,0.09399440815928645,0.018827544611184462,0.006200000000000358,0.018600000000001074,0.05
890,0.57085,False,0.0,0.18170000000000003,1.0,10.0,0.0,0.2797715403957669,0.0813811328500276,1.685176506567323,0.03637678224930998,1.5473,0.08148134755881255,0.09716793692651757,0.015599298512688275,1.2426586750127421e-242,0.0,0.05
891,0.5379,False,0.0,0.24580000000000002,0.9292,24.8,0.0,0.3613603990313228,0.07727940485426282,1.8616786864970507,0.26110631185011285,2.0087612052844173,1.2453322196893057,0.22629339226898432,0.24038882276421256,0.1999892957002381,0.5999678871007142,0.05
892,0.4945500000000001,False,0.0,0.17230000000000004,0.9368000000000001,30.0,0.0,0.2536605704261543,0.14221561700886118,1.7809811778710205,0.2562688998337584,1.802530638848437,0.6266329651276523,0.1715225723797304,0.2452281023766531,0.1637147777657717,0.4911443332973151,0.05
893,0.5995,False,0.0,0.199,1.0,0.0,0.0,0.2989975816532078,0.01570278380289484,1.742266778069038,0.03900194519410384,1.5653000000000001,0.10667337999707333,0.10292892150430515,0.0015847885425722687,1.8433460860438155e-242,0.0,0.05
894,0.5247499999999999,False,0.0,0.2934,0.8312999999999999,18.8,0.0,0.41165073886137254,0.1388309576273221,2.0962998142586753,0.49783196947914227,2.076264034922935,0.8580024248491436,0.3888349486927507,0.37314456962461173,0.39326486297980934,0.6332748992542678,0.05
895,0.5802,False,0.0,0.231,0.9294,0.0,0.0,0.3471447179436624,0.034751410425702234,1.839848820517806,0.2404889434737699,1.8478651253217269,0.5867261503188876,0.19575880768063944,0.1890459081968026,0.22505890572802514,0.5042504109377798,0.05
896,0.5995,False,0.0,0.199,1.0,0.0,0.0,0.30823592495778046,0.02221724377356839,1.7373774448932213,0.04101181331167697,1.5485000000000002,0.07349183628131818,0.1104314187578929,0.01690631644597779,2.2084981473664457e-242,0.0,0.05
897,0.5711,False,0.0,0.21300000000000002,0.9292,0.0,0.0,0.31291516524445784,0.03729945128766938,1.807417210910232,0.19245736557203919,1.8579425046738822,0.8980833841350747,0.17040458664607255,0.19647264287500085,0.1718274759122704,0.5154824277368112,0.05
898,0.59355,False,0.0,0.199,0.9881,0.0,0.0,0.3102562907746481,0.02016615829170706,1.752917873894844,0.06952445242866269,1.6637111111111125,0.3325139195081452,0.12227566695272929,0.058416168606531864,0.07980000000000088,0.23940000000000264,0.05
899,0.5995,False,0.0,0.199,1.0,0.0,0.0,0.31653757007764954,0.02069358995903281,1.6921188771674232,0.029265238041877934,1.577902341715495,0.08444107531957883,0.10386264056007388,0.0025072195662873714,9.86173483392512e-243,0.0,0.05
900,0.57105,False,0.0,0.1821,1.0,10.0,0.0,0.259931330104479,0.07614756998336822,1.7242713613793736,0.05821495294963213,1.5342444444488756,0.04746465351216638,0.09902724720993065,0.0120345032581623,0.009900000000000419,0.029700000000001253,0.05
901,0.5083,False,0.0,0.2065,0.9301,30.0,0.0,0.2828148056687077,0.13548315850165263,1.8342275498839289,0.26434765789997283,1.8313321285401607,0.8588370072176508,0.20153759565236973,0.23006707944179303,0.18093212854016072,0.5427963856204822,0.05
902,0.5995,False,0.0,0.199,1.0,0.0,0.0,0.321181637960268,0.030166663776015967,1.7351872118183038,0.049693304667960785,1.6021786459799336,0.09247211699088953,0.10612537021295569,0.00893027816363346,2.7760298895939643e-242,0.0,0.05
903,0.5995,False,0.0,0.199,1.0,0.0,0.0,0.29138204676654744,0.017520151403228622,1.733272518313997,0.052038421767889885,1.5351000000000001,0.04083491153412724,0.10283279925277913,0.0018406583593757614,2.581069454993183e-242,0.0,0.05
904,0.6005,False,0.0,0.201,1.0,0.0,0.0,0.3209590084315869,0.019113899276084936,1.723648217328965,0.03443717970969109,1.5683629447142287,0.03441462448394282,0.10713876461697473,0.00492901638535807,0.00600000000000037,0.01800000000000111,0.05
905,0.6025,False,0.0,0.20500000000000002,1.0,0.0,0.0,0.3081049323423054,0.027535983873055177,1.7398518780934862,0.05534602299082261,1.5703,0.07143395551136729,0.10918529898901763,0.013368366305481105,4.723658670742424e-231,0.0,0.05
906,0.5995,False,0.0,0.199,1.0,0.0,0.0,0.31770058940412926,0.0198268625721799,1.7444684837302666,0.04658503769653369,1.5467999999999997,0.06625828250113343,0.1039071402623474,0.0019283781945576854,3.6185434908865025e-242,0.0,0.05
907,0.5611999999999999,False,0.0,0.23020000000000002,0.9321999999999999,10.0,0.0,0.3334947995377194,0.02946188107340996,1.838701729396524,0.257189509948999,1.7427056630358337,0.5733188024349386,0.1869813730648714,0.1961777585701474,0.15459080449291324,0.46377241347873976,0.05
908,0.47969999999999996,False,0.0,0.1895,0.9299,40.0,0.0,0.2886423203329803,0.13361407170059048,1.7997061962942755,0.23026694944531428,1.963349011832226,1.3502935969830303,0.18883324164871923,0.22941753252830552,0.19999994974635468,0.5999998492390641,0.05
909,0.5995,False,0.0,0.199,1.0,0.0,0.0,0.30878532619667143,0.0191218014868077,1.729352388020644,0.045887817080954,1.5731001077964901,0.07361724391923737,0.10524059878564743,0.004729091870879391,1.3322746302626887e-242,0.0,0.05
910,0.54045,False,0.0,0.193,0.9279,10.0,0.0,0.2942157866831986,0.0878409866362481,1.7968928315924397,0.2393850361607509,1.833137132682418,0.8105459010167865,0.16901554009740746,0.21650911409865037,0.17515529689922674,0.5096668458752044,0.05
911,0.5995,False,0.0,0.199,1.0,0.0,0.0,0.31196091041066587,0.026516459600809283,1.7028468857630545,0.061059495808061054,1.539,0.0867409937688058,0.10311479075140728,0.0017850246838076805,1.4699264696662889e-242,0.0,0.05
912,0.5525500000000001,False,0.0,0.2251,1.0,30.0,0.0,0.3324646289058343,0.11251808809214099,1.808721125628892,0.16580409719428946,1.525,0.03350522347336305,0.16733666085189505,0.11358807605083436,3.012399788449395e-183,0.0,0.05
913,0.5426,False,0.0,0.1652,1.0,20.0,0.0,0.2536418470160036,0.10581445066554418,1.7093078133082038,0.06839451921922135,1.5595,0.06601704325399614,0.09337093304989114,0.01912454521691846,1.4616259060744631e-242,0.0,0.05
914,0.5995,False,0.0,0.199,1.0,0.0,0.0,0.29527133009340834,0.016660707674407443,1.731796180220791,0.031218137594893888,1.544,0.06119477101844569,0.10262496000770724,0.0015938004300323275,3.411588918575976e-242,0.0,0.05
915,0.56545,False,0.0,0.23529999999999998,0.9356,10.0,0.0,0.3582317235559245,0.10474708719295796,1.8514230899979907,0.2487226121810688,1.7484997262844861,0.5998512045872817,0.20270627705939193,0.2345758557901477,0.18769972614524288,0.5630991784357285,0.05
916,0.5722,False,0.0,0.18440000000000004,1.0,10.0,0.0,0.280438892875135,0.0721413488266402,1.7236576592586945,0.06491652344866553,1.5753444449742644,0.052592691710632584,0.10055059727989053,0.016471625825621294,0.01700000000000081,0.038212563379078864,0.05
917,0.571,False,0.0,0.18200000000000002,1.0,10.0,0.0,0.27926744644957846,0.07762592101550142,1.7001637093068165,0.05193478760984194,1.548700000000009,0.04383389099771017,0.09821571292048999,0.015238085842636754,1.3450259369229138e-242,0.0,0.05
918,0.5709,False,0.0,0.18180000000000002,1.0,10.0,0.0,0.27375712075561404,0.061292503302905706,1.731563194668022,0.045769517753778126,1.55207777777778,0.043876708577055626,0.0980645929620445,0.01527991142594178,0.008400000000000404,0.025200000000001208,0.05
919,0.57175,False,0.0,0.18350000000000002,1.0,10.0,0.0,0.28019457171061507,0.08953617651849437,1.6910684436094456,0.05136815179091989,1.5231999999999999,0.029542511741556417,0.10002305809124465,0.018337351126955146,4.36094952438053e-239,0.0,0.05
920,0.5995,False,0.0,0.199,1.0,0.0,0.0,0.32520864557957724,0.01584204387972785,1.724962507068475,0.04079257511054713,1.5251000000000001,0.05339559906958625,0.10476596507371058,0.001909801563039054,1.9446221162332063e-242,0.0,0.05
921,0.5708,False,0.0,0.18160000000000004,1.0,10.0,0.0,0.26420181818549615,0.08161176154681335,1.7387155414476774,0.0793156397955872,1.5969000000000002,0.09841285485138619,0.09682155778230182,0.01605102330433221,2.0852612354169295e-242,0.0,0.05
922,0.5995,False,0.0,0.199,1.0,0.0,0.0,0.31688744434961685,0.011422399659873144,1.7332923068481503,0.051743797940604234,1.5659,0.04679626053436323,0.10359317851579782,0.0010461384656703478,2.2857617205614395e-242,0.0,0.05
923,0.5125,False,0.0,0.2428,0.9406000000000001,39.6,0.0,0.3457441469477636,0.13052720003500523,1.9157499321846412,0.28463732194263197,1.7806707238131376,0.6142497589816184,0.24233043463351894,0.2604088064466669,0.1630242674245917,0.48907280227377514,0.05
924,0.5995,False,0.0,0.199,1.0,0.0,0.0,0.2970352047522202,0.01804526229280907,1.7389902419722048,0.045531861702005544,1.5382000000000002,0.07170327747041971,0.10299138540367307,0.0013640070680442668,1.9589817284223035e-242,0.0,0.05
925,0.57105,False,0.0,0.1821,1.0,10.0,0.0,0.28322470137577804,0.07837724714765179,1.7156719251156716,0.051570490779830225,1.6027000000000524,0.045312360344712255,0.09781595993008993,0.015530895769716663,1.7105010941300286e-242,0.0,0.05
926,0.45970000000000005,False,0.0,0.2575,0.7393000000000001,19.35,0.0,0.3914483644397337,0.18499655694417777,2.055413590063427,0.3871223282989596,2.351903169998831,1.009647646918614,0.3890749019939323,0.3536044422541589,0.6854292628391478,0.848704025670488,0.05
927,0.59345,False,0.0,0.28090000000000004,0.986,20.0,0.0,0.37791010977018746,0.09455308289145443,1.929092863763308,0.23415960461571758,1.6546333333333352,0.3344095369379648,0.23249252882860305,0.15984767769548205,0.08040000000000115,0.23920668886969107,0.05
928,0.57185,False,0.0,0.18370000000000003,1.0,10.0,0.0,0.2896209781002709,0.08964776643165843,1.7061188984024462,0.054969867511571506,1.5327,0.03784983487414439,0.10080601453539377,0.017689807015344675,5.659041938368234e-237,0.0,0.05
929,0.5258999999999999,False,0.0,0.2504,0.8814,20.0,0.0,0.34222715771219414,0.13691637291610653,1.9762043620248817,0.4874408035605595,2.0325737186780644,1.106449614737273,0.30358578173531114,0.34152173335045977,0.2686554608735468,0.5852682721537611,0.05
930,0.49845,False,0.0,0.21539999999999998,0.8615,20.0,0.0,0.3443354740497121,0.12910996471040184,1.8732937651998363,0.32746539771166827,2.288236535793741,1.5896919618324972,0.273201125469096,0.3109488495624468,0.39422080704120266,0.7885475088789954,0.05
931,0.5995,False,0.0,0.199,1.0,0.0,0.0,0.29197964366531604,0.015169629681860813,1.771293703177875,0.04522593388458138,1.5211000000000001,0.0394346294517902,0.1048584291270059,0.0031704391324040484,3.4055749830221104e-242,0.0,0.05
932,0.54375,False,0.0,0.16750000000000004,1.0,20.0,0.0,0.2565736173388079,0.10126212187246207,1.7168289916658608,0.06982316974191889,1.5541946438259562,0.05118610335375167,0.09645446315536227,0.020420969525406493,0.008100000000000763,0.01645873628198868,0.05
933,0.5708,False,0.0,0.18160000000000004,1.0,10.0,0.0,0.2764556412747082,0.08218152967487649,1.7310792300735973,0.07329091218126209,1.5705000000000002,0.10560894848449169,0.10493823427155897,0.026599113168247195,2.2810932463356012e-242,0.0,0.05
934,0.5714,False,0.0,0.18280000000000002,1.0,10.0,0.0,0.2781709339996155,0.06848173967724838,1.716155893079831,0.05070982509098802,1.5699888894187084,0.06698027067087167,0.09874235582573487,0.012654672472386377,0.0046000000000003495,0.01380000000000105,0.05
935,0.5995,False,0.0,0.199,1.0,0.0,0.0,0.2977117173911801,0.0229562787415925,1.7298664322829498,0.039369095956721584,1.5594000000000001,0.05084328864265178,0.10358446278903366,0.001776577317550574,3.033017682468522e-242,0.0,0.05
936,0.5995,False,0.0,0.199,1.0,0.0,0.0,0.3021534781153928,0.017695908949919216,1.7412077673291342,0.0852282241614783,1.5508514863755969,0.06519283339227304,0.1030102009192148,0.002037122111347635,2.695275960936303e-242,0.0,0.05
937,0.5367500000000001,False,0.0,0.225,0.8574999999999999,2.25,0.0,0.3497596352891704,0.04545688579453502,1.932488942761898,0.3165365464318098,2.1699421617317993,1.030051319529106,0.2651773988999393,0.2866142847553369,0.4003237118167367,0.6458647789412538,0.05
938,0.5995,False,0.0,0.199,1.0,0.0,0.0,0.2984876844153255,0.01793116508031381,1.737015323673149,0.04006420205536454,1.5618645833333336,0.05381955226243681,0.1042251017095116,0.0014841084224824228,2.5598805167701993e-242,0.0,0.05
939,0.5138,False,0.0,0.1476,1.0,30.0,0.0,0.23022239762034363,0.12989974346700642,1.6966132080552996,0.07347204212718429,1.5421,0.05537770309429599,0.08809763830683838,0.02490842861985161,2.14356533408678e-242,0.0,0.05
940,0.5995,False,0.0,0.199,1.0,0.0,0.0,0.3168039386567277,0.013293654184191877,1.7150602267514408,0.04848557082940618,1.5558,0.045547338012226345,0.10321254835804575,0.001107405247173591,1.929668638956316e-242,0.0,0.05
941,0.51345,False,0.0,0.1469,1.0,30.0,0.0,0.23643990077282656,0.13241350537292024,1.6862636102039843,0.07677070197954006,1.550433333353202,0.08808077732628312,0.08932403558830859,0.026274507540174373,0.005600000000000363,0.016800000000001092,0.05
942,0.5995,False,0.0,0.199,1.0,0.0,0.0,0.3049207881990848,0.022575112810811145,1.7497208124401866,0.03790867652109152,1.5455000000000005,0.0641003120117221,0.10591264598923904,0.007453788705855473,2.7462836465580326e-242,0.0,0.05
943,0.5292000000000001,False,0.0,0.2445,0.9339000000000001,30.0,0.0,0.3419811386506201,0.04581879258789355,1.920910502326744,0.3465843306362903,1.99543333103599,1.4173323547431553,0.23045958284416276,0.2226437861462848,0.1999999977026564,0.5999999931079693,0.05
944,0.46664999999999995,False,0.0,0.2833,0.8099999999999999,40.0,0.0,0.43898870372634813,0.0932342526220157,2.0221179626752877,0.342008015504806,2.152992353311163,0.9147119172170977,0.3825667312932498,0.332096730713058,0.5102021691753164,0.7817668393577736,0.05
945,0.5156999999999999,False,0.0,0.2547,0.9286999999999999,38.0,0.0,0.36579661527367424,0.06666795589116066,1.8989949981875,0.17970427575543124,1.8908178456077327,0.9263768511585821,0.2501038630508838,0.21189307408211697,0.16754096783166908,0.5026229034950073,0.05
946,0.57075,False,0.0,0.18150000000000002,1.0,10.0,0.0,0.28361991603600073,0.08897308914185095,1.6888162140556584,0.05158362536891886,1.5402,0.048739716864175595,0.09791502117291753,0.016573451406287458,1.897905545717796e-242,0.0,0.05
947,0.57075,False,0.0,0.18150000000000002,1.0,10.0,0.0,0.2760414944408251,0.07220379939514499,1.697820718297384,0.048525830182013334,1.5379,0.05733314922451061,0.09901109022177304,0.017160290090497386,1.6336291105428013e-242,0.0,0.05
948,0.58655,False,0.0,0.2131,1.0,10.0,0.0,0.31196914491051553,0.03117687365328804,1.738171423001323,0.09542282222332314,1.583500000000427,0.09071852071139863,0.12412641933674047,0.05546943924634798,3.986877925287468e-206,0.0,0.05
949,0.57085,False,0.0,0.18170000000000003,1.0,10.0,0.0,0.2755614417283928,0.07717618932757606,1.7076062457869128,0.06375894745057172,1.5971000000000002,0.05837028353537441,0.09734594478157862,0.01599505457087919,1.5332702600471945e-242,0.0,0.05
950,0.6101,False,0.0,0.22020000000000003,1.0,0.0,0.0,0.34390189949070027,0.027244368857782777,1.7809983411146046,0.12457583267511405,1.634077777777779,0.2647027872077618,0.14072682383891522,0.06020347948169099,0.06330000000000091,0.1899000000000027,0.05
951,0.5995,False,0.0,0.199,1.0,0.0,0.0,0.2887054140170425,0.01388200734364227,1.7421845379259508,0.05381825699219489,1.5509,0.054760295835577795,0.10443450815591737,0.0019799870789250925,2.5869888575870656e-242,0.0,0.05
952,0.57075,False,0.0,0.18150000000000002,1.0,10.0,0.0,0.27144510013892875,0.08346346917457936,1.6871288291825413,0.05088286670147589,1.5413999999999999,0.09940140844072584,0.09776922515197196,0.016861188903835304,1.9465866066712215e-242,0.0,0.05
953,0.5361,False,0.0,0.2473,0.9449,30.0,0.0,0.31894465056937416,0.171218368668972,1.9319362191988496,0.3793240045792366,1.766857750078313,0.7037999896598571,0.24579644431309866,0.26307092346555816,0.05,0.15000000000000002,0.05
954,0.5271,False,0.0,0.21030000000000001,0.9303000000000001,21.6,0.0,0.3245799201230536,0.11561532958440952,1.848226003134819,0.2708681147316177,1.7894745104562582,0.760668259963692,0.19377789849274923,0.23478932218846657,0.16155375284745058,0.4846612585423517,0.05
955,0.5138499999999999,False,0.0,0.1477,1.0,30.0,0.0,0.22800825245596995,0.12140685161376187,1.6879198938089846,0.06676741349665571,1.5744,0.07725956251494054,0.08834745158132618,0.02340267715664949,1.2843221892087085e-242,0.0,0.05
956,0.41475000000000006,False,0.0,0.22069999999999998,0.8008000000000001,48.0,0.0,0.3121584716536825,0.196760461070791,2.02137799135695,0.42902522170529467,2.1096753981928416,0.9376927760039497,0.3515959399524331,0.33788917349109276,0.41150030563513146,0.6677756646496307,0.05
957,0.45355000000000006,False,0.0,0.25060000000000004,0.7365,20.0,0.0,0.35785228824220044,0.15299583514228687,2.0573785597794534,0.41648502062480264,2.5377842339799903,1.3063730796349082,0.42032421492685434,0.39887140117533054,0.6511271143782942,0.7993802029150688,0.05
958,0.5995,False,0.0,0.199,1.0,0.0,0.0,0.28322620168825063,0.01058502562298381,1.6982220785500306,0.05216463620762082,1.5385,0.05371824643452166,0.10257856868283852,0.0012773586954221735,1.8407278463091812e-242,0.0,0.05
959,0.58595,False,0.0,0.21190000000000003,1.0,10.0,0.0,0.3274822168137581,0.036218985929729934,1.7475664882140216,0.057063213267060695,1.5876000000000001,0.07967584326507002,0.11955313403497814,0.037953256068641854,9.282673530616462e-216,0.0,0.05
960,0.5995,False,0.0,0.199,1.0,0.0,0.0,0.329556029158432,0.06219179014937956,1.7269729295597185,0.05081145701656203,1.528,0.04050185180951606,0.111601191091601,0.02462061982947572,3.3862179438126987e-242,0.0,0.05
961,0.5654499999999999,False,0.0,0.24289999999999998,1.0,28.0,0.0,0.34641858854384044,0.05823266807427221,1.7955368789705344,0.12869393930156217,1.5300158474392367,0.025952549924112774,0.16851963819554833,0.09664533964172697,0.0032000000000003298,0.00960000000000099,0.05
962,0.5708,False,0.0,0.18160000000000004,1.0,10.0,0.0,0.261922966672959,0.07225813848889454,1.7482282949156385,0.06789505470525684,1.5442,0.04034055031850705,0.09688715936571787,0.01569373339891974,2.5908405438563474e-242,0.0,0.05
963,0.54585,False,0.0,0.2064,0.9413,14.0,0.0,0.320495230201424,0.13692097106653361,1.8485140568920666,0.47724909722921605,1.8939841378261515,1.0290044637641833,0.2028723488128147,0.3146352054251781,0.21665080449281815,0.6499524134784544,0.05
964,0.51325,False,0.0,0.14650000000000002,1.0,30.0,0.0,0.22464590704505588,0.11828195800131219,1.7156797679338596,0.08569876142586598,1.5826000041147072,0.08735925985888399,0.08557142572758185,0.025205309079580452,1.6138221523087666e-242,0.0,0.05
965,0.5995,False,0.0,0.199,1.0,0.0,0.0,0.2931981936982514,0.012029541174867181,1.7193497684210581,0.07264868659148248,1.5901,0.06154258688095586,0.10212702292336887,0.0005223430832179258,1.658368891334914e-242,0.0,0.05
966,0.51845,False,0.0,0.2153,0.9422,30.15,0.0,0.32184759762503445,0.10890837639481886,1.8485523467051643,0.3701941456969071,1.9807124910135183,1.2534565115752365,0.20746139321445245,0.2662038874762774,0.19999676226098026,0.5999902867829408,0.05
967,0.5356000000000001,False,0.0,0.1912,1.0,30.0,0.0,0.27205779430255206,0.1236643177324569,1.7894729411834374,0.1357789717172899,1.5631,0.06672698104964735,0.1335358527744525,0.08607384132230868,4.0956967072779883e-203,0.0,0.05
968,0.54235,False,0.0,0.1647,1.0,20.0,0.0,0.2588402086885476,0.09843892671275978,1.7167114810709017,0.059615168699426915,1.6357000000084685,0.2425531075877281,0.10061519595778712,0.01990395870557159,0.05870000000000121,0.17213718366466008,0.05
969,0.5419499999999999,False,0.0,0.20389999999999997,1.0,30.0,0.0,0.3116180363743185,0.09956655325939572,1.7429738283540064,0.08006861940405494,1.5350000000000001,0.03784970277294126,0.1377710638377682,0.06590347726866118,5.569604123453183e-215,0.0,0.05
970,0.50425,False,0.0,0.25630000000000003,0.7922,10.0,0.0,0.3751395797570701,0.08658174853584012,2.0105086372157697,0.34663222966324786,2.067600662693232,0.8505670381959474,0.34498715510273187,0.3200701868451798,0.29941025098324736,0.5343201408075579,0.05
971,0.5358499999999999,False,0.0,0.16490000000000002,0.9868,20.0,0.0,0.26729244732237706,0.10867022849155021,1.7018882549239265,0.1051864673210889,1.627455555555557,0.34203784878285426,0.11436135183435844,0.06700892107985648,0.07990000000000087,0.2397000000000026,0.05
972,0.4235499999999999,False,0.0,0.20990000000000003,0.7971999999999999,40.0,0.0,0.2692381449278424,0.15471343454918732,1.9725678286327313,0.4039973065172405,2.139001084212178,0.9249368312539238,0.3199323077150066,0.33516043010302277,0.3730754240468537,0.6189153897326736,0.05
973,0.6045,False,0.0,0.20900000000000002,1.0,0.0,0.0,0.3348535143170997,0.036954314640751634,1.7149400319721948,0.03699957701541136,1.561,0.09339486067230898,0.11867401919563883,0.03748729632750074,1.3913563481999646e-220,0.0,0.05
974,0.5708,False,0.0,0.18160000000000004,1.0,10.0,0.0,0.2828688833012231,0.08406138909915636,1.712213988268136,0.05483697757465335,1.5274,0.038554377183401614,0.09991968495979232,0.016850405515909085,1.8426097095699879e-242,0.0,0.05
975,0.5995,False,0.0,0.199,1.0,0.0,0.0,0.2938948150013382,0.011961394841067185,1.738703073850165,0.02536248786295591,1.5511,0.06775020295172558,0.10256697173309333,0.0007341197713003474,3.544183775615888e-242,0.0,0.05
976,0.4698,False,0.0,0.2452,0.7888,23.6,0.0,0.3572730728105014,0.06988758466967065,1.9255524311048053,0.2964422083585229,2.347552052546867,1.2831179624416444,0.3109561437765615,0.2953815404749036,0.5275389893536678,0.8188179783428491,0.05
977,0.5522999999999999,False,0.0,0.24489999999999998,0.9397,20.0,0.0,0.34032855435546566,0.11828211086154114,1.9098348533681826,0.3432655071534464,1.7831638958773173,0.6304887542489283,0.2422091209245399,0.25088698660245096,0.19420000058671846,0.4754033672901789,0.05
978,0.54825,False,0.0,0.17650000000000002,1.0,20.0,0.0,0.2794880864233121,0.13017934317887814,1.7406301816843956,0.08898463420465749,1.5486,0.03306115545470243,0.11459859410931172,0.041789324745682345,1.1136726396541656e-230,0.0,0.05
979,0.54245,False,0.0,0.1649,1.0,20.0,0.0,0.24738697562514161,0.10269852940314343,1.6980469731468457,0.062446348037347735,1.5775946316189238,0.05084237731236814,0.09301787389598136,0.02005239745089007,2.2656878762280945e-242,0.0,0.05
980,0.5708,False,0.0,0.1816,1.0,10.0,0.0,0.27244329616222274,0.08348752411847386,1.7137734796766584,0.053008220461952915,1.5201,0.02556736200705891,0.09786235397594656,0.016651273575196447,2.665485905469084e-242,0.0,0.05
981,0.59495,False,0.0,0.199,0.9908999999999999,0.0,0.0,0.3068653867295824,0.025425959729143643,1.760809443724416,0.10237124946506196,1.6727885306464312,0.33066246234524943,0.12172252148739507,0.055805119192438045,0.07990000000000085,0.23970000000000252,0.05
982,0.45425,False,0.0,0.2056,0.8629,40.0,0.0,0.29709560996999385,0.14257644293489496,1.890705461888961,0.32376984222867794,2.005441716472727,0.9018111974819885,0.25265531007423203,0.2864784106846776,0.32339025745183025,0.6490076290399412,0.05
983,0.5284500000000001,False,0.0,0.1769,1.0,30.0,0.0,0.25802257481776236,0.11736049469847842,1.7165145931862853,0.10384563595006402,1.5864,0.08463119992059669,0.11085267149997395,0.059254849349897894,2.5516018676731675e-204,0.0,0.05
984,0.5709,False,0.0,0.18180000000000002,1.0,10.0,0.0,0.2871044480389077,0.09026525938266992,1.7026409424740692,0.05632651580928261,1.5567,0.06522430528568317,0.09896031116095813,0.015875612812548883,2.494862696524383e-242,0.0,0.05
985,0.48769999999999997,False,0.0,0.2763,0.8591,40.0,0.0,0.4145377035945167,0.057812065499050255,2.0225782152204737,0.3120362821417125,1.9215849612885236,0.7238867862569479,0.3437089021251351,0.27702170892507805,0.2808575163757553,0.584121371706422,0.05
986,0.57095,False,0.0,0.1819,1.0,10.0,0.0,0.27480397755343555,0.06773269502499427,1.7347311098426839,0.06787828185459592,1.639766666666668,0.27287620514316696,0.10813374344114957,0.03706743528835276,0.06530000000000102,0.19590000000000307,0.05
987,0.5995,False,0.0,0.199,1.0,0.0,0.0,0.29839262551612744,0.01240812395885392,1.725804581508856,0.060889667025609,1.5613,0.0749747290758693,0.10273000158161918,0.0018055269241033203,1.7774263748000713e-242,0.0,0.05
988,0.5188,False,0.0,0.2481,0.9303000000000001,35.2,0.0,0.36004693119756537,0.1326678462386961,1.8851599599253213,0.2290611170400123,1.7252167379034642,0.5922205737767966,0.24552600930097865,0.20715179879511839,0.16110003466143707,0.4833001039843112,0.05
989,0.6043499999999999,False,0.0,0.24869999999999998,1.0,10.0,0.0,0.3837124958092307,0.050898914686049596,1.8612543061834916,0.07678044750001232,1.6435000000000013,0.2882537944242922,0.1811977027148396,0.072714828967861,0.06830000000000086,0.2049000000000026,0.05
990,0.5219999999999999,False,0.0,0.19530000000000003,0.9286999999999999,20.0,0.0,0.28381348589249417,0.09378136367222982,1.7972299252676904,0.2180028080077204,1.8993131868712791,0.8299890471888626,0.17155033619750132,0.203268903735169,0.2290642956446857,0.5764435663746448,0.05
991,0.6005,False,0.0,0.201,1.0,0.0,0.0,0.320197233462791,0.02254230916593439,1.7508694966561968,0.05022082167778938,1.5631,0.07169163131077433,0.10709904846736189,0.005649772574771696,1.5008181501742517e-238,0.0,0.05
992,0.572,False,0.0,0.18400000000000002,1.0,10.0,0.0,0.28689737334728616,0.09387366756683117,1.7485381959196868,0.05654197236470488,1.5574000000434867,0.044840160665285504,0.1033962786796954,0.020300462659610087,4.230568034133182e-237,0.0,0.05
993,0.60665,False,0.0,0.2133,1.0,0.0,0.0,0.3319146268992082,0.03886821622527222,1.7824219885775723,0.11853570597613168,1.5664000000001248,0.09268462655711346,0.13224292459237375,0.06628911202566345,3.894865712347319e-201,0.0,0.05
994,0.55555,False,0.0,0.23989999999999995,0.9288000000000001,14.4,0.0,0.3483970983664616,0.04789498895352326,1.8730227271017614,0.23961920795774497,1.7397313178020888,0.5363459626026948,0.22505566759509094,0.21804094801430957,0.16404925526204556,0.49214776578613667,0.05
995,0.47564999999999996,False,0.0,0.30900000000000005,0.7303,22.0,0.0,0.36915149540014314,0.056606656005755776,2.1565960630685224,0.3467482600893805,2.4076016032941814,1.1006860594568981,0.45033229853339574,0.3279527856272783,0.6344965078449687,0.837920965902045,0.05
996,0.5995,False,0.0,0.199,1.0,0.0,0.0,0.28774117571817853,0.011728251013644067,1.7059064435905948,0.04236000134705126,1.559,0.05142178526655798,0.10214583370030057,0.0008648750098461273,2.4527574628950777e-242,0.0,0.05
997,0.53125,False,0.0,0.24159999999999998,0.8609,10.0,0.0,0.3499712345687382,0.08483021228267686,1.8761472272874904,0.21885857133810557,1.8704891187504622,0.6809242634060244,0.2630251609995294,0.27680219846845516,0.3262778065499782,0.653016763492539,0.05
998,0.48655,False,0.0,0.2647,0.8684,40.0,0.0,0.32107702360258056,0.15847092886954736,2.004629130504303,0.3737996165607293,1.8357049924434719,0.6234533360525807,0.3288971344728375,0.3070037728066916,0.24171346950013084,0.5145798523332364,0.05
999,0.6005,False,0.0,0.201,1.0,0.0,0.0,0.31887893314530735,0.02610097444390356,1.7361609490836567,0.04758055297097653,1.5607,0.050892140847089484,0.10813706130872254,0.010264530309199467,2.7319560798228853e-237,0.0,0.05
1000,0.57075,False,0.0,0.18150000000000002,1.0,10.0,0.0,0.28061156071765536,0.07736116275108686,1.7197778802474406,0.05426917593495539,1.5585,0.03255226566615601,0.0996379731524154,0.01782259918706782,1.167478168981096e-242,0.0,0.05
1001,0.5995,False,0.0,0.199,1.0,0.0,0.0,0.29960546160152307,0.01435262546254199,1.7046674740958914,0.02891021610106079,1.5418000000001124,0.056215300408339205,0.10309994571153466,0.0018323566876212376,1.5648935143189449e-242,0.0,0.05
1002,0.6015,False,0.0,0.203,1.0,0.0,0.0,0.29602197083459103,0.01904378727976449,1.7398573090355363,0.03483682737261536,1.5486,0.0563208664706075,0.10614880059633122,0.005363871742408509,8.074641499723271e-237,0.0,0.05
1003,0.5125000000000001,False,0.0,0.26639999999999997,0.8702,27.9,0.0,0.39195592213944885,0.0896053173859796,1.9662308067375698,0.31672972834664426,2.1846754627948366,1.2593487928760532,0.30714525126905723,0.28635490437347055,0.3581594253896162,0.7034960219091847,0.05
1004,0.5392000000000001,False,0.0,0.2605,0.8611000000000001,10.8,0.0,0.41125909249202974,0.12020183995145055,1.971544336004434,0.272270136040262,1.9370062277116613,0.7561777855766841,0.297425890011794,0.275767726428336,0.3619434597822246,0.7243024586975182,0.05
1005,0.5708,False,0.0,0.18160000000000004,1.0,10.0,0.0,0.2820867739597116,0.08112700586482063,1.677156896103805,0.039794085769367514,1.5411000000000001,0.040314885588328284,0.09781423979262342,0.016273765811396168,8.893705229429766e-243,0.0,0.05
1006,0.5995,False,0.0,0.199,1.0,0.0,0.0,0.3049082044834619,0.010825480056951425,1.7200908317513186,0.05232811758670541,1.5357,0.04349034375582697,0.10374193560763967,0.0018706670121801604,2.2550766328352505e-242,0.0,0.05
1007,0.57375,False,0.0,0.18750000000000003,1.0,10.0,0.0,0.30541724621530864,0.10102010324961667,1.7085206694391732,0.06046377521515564,1.5423001187928849,0.06813388875912584,0.10578308531510645,0.021221015951470662,8.614033372882093e-237,0.0,0.05
1008,0.5147,False,0.0,0.2096,0.8598000000000001,10.0,0.0,0.30104179771849215,0.09656396945286752,1.8501604598997772,0.3022426910944072,2.0028726976277387,0.8925141572321598,0.2218335573764497,0.24786018465234622,0.36762672609852665,0.7411314226373534,0.05
1009,0.4649,False,0.0,0.1941,0.8349,24.8,0.0,0.2961736697685562,0.1320584142295691,1.8902932972687665,0.2897052596067628,2.179855791012599,0.9812119364945114,0.25902214533332274,0.2785255649014234,0.46481249093922844,0.768084470115737,0.05
1010,0.48850000000000005,False,0.0,0.17700000000000002,1.0,50.0,0.0,0.24934109568401755,0.1377259309291384,1.7653137819772091,0.14544391222127756,1.5385000000000786,0.050432628327525875,0.1328254708799859,0.09057703110514982,1.0471774081781527e-200,0.0,0.05
1011,0.5708,False,0.0,0.18160000000000004,1.0,10.0,0.0,0.26670617798601076,0.08173976864093088,1.706255491440467,0.05684711507562391,1.5443000000000002,0.04690426419847133,0.09731372775063582,0.01626167034681247,1.983606961366244e-242,0.0,0.05
1012,0.53345,False,0.0,0.2533,0.8692,13.9,0.0,0.3540513684896257,0.08257131919441754,1.922609728138936,0.34703809149638826,2.023718301518987,0.9551447899343191,0.27728180194210106,0.29478919214566396,0.3697722707691698,0.7459433861443006,0.05
1013,0.5995,False,0.0,0.199,1.0,0.0,0.0,0.3021400260899797,0.01417798724979719,1.6930143714749935,0.032451812265317855,1.5656,0.05256462688919232,0.10329562771642942,0.0023599641228141985,2.10632156011291e-242,0.0,0.05
1014,0.4763,False,0.0,0.2521,0.8685,42.0,0.0,0.3493304739784299,0.12155956958681256,1.9618699341225792,0.3097941801705951,1.9682396962489843,0.9173539112964815,0.29640284471815426,0.28633185350658913,0.33978213165532445,0.6824386820935864,0.05
1015,0.5363,False,0.0,0.1926,1.0,30.0,0.0,0.26596455668776187,0.12522908578514722,1.7640096272342851,0.18152156147318166,1.5572000000000001,0.054890436325465655,0.12970524270716247,0.10500824185034147,1.3248674416658006e-170,0.0,0.05
1016,0.5423,False,0.0,0.16460000000000002,1.0,20.0,0.0,0.24916492938675172,0.11728361522964184,1.6746158432033424,0.041092586309211386,1.5621,0.07557175398255621,0.09340787463702623,0.020094633793993483,1.1520581627600669e-242,0.0,0.05
1017,0.57655,False,0.0,0.19310000000000002,1.0,10.0,0.0,0.294976696125504,0.08520144390726103,1.7367880490435013,0.14396250669301988,1.536,0.06423239058294501,0.11557460762084874,0.051805744459344535,1.547527923822293e-216,0.0,0.05
1018,0.5609999999999999,False,0.0,0.202,1.0,20.0,0.0,0.2963674015670586,0.09120178914988296,1.7808577698634007,0.10609551021836047,1.5583,0.06475808829791073,0.12319439320810913,0.04916093510101306,1.9467177332549138e-209,0.0,0.05
1019,0.52675,False,0.0,0.19550000000000003,0.93,18.0,0.0,0.3008391598723651,0.09767075032789492,1.7814902760751672,0.2339483342905783,1.7823602714429796,0.6375152404566341,0.1702122085668382,0.21661827530621267,0.15995807150483654,0.47987421451450957,0.05
1020,0.57085,False,0.0,0.18170000000000003,1.0,10.0,0.0,0.27188028177687407,0.07843796761473619,1.7145821086551916,0.06418851752320393,1.5345,0.036086701151532244,0.09801605283884696,0.01579851047826376,2.5896736150062777e-242,0.0,0.05
1021,0.54395,False,0.0,0.19760000000000003,0.9303000000000001,10.0,0.0,0.288691353303767,0.08452086352972146,1.8007585750588682,0.25035286017937725,1.7466311224815516,0.5427443503544632,0.15900389515200233,0.1753629863062908,0.17220446501911008,0.5166133950573303,0.05
1022,0.48059999999999997,False,0.0,0.1292,1.0,42.0,0.0,0.20539346856864005,0.14695801917460968,1.6903230856879223,0.08787781013554088,1.5571000000000002,0.05267532629229746,0.09399205595962516,0.04911663393467097,1.0427219676038845e-242,0.0,0.05
1023,0.5721499999999999,False,0.0,0.18430000000000002,1.0,10.0,0.0,0.26835188910969243,0.0739179886768364,1.7235874092635517,0.05179956905947248,1.5222,0.029738190933545346,0.10071695894464586,0.01551575144149437,3.4769893834087036e-237,0.0,0.05
1024,0.5995,False,0.0,0.199,1.0,0.0,0.0,0.29731990665406827,0.01702128229525861,1.7156003843375391,0.05117187712024737,1.5506999999999997,0.054834387021284375,0.10312785963863827,0.0025082945394190323,2.0643536807557138e-242,0.0,0.05
1025,0.50185,False,0.0,0.3218,0.8595,44.4,0.0,0.4160511223878457,0.08945967522401824,2.049683377651237,0.24186731891459926,1.995459869676818,0.8841919474594265,0.3771403196737412,0.21995925506745773,0.21180304161142244,0.49187571022690996,0.05
1026,0.56465,False,0.0,0.2405,0.9288000000000001,10.0,0.0,0.35381015225768414,0.05723012941897867,1.9006347633609473,0.2411766010468486,1.7918133535219773,0.4959885001144816,0.21931538971863046,0.22519433274570114,0.2234275397380722,0.4953812610862592,0.05
1027,0.57085,False,0.0,0.18170000000000003,1.0,10.0,0.0,0.2834018511401707,0.08744011360972485,1.717796437395517,0.04625314582659263,1.619222222222223,0.11512350855590948,0.0995799380038117,0.01692602798440324,0.022000000000000595,0.0660000000000018,0.05
1028,0.49865,False,0.0,0.18860000000000002,0.9286999999999999,30.0,0.0,0.2995278087028563,0.13541257346227192,1.8181538988318888,0.22538610007000945,1.818289506476613,0.7307577557773832,0.180048013677955,0.19931457651881332,0.16370916683541079,0.49112750050623233,0.05
1029,0.5708,False,0.0,0.18160000000000004,1.0,10.0,0.0,0.2679763134426466,0.08442837718662201,1.7066732342031823,0.0527460228729374,1.5507000000000002,0.044886634981918604,0.09674869071660556,0.01608076010400522,1.868599417441445e-242,0.0,0.05
1030,0.5836,False,0.0,0.2104,1.0,10.8,0.0,0.30128790315963133,0.037762673582077806,1.7741811788071118,0.06959696697945075,1.5399,0.04691790702919302,0.11934559769160244,0.04264540539077084,2.9704555299121214e-214,0.0,0.05
1031,0.5393500000000001,False,0.0,0.227,0.8565000000000002,1.2,0.0,0.3306520158816645,0.046582645553542086,1.8482913916633834,0.24970795804786478,2.007591455344801,1.0261882803831028,0.24506944451118134,0.2773965906963746,0.31338399915783144,0.6270896072358606,0.05
1032,0.5708,False,0.0,0.18160000000000004,1.0,10.0,0.0,0.2717010811063529,0.0760625394119181,1.726760838963915,0.07016157918292824,1.5416,0.05967780156808729,0.09704289755797166,0.01666793446225659,1.8236301737297255e-242,0.0,0.05
1033,0.57315,False,0.0,0.18630000000000002,1.0,10.0,0.0,0.2840433146728553,0.07868248450049718,1.7279741632689685,0.06558226339457335,1.5711,0.06427822337308337,0.1028897724811841,0.01721848467512904,6.279857640963698e-237,0.0,0.05
1034,0.5033,False,0.0,0.2751,0.8147,20.8,0.0,0.4045565740743043,0.19896737302947382,2.063978100747929,0.4255438818282129,2.205200339887243,1.0236740963685396,0.3924112383414021,0.36632733539525014,0.4117780588669878,0.7016717616552289,0.05
1035,0.45465,False,0.0,0.23469999999999996,0.8586,46.0,0.0,0.3217832032293436,0.15621980542017921,2.048570797533812,0.4217956693162005,2.261237588553814,1.46635926579805,0.3114642498102082,0.3112985322790971,0.2674663898452283,0.6529762916265249,0.05
1036,0.48555000000000004,False,0.0,0.2941,0.7634000000000001,21.6,0.0,0.4050633618757602,0.14858165162943995,2.1145934855830206,0.478955096717386,2.189711037449991,0.8032212540727687,0.41748823670464635,0.39600305642722955,0.5618672109738196,0.7242368059643479,0.05
1037,0.57075,False,0.0,0.18150000000000002,1.0,10.0,0.0,0.2767064832793484,0.07685498281623339,1.7326923677644381,0.05164636372805196,1.5947777777777785,0.11183430203256756,0.09865016151390035,0.017881157317738622,0.0237000000000006,0.0711000000000018,0.05
1038,0.57095,False,0.0,0.1819,1.0,10.0,0.0,0.2665605260482212,0.07939772098309295,1.7139395548341831,0.056051344937817944,1.5641,0.051699999999999996,0.09821323587352386,0.015536753727468815,2.018971156046667e-242,0.0,0.05
1039,0.57145,False,0.0,0.1829,1.0,10.0,0.0,0.2874987706594406,0.08209448966239172,1.7053557268222856,0.05098460808729803,1.5776000000000003,0.06249191947764082,0.1006668550746723,0.012632251728754085,0.0012000000000003013,0.003600000000000904,0.05
1040,0.57305,False,0.0,0.18610000000000002,1.0,10.0,0.0,0.2955530240828673,0.09105424200847402,1.7585613601329364,0.046437894331249986,1.5453,0.05137518856413087,0.10672101984337279,0.022071916411659086,5.856266719099796e-231,0.0,0.05
1041,0.5817,False,0.0,0.225,0.9384,0.0,0.0,0.3394967520815754,0.05586265283840905,1.8423749045194016,0.2315984058940208,1.670899990341026,0.38418486046378064,0.1874560520791621,0.23869933132984986,0.16190549254220118,0.48571647762660347,0.05
1042,0.5749,False,0.0,0.18980000000000002,1.0,10.0,0.0,0.28601779649610765,0.08647587441521887,1.739925372006164,0.08911408366989704,1.5313000000025767,0.04779131720947696,0.1056152656851485,0.025733727170505524,5.061261258081823e-219,0.0,0.05
1043,0.55825,False,0.0,0.19650000000000004,1.0,20.0,0.0,0.3194590649648494,0.10265634681434817,1.7988976344276835,0.09739506098197438,1.5555000000001644,0.06174180107529686,0.1268534309109113,0.0595634890773704,1.2758009352940397e-204,0.0,0.05
1044,0.57095,False,0.0,0.1819,1.0,10.0,0.0,0.2804768166784316,0.08862529559684196,1.7136304941168716,0.03915152230035861,1.5417,0.035891642481223944,0.09836857504435956,0.013364920115840432,1.978847168325739e-242,0.0,0.05
1045,0.55685,False,0.0,0.21550000000000002,0.9381999999999999,10.0,0.0,0.30744134464875456,0.09996359603829409,1.8648556812508243,0.3115414977573352,1.7357715786630261,0.5570620368049625,0.17719769675855374,0.21018276223865534,0.17102065033831162,0.5130619510149349,0.05
1046,0.5520499999999999,False,0.0,0.1841,1.0,20.0,0.0,0.27981090531173824,0.12246087942441136,1.7419039358779251,0.14439393135360698,1.570223350694445,0.06714755474835424,0.12120900705580329,0.07831914719132425,0.0022000000000003154,0.006600000000000947,0.05
1047,0.5501,False,0.0,0.21020000000000003,0.93,10.0,0.0,0.30780657968648095,0.12333172936133027,1.8085994263552216,0.19503837162547874,1.843521570222034,0.7774022987808223,0.2023244962580455,0.24402041613394013,0.18882157022203414,0.5664647106661024,0.05
1048,0.47739999999999994,False,0.0,0.2294,0.9286,50.8,0.0,0.31900256561325724,0.16593959789852758,1.9472580166925126,0.37025388975882073,1.7967716269017342,0.6022880981884645,0.24573746361236024,0.2533720142173121,0.17121045581732228,0.5136313674519668,0.05
1049,0.5867500000000001,False,0.0,0.199,0.9745000000000001,0.0,0.0,0.3313022224223429,0.027730069578585165,1.7443479991000994,0.09420716735428905,1.6978555557383443,0.3311029866215099,0.1303322284905965,0.07322715784067488,0.07990000000000087,0.2397000000000026,0.05
1050,0.5139499999999999,False,0.0,0.1479,1.0,30.0,0.0,0.2190538240167446,0.1239357760406992,1.677713166597949,0.06244206325926809,1.5562999999999998,0.08269588865233868,0.08795740677628057,0.02291869354494695,9.859292675594479e-243,0.0,0.05
1051,0.6035,False,0.0,0.20700000000000002,1.0,0.0,0.0,0.3160603913345042,0.04107383315041536,1.7396767987628792,0.052786361790882655,1.5388000000000002,0.04784307682413416,0.11947732297098727,0.047559561347373054,2.7414486754877734e-222,0.0,0.05
1052,0.56595,False,0.0,0.18180000000000002,0.9901,10.0,0.0,0.2759039665769324,0.08120755921479142,1.7022233354622531,0.1023661279922838,1.6849555555555569,0.3264640119693342,0.1169158672580847,0.05996848290053654,0.07990000000000087,0.2397000000000026,0.05
1053,0.5164000000000001,False,0.0,0.2189,0.8587,11.2,0.0,0.3202410395516197,0.0967745590593023,1.8970874703204839,0.30760944302376303,2.0932144488579527,1.0901432789706451,0.2430417172466887,0.2541481421030293,0.31290385280045757,0.6259870145233176,0.05
1054,0.51555,False,0.0,0.1511,1.0,30.0,0.0,0.23929817173845228,0.13697702833502595,1.6901749976194154,0.0835983209276373,1.5587,0.06698962606254792,0.09253287616276341,0.029154927342644767,9.812489296873938e-232,0.0,0.05
1055,0.5659,False,0.0,0.23089999999999997,0.9409000000000001,10.0,0.0,0.3852856395930527,0.13508458949332935,1.8546585796864785,0.2860178154531985,1.809428532554353,0.7470500611227794,0.20756185448676093,0.24977441645444504,0.17453734728398768,0.523612041851963,0.05
1056,0.57075,False,0.0,0.18150000000000002,1.0,10.0,0.0,0.2694600046307809,0.06852554635914256,1.6902855347769918,0.05517616896656708,1.5564,0.06635691373172808,0.09734516710705994,0.017038535616946977,9.976965127588331e-243,0.0,0.05
1057,0.584,False,0.0,0.20800000000000002,1.0,10.0,0.0,0.3149221137776398,0.1174056026562925,1.7931834778213886,0.15244814906814244,1.5462999999999998,0.053020844957431604,0.14029846031722934,0.088976798953508,1.817692955079092e-192,0.0,0.05
1058,0.57075,False,0.0,0.18150000000000002,1.0,10.0,0.0,0.27876141061225307,0.0865399923726991,1.7089066641845914,0.05893311004259517,1.5321000000000002,0.03952328427648692,0.09783898419617736,0.016628918550833042,2.902709369000119e-242,0.0,0.05
1059,0.5434,False,0.0,0.227,0.8597999999999999,0.0,0.0,0.34217928043911783,0.06189166331578433,1.8885248377192494,0.29775089249298325,1.9474172121302946,0.822884152456885,0.23426375351796164,0.2569074136182485,0.3558507190826113,0.7119458802287465,0.05
1060,0.5766,False,0.0,0.21900000000000003,0.9342,0.0,0.0,0.3434054457863344,0.06348810421109544,1.8153159511796688,0.2784735716289434,1.752792616438486,0.457418145250649,0.18718825490458257,0.2447363595993058,0.1737894074110619,0.450810638949403,0.05
1061,0.51655,False,0.0,0.27749999999999997,0.8356,20.0,0.0,0.3727813983726138,0.1963045221244925,2.0503825965773768,0.5095015787461215,2.2437220339918365,1.1311879013748094,0.3626748952001394,0.37911627780417567,0.42124966051522544,0.6862772205705984,0.05
1062,0.5383,False,0.0,0.2561,0.8605,10.0,0.0,0.335957416823223,0.077572276948908,1.9400168715809614,0.2843403289144074,1.9237234215340915,0.746831466917779,0.27391142166890364,0.27247645605419646,0.3446383573029866,0.6896998348298254,0.05
1063,0.4655,False,0.0,0.4185,0.6817,42.3,0.0,0.48162209794520655,0.1484257255940579,2.4141199910292763,0.37085439028406025,2.915106675763708,1.4103756677564374,0.6739371001153596,0.2758001281977099,0.8676243234699104,0.8687353389102845,0.05
1064,0.5112000000000001,False,0.0,0.1978,0.9446,30.0,0.0,0.2984801732040848,0.15075076881323568,1.8466110457166867,0.34507147721808246,1.8053661572619508,0.7587651631665973,0.1865365028245436,0.2618614622303324,0.1949661572619505,0.5848984717858515,0.05
1065,0.6005,False,0.0,0.201,1.0,0.0,0.0,0.3114471273182888,0.016867311979234124,1.7536281065360981,0.05044334516349433,1.628488888927303,0.0997484638740431,0.1078495714286496,0.0058434378515517995,0.04400000000000148,0.0792817759639651,0.05
1066,0.5293000000000001,False,0.0,0.17860000000000004,1.0,30.0,0.0,0.2712686123464088,0.12680543146981435,1.7583252903171658,0.08491813091863945,1.5502,0.05734771137543332,0.11003743794304288,0.04208830358305941,6.966219065197259e-224,0.0,0.05
1067,0.47630000000000006,False,0.0,0.23959999999999995,0.8842000000000001,42.8,0.0,0.3717008109012475,0.206983330841782,1.9729290282099339,0.37779189630435617,1.935690862006983,0.6173196048950685,0.312026067163776,0.32122268978934876,0.3012032421818155,0.5142834923232731,0.05
1068,0.5696,False,0.0,0.21080000000000002,0.9283999999999999,0.0,0.0,0.3287749458744138,0.022845771532720993,1.792375886637787,0.14502473462302995,1.9202311418664286,1.051481977986355,0.16835347052013105,0.19129436564221997,0.16160000000000013,0.48480000000000034,0.05
1069,0.48180000000000006,False,0.0,0.19970000000000002,0.9303000000000001,41.6,0.0,0.28594919960576454,0.12489707981721396,1.8610090027779997,0.332114665682823,1.7538834701202384,0.6393010849760116,0.1882953928372547,0.18021787337606734,0.19343703755389474,0.5803111126616843,0.05
1070,0.57075,False,0.0,0.18150000000000002,1.0,10.0,0.0,0.2718091560988309,0.08291937399747955,1.7238119874960134,0.05942245344062424,1.5658999999999998,0.07360224181368391,0.0969231376879954,0.01656242295821324,1.5086276103712433e-242,0.0,0.05
1071,0.54255,False,0.0,0.16510000000000002,1.0,20.0,0.0,0.2512661688613528,0.09490848083819456,1.6950417881189341,0.055485534707901546,1.5642999999999998,0.09139917942738875,0.09330449211315249,0.019989358147499497,1.5966903415796457e-242,0.0,0.05
1072,0.5420499999999999,False,0.0,0.1641,1.0,20.0,0.0,0.25819175837603975,0.10859025098280606,1.704773302333693,0.05681648667812365,1.5669000015503838,0.06683928497383942,0.0915269960550181,0.02263726054684125,1.6143889016190724e-242,0.0,0.05
1073,0.53135,False,0.0,0.2529,0.9298,30.0,0.0,0.3887730962582234,0.0869625727154495,1.914774926617945,0.23395263889842458,1.7789644861396887,0.723869430370615,0.24971447988047074,0.21400689859226904,0.16901009533347253,0.5070302860004176,0.05
1074,0.5423,False,0.0,0.2596,0.985,40.0,0.0,0.36841827431064267,0.06194729738794844,1.8773072233200856,0.13880533761972627,1.6556111111111125,0.3383585622777545,0.21431663552662225,0.10620771328747876,0.07980000000000086,0.23940000000000256,0.05
1075,0.58365,False,0.0,0.20729999999999998,1.0,10.0,0.0,0.306546923320062,0.11463731958983703,1.7832257834998224,0.1483615542493986,1.5567,0.07080261294613356,0.1381445825905699,0.10867359693669335,2.891967952784226e-175,0.0,0.05
1076,0.5995,False,0.0,0.199,1.0,0.0,0.0,0.29983397206276485,0.02337424700453886,1.703879407383667,0.04113793061749104,1.5337,0.05698956044750653,0.10365256838813505,0.0017000307449345855,1.4426785111667178e-242,0.0,0.05
1077,0.571,False,0.0,0.182,1.0,10.0,0.0,0.2810665667144411,0.08139766383444351,1.699766717103889,0.05026719411640979,1.5726,0.07951251473824729,0.09828894716650724,0.014861864393873638,1.6947932250743906e-242,0.0,0.05
1078,0.53355,False,0.0,0.18710000000000002,1.0,30.0,0.0,0.2829618015708228,0.13195868055060198,1.741110817527516,0.16032569437898947,1.5497999999999998,0.06400749956059837,0.1307444305982886,0.10957970154442946,5.175263431108262e-173,0.0,0.05
1079,0.53735,False,0.0,0.22089999999999996,0.9338000000000001,20.0,0.0,0.3592536434943923,0.14638596096951398,1.883705134101342,0.286380310350046,1.7227977257312204,0.5205676925715221,0.21910947428648445,0.25329218497026346,0.1800318910034771,0.5400956730104314,0.05
1080,0.5141499999999999,False,0.0,0.1483,1.0,30.0,0.0,0.21982569185808773,0.11693781696706164,1.7003987156830593,0.07585315749412834,1.5453999999999999,0.04807743753570899,0.08875325859516064,0.02163987544507481,2.178057274449576e-242,0.0,0.05
1081,0.58545,False,0.0,0.2109,1.0,10.0,0.0,0.3278719356387037,0.03851158466643713,1.7800080824573716,0.06419008760693332,1.5773000000000001,0.05292078986560951,0.1229166510231284,0.04490915567966821,9.505457715949077e-213,0.0,0.05
1082,0.5610999999999999,False,0.0,0.20220000000000002,1.0,20.0,0.0,0.29346918083019846,0.09267576804774946,1.7843765679468544,0.15709424774291167,1.549,0.039688789349134876,0.1302469441470969,0.09386620549343173,2.4099198399753703e-182,0.0,0.05
1083,0.6015,False,0.0,0.203,1.0,0.0,0.0,0.32312104827419585,0.026169794490114858,1.7327307801319125,0.05616277768744262,1.5856999999999999,0.047085135658719295,0.10809588734054365,0.00873239211977045,6.635566075869298e-237,0.0,0.05
1084,0.5065500000000001,False,0.0,0.2806,0.8093,19.2,0.0,0.3837359726027546,0.08063373001393809,2.0480369309939794,0.42980959486537196,2.0497730708016038,0.8247756164668189,0.35842161175898146,0.3354158570172735,0.4889321094740328,0.7485202109869623,0.05
1085,0.57085,False,0.0,0.18170000000000003,1.0,10.0,0.0,0.27142524800383216,0.08797676944264979,1.721698710350617,0.0665270056348574,1.5763000000000003,0.047998020792528524,0.09691658996564868,0.015227264422641218,2.170583609605269e-242,0.0,0.05
1086,0.6062500000000001,False,0.0,0.25570000000000004,1.0,10.8,0.0,0.3749819669149611,0.08288393680065755,1.8602096692249361,0.18925572344431632,1.5761,0.1124983999886221,0.18409327877597403,0.12210061431671164,7.288370084535457e-172,0.0,0.05
1087,0.54215,False,0.0,0.16430000000000003,1.0,20.0,0.0,0.25476164497994175,0.10948333691697952,1.680589263453846,0.05554042414212694,1.5586,0.05987520354871457,0.09265173282859675,0.02138591282779348,1.0493081105088466e-242,0.0,0.05
1088,0.48484999999999995,False,0.0,0.12969999999999998,1.0,40.0,0.0,0.19521429578922825,0.13824236696266676,1.6613101664245238,0.06392168639557598,1.5316999999999998,0.04805215916064544,0.0824121219808123,0.02645600639473569,1.1221432238272977e-242,0.0,0.05
1089,0.5681999999999999,False,0.0,0.2284,1.0,23.0,0.0,0.3278120968532837,0.11123924499481036,1.8409540567932212,0.1746638468028475,1.5674000000000001,0.09410653537347984,0.1721213737355536,0.1082652429257654,2.4677579160950194e-179,0.0,0.05
1090,0.5602499999999999,False,0.0,0.2213,0.9391999999999999,10.0,0.0,0.3517372348416431,0.09258918941888458,1.8275231955163356,0.32558080178239857,2.02513065968279,1.3033776390355094,0.1894553644870437,0.2469181105076567,0.20079732634945663,0.6023919790483699,0.05
1091,0.50355,False,0.0,0.2387,0.8596,22.8,0.0,0.35744233475580367,0.12507547782151163,1.9314844887451348,0.3519765787525319,2.03957179679802,0.917949082825213,0.27084860830822166,0.24120233075628714,0.32668618822337236,0.6547711538900202,0.05
1092,0.4247000000000001,False,0.0,0.1659,0.8835000000000001,50.0,0.0,0.2415321941414434,0.24342753915866366,1.8866595366858288,0.46772964428455355,2.064887934966453,1.0454472946121842,0.25527264064626226,0.3641582966391536,0.3733840614317786,0.7398111891391583,0.05
1093,0.5062,False,0.0,0.1781,0.9303000000000001,24.0,0.0,0.2744349037675335,0.12386640370071075,1.8139132052243891,0.3225990613858089,1.8441594810638882,0.7230798788303039,0.16211596610335616,0.21061514930420552,0.05,0.15000000000000002,0.05
1094,0.49080000000000007,False,0.0,0.23729999999999998,0.8243,20.0,0.0,0.3292831736847048,0.11128843991264643,1.9949169326409948,0.38077533337327163,2.104787727209352,0.8496357114153684,0.3062976835802663,0.2924917693820702,0.45089514175008255,0.7481105295210719,0.05
1095,0.5421,False,0.0,0.1642,1.0,20.0,0.0,0.2663010878649536,0.1314638092009205,1.725420279529694,0.08487971521448638,1.5676,0.06883342211455133,0.10066367029589826,0.03205776064212754,2.8223614617472883e-242,0.0,0.05
1096,0.5725,False,0.0,0.22069999999999998,0.9323,2.0,0.0,0.3158294958826069,0.04269041326219577,1.827189947829916,0.2440691345021485,1.7471128753175715,0.6215048735499213,0.17881598698110243,0.20728628400232674,0.164591788273315,0.49377536481994494,0.05
1097,0.54525,False,0.0,0.23900000000000002,0.9315,20.0,0.0,0.34680724299124543,0.055356791682874586,1.862356972188205,0.224805056063129,1.860117714706994,0.9241372663411248,0.21887439800287334,0.2312964340504476,0.17086054569000003,0.51258163707,0.05
1098,0.5253,False,0.0,0.20170000000000005,0.9289,20.0,0.0,0.2761200811766902,0.13654146298715739,1.8142556090454345,0.27771839934100434,1.829323858158847,0.8605397444416072,0.20701729186002651,0.24002288680118344,0.1643157166054169,0.4929471498162507,0.05
1099,0.54215,False,0.0,0.16430000000000003,1.0,20.0,0.0,0.27721379500318755,0.1308828765520977,1.7108710636972346,0.08251573285394054,1.6057,0.11725531970874506,0.09870814456390606,0.028528908354361147,1.7223979478104443e-242,0.0,0.05
1100,0.5448500000000001,False,0.0,0.19970000000000002,0.93,10.0,0.0,0.2908736608774778,0.09004563822683412,1.7797993401055439,0.20242444540722812,1.7081322060174682,0.5262493389146953,0.157156595801457,0.17150394113408884,0.15980137838885333,0.47940413516656,0.05
1101,0.56105,False,0.0,0.263,0.9391,20.0,0.0,0.3622690813388492,0.07537090545963182,1.8896226803096614,0.3031396742863677,1.8859129426221812,0.8829026716463527,0.24120474013307008,0.24911377820146338,0.21301294262218126,0.6390388278665438,0.05
1102,0.4924,False,0.0,0.17460000000000003,0.9301999999999999,30.0,0.0,0.2639054555463111,0.11258848470440683,1.7918310751089617,0.2867399158561157,2.014149060525731,1.4475678040125297,0.16856468055078008,0.22313343586283407,0.2708999984398597,0.812699995319579,0.05
1103,0.3777499999999999,False,0.0,0.2854,0.6700999999999999,50.0,0.0,0.3626284381909569,0.06975116872600591,2.2029289511354118,0.47221358384147066,2.5487623050053516,0.9811808937600333,0.4327575577430748,0.3295439626770985,0.7103045154254255,0.7858055537562066,0.05
1104,0.49720000000000003,False,0.0,0.1841,0.9303000000000001,30.0,0.0,0.30831982673002634,0.1589015605935224,1.8011756090641313,0.2012305529497435,1.8391630111179709,0.7571793403783498,0.18375585753754833,0.22920154125543665,0.1715147135467729,0.5145441406403186,0.05
1105,0.5292,False,0.0,0.207,0.9298,19.6,0.0,0.3075922802360824,0.11445999198306478,1.8666800298523263,0.28948096610731683,2.0341333281353995,1.4155819000991279,0.19991020399366516,0.23947116505945654,0.27889999480206656,0.8366999844061996,0.05
1106,0.47570000000000007,False,0.0,0.23420000000000002,0.7972,20.0,0.0,0.33628592844899285,0.09875195018022613,1.9893574905818572,0.42670625462800826,2.4189820810346094,1.3603208976850967,0.3168388033730466,0.3284677965880526,0.5219477706540923,0.7998022249122562,0.05
1107,0.54315,False,0.0,0.1663,1.0,20.0,0.0,0.2608205681208172,0.11721300599314136,1.7190478064718147,0.07947444989146273,1.6459666668563262,0.2712304839703042,0.10705143247874646,0.043865717077437874,0.07150000000000126,0.1953208898198066,0.05
1108,0.5795,False,0.0,0.20139999999999997,1.0,10.6,0.0,0.32467858088459706,0.12745511724724842,1.791258245795332,0.13295508820716997,1.5600999999999998,0.11331235590172864,0.13499293738330564,0.07111893385894882,1.0823153909234173e-195,0.0,0.05
1109,0.57075,False,0.0,0.18150000000000002,1.0,10.0,0.0,0.26840050987461467,0.06956874027436975,1.7411356930471604,0.0546922485673392,1.5432000000000001,0.046034335012032,0.09628579529954201,0.016770715910538643,1.9720440883335963e-242,0.0,0.05
1110,0.5995,False,0.0,0.199,1.0,0.0,0.0,0.3132275507201194,0.025646725766856285,1.7220507825694245,0.04479454802406603,1.5383,0.05247294540999205,0.1041536327752028,0.0028580149613701596,2.478956785111124e-242,0.0,0.05
1111,0.6025,False,0.0,0.205,1.0,0.0,0.0,0.302729441393664,0.009618286838913795,1.7362050074299546,0.07295290550644692,1.5667,0.06180946529456473,0.1090954429943991,0.01821621827829429,5.2669005914854203e-225,0.0,0.05
1112,0.58965,False,0.0,0.2193,1.0,10.0,0.0,0.34080667053016606,0.0397381102228434,1.780104513618154,0.08830305237501779,1.5384,0.05999366633237214,0.13590433197842433,0.05895343953700141,1.5947511731932977e-205,0.0,0.05
1113,0.5995,False,0.0,0.199,1.0,0.0,0.0,0.3224628421936579,0.027280937431243445,1.7214170191185332,0.04589060432562459,1.591000035264757,0.10226044489156554,0.10399902994539527,0.0016457940854814543,1.0418512170403502e-242,0.0,0.05
1114,0.5995,False,0.0,0.199,1.0,0.0,0.0,0.29955452499184326,0.015125906155457598,1.7227456553770306,0.04123652710598232,1.5742999999999998,0.07200284716592811,0.10238303605379681,0.0007838406565864453,2.3597276211141924e-242,0.0,0.05
1115,0.5708,False,0.0,0.18160000000000004,1.0,10.0,0.0,0.27131875403860717,0.07625563829078918,1.720566927491094,0.049896040149109734,1.5756999999999999,0.07194866225302596,0.0982124388951936,0.01680647118487353,1.8132478800728663e-242,0.0,0.05
1116,0.5282,False,0.0,0.2464,0.93,30.0,0.0,0.3252339175716008,0.046391887633808485,1.8577596608229214,0.20810029088612936,1.7198274489921452,0.5042237396583397,0.21529637494220752,0.20291818399829817,0.16038583784280527,0.48115751352841585,0.05
1117,0.51915,False,0.0,0.25689999999999996,0.8614,20.0,0.0,0.363189407522252,0.06943559762189934,1.9274016604170914,0.28587265024066694,1.9914867284312923,0.822867338341885,0.27783701208482325,0.2666333763165835,0.33086236690892173,0.6620046802403659,0.05
1118,0.48024999999999995,False,0.0,0.2307,0.9298,50.0,0.0,0.33632376658290386,0.10084989412522077,1.879998594748678,0.23953087745007703,1.8265954503829789,0.7421164695959062,0.21580388985241433,0.1816017767096642,0.1935331307920602,0.5805993923761805,0.05
1119,0.5086999999999999,False,0.0,0.25599999999999995,0.8013999999999999,10.0,0.0,0.35068349223778833,0.03723649589369434,1.989942400235989,0.37377243673698685,2.25735690762398,1.123051944320885,0.33772030035513784,0.3329916343592678,0.4339331422367181,0.7170161508438467,0.05
1120,0.5708,False,0.0,0.18160000000000004,1.0,10.0,0.0,0.2635540119718721,0.06882264405052886,1.723653591840543,0.06722607368886481,1.5723,0.08358235459712776,0.09874459158769175,0.01748184200757415,3.2332272265653363e-242,0.0,0.05
1121,0.42785000000000006,False,0.0,0.27230000000000004,0.7306,36.8,0.0,0.3453404996538775,0.12452100364870333,2.1426090902334756,0.42234893563825465,2.817243859456247,1.6980326140635278,0.4351645541911374,0.3425151380224413,0.5794787017983769,0.7950058095058214,0.05
1122,0.5839,False,0.0,0.20780000000000004,1.0,10.0,0.0,0.3023476679844698,0.03455121593789055,1.74589057368851,0.0606626382021543,1.5325,0.05913586052472731,0.11892800214734456,0.04745516380950399,4.641336804342206e-216,0.0,0.05
1123,0.5424,False,0.0,0.1955,0.9292999999999999,10.0,0.0,0.3021033970613519,0.09302539069602414,1.801086554568143,0.22386748628017558,1.8099322297797968,0.7919881785424706,0.16321766155595804,0.18890254122965072,0.16640192796021816,0.4992057838806544,0.05
1124,0.54385,False,0.0,0.263,0.9446999999999999,30.0,0.0,0.36948292736851823,0.1542013968920816,1.954640494159025,0.37005210906860087,1.6973474009466163,0.44181960766950773,0.26684597940793386,0.278759606401472,0.16320003684791953,0.48960011054375857,0.05
1125,0.58845,False,0.0,0.2169,1.0,10.0,0.0,0.32857836933741635,0.05481190579056519,1.7715294909024464,0.05473622058016962,1.5455,0.044364963653766236,0.13284973107615877,0.05099072709886604,9.065112662761802e-219,0.0,0.05
1126,0.47985000000000005,False,0.0,0.1867,0.933,40.0,0.0,0.2595535744345948,0.15322389825712032,1.8050178498832659,0.24696202600881986,1.74396062096081,0.624934185460984,0.18601049420603694,0.22276819095241024,0.19486062091198864,0.584581862735966,0.05
1127,0.5048,False,0.0,0.23339999999999997,0.9362,40.0,0.0,0.34886467878702127,0.12422186794975727,1.8660300110904111,0.2703246744768378,1.7977211085519555,0.8524859726663359,0.22649060160066492,0.24055348882246838,0.16098424844707676,0.4829527453412303,0.05
1128,0.5995,False,0.0,0.199,1.0,0.0,0.0,0.28948257264032523,0.021823882801932072,1.7107650027305188,0.05151382785955713,1.524,0.059600335569525126,0.10261567049253895,0.0009890634697556383,1.5699230085040674e-242,0.0,0.05
1129,0.51315,False,0.0,0.21230000000000002,0.9339999999999999,30.0,0.0,0.3189104258043116,0.10202023320740058,1.8454170620520958,0.29239043606542797,1.7993921560843638,0.5426554655960263,0.19646111093765622,0.22126466516122617,0.20569010683925817,0.46226269744050685,0.05
1130,0.571,False,0.0,0.18200000000000002,1.0,10.0,0.0,0.2683581610587638,0.07424371768907859,1.725830208846898,0.06004589486526171,1.5649000000000002,0.06922636780880533,0.09734204730858967,0.015397635802746838,1.8545229748089937e-242,0.0,0.05
1131,0.5420499999999999,False,0.0,0.2266,0.9375,20.0,0.0,0.3525273880500743,0.15359908718956572,1.9006110813388069,0.3312782349557487,1.7945188429181695,0.7868492935990602,0.22723813202459625,0.26791123216738344,0.1989632615922139,0.5856441866717655,0.05
1132,0.5125500000000001,False,0.0,0.2652,0.8689,27.25,0.0,0.36953330888007424,0.05811403298007924,1.9981302890842252,0.3763283997221136,2.0471890289794783,1.0769739549949247,0.31676186874505613,0.31533136635142356,0.3088506206138021,0.617703962466503,0.05
1133,0.5472,False,0.0,0.20010000000000003,0.9343,10.0,0.0,0.28683293698000384,0.0929709997768555,1.8219075038686878,0.28089806718260374,1.7237082552009375,0.5649609881625677,0.17377530413657136,0.22186042222348745,0.16196929144155336,0.48590787432466015,0.05
1134,0.5156499999999998,False,0.0,0.30789999999999995,0.8737999999999999,37.6,0.0,0.3938693616036092,0.1782882477636783,2.059776688347645,0.326885318775464,1.9758582070514776,0.880675523158859,0.384305552728542,0.2958342982036483,0.3365023808704956,0.6762740317963701,0.05
1135,0.6025,False,0.0,0.205,1.0,0.0,0.0,0.32617699806926914,0.039345114251025506,1.7539487692938458,0.04491000020896182,1.5961,0.08075202783831499,0.11366199897103861,0.033643580411851504,5.618820508512739e-228,0.0,0.05
1136,0.5712,False,0.0,0.18240000000000003,1.0,10.0,0.0,0.28061837388019606,0.0751954761243211,1.71664744868928,0.05586092139082806,1.5698,0.1096456109472696,0.09880188593035988,0.014872614899539532,2.5192083360499298e-242,0.0,0.05
1137,0.6025,False,0.0,0.20500000000000002,1.0,0.0,0.0,0.31571760847935126,0.027141465557380895,1.7588175622413345,0.051256845175563906,1.5428000000000002,0.051040768019299985,0.10810944101284796,0.01032005791022821,2.7524601904092746e-231,0.0,0.05
1138,0.5030000000000001,False,0.0,0.2121,0.8611000000000001,16.8,0.0,0.2920372780341035,0.10171504002175134,1.8778694347890628,0.2633808812329501,1.9939263946669794,0.8917225222685066,0.23618916180022,0.2761996960595082,0.3781828619394295,0.757465228710139,0.05
1139,0.5079999999999999,False,0.0,0.23499999999999996,0.861,20.0,0.0,0.3084743091524865,0.10555482363789515,1.8895277235294075,0.26057054627669746,2.199503591337959,1.3435762666343172,0.2725024267126207,0.28040771882545773,0.3770433801190838,0.7576313077042296,0.05
1140,0.53755,False,0.0,0.2239,0.9312000000000001,20.0,0.0,0.35009597826384203,0.058190140977812436,1.8476176469620007,0.2376324300546224,1.796543818388719,0.7084880292634277,0.1980081392993453,0.21173997442493964,0.19999999922036005,0.5999999976610801,0.05
1141,0.57085,False,0.0,0.18170000000000003,1.0,10.0,0.0,0.275623513008617,0.08696507637539197,1.7309173518933503,0.049142799475925,1.5279,0.0267822702547786,0.09853569799714121,0.016286883646582855,2.0431554870283037e-242,0.0,0.05
1142,0.5416500000000001,False,0.0,0.225,0.8583000000000001,0.0,0.0,0.3315414075025333,0.04249252456183154,1.9039895317047844,0.30395309939155396,2.039317337827138,1.0031619907669522,0.234669204056602,0.2532452972640231,0.37198557034040725,0.7472286005396488,0.05
1143,0.58795,False,0.0,0.21590000000000004,1.0,10.0,0.0,0.3511252762214912,0.05807382404907159,1.783985326290408,0.08207365971029174,1.5922222222222229,0.09206241843927945,0.12622223669473678,0.047693215728774455,0.011200000000000442,0.03360000000000132,0.05
1144,0.53775,False,0.0,0.19820000000000002,0.9333,14.0,0.0,0.3190538630255878,0.14159370676720615,1.8102491377601708,0.24085324621907836,1.6875261251164335,0.378479512361579,0.1763160374405607,0.22075019436052118,0.07980794383199533,0.23942383149598603,0.05
1145,0.5995,False,0.0,0.199,1.0,0.0,0.0,0.3038615182788439,0.03119533350319905,1.7255417905009733,0.030723104321940264,1.5476555555555565,0.12987652683307702,0.10591749207802037,0.007981825965278862,0.03040000000000067,0.09120000000000202,0.05
1146,0.53185,False,0.0,0.21070000000000003,0.933,20.0,0.0,0.3390432616192356,0.15042138133369515,1.8243437371394489,0.22021794522104396,1.7627453780207745,0.5360332360343742,0.19784464282933714,0.23994347812501063,0.17000176923064214,0.5100053076919264,0.05
1147,0.57295,False,0.0,0.1859,1.0,10.0,0.0,0.29536035622626533,0.09046103701730648,1.7081622778584087,0.06535001267981654,1.5716,0.058964735223691084,0.1041827929760725,0.020094295734738272,3.025910647993949e-231,0.0,0.05
1148,0.5995,False,0.0,0.199,1.0,0.0,0.0,0.30602093619163084,0.024388530626713808,1.7128824373074363,0.06080290148835101,1.5508,0.07633845688773123,0.10334877995215448,0.001231539920101084,2.472491742999786e-242,0.0,0.05
1149,0.5500499999999999,False,0.0,0.2327,0.8674,0.0,0.0,0.3582376527847706,0.11918293863393245,1.9278099580101606,0.33636748298874136,2.053571915726917,1.068169787197029,0.26199079585343277,0.30999048344020236,0.325888214942801,0.639050659038456,0.05
1150,0.5953999999999999,False,0.0,0.2164,1.0,6.4,0.0,0.3393010525622683,0.05013060205709278,1.7700652641438928,0.09585438944030328,1.5612000074660615,0.05894201246320774,0.13044472531150006,0.05868255936573106,1.6330183685594077e-202,0.0,0.05
1151,0.5477,False,0.0,0.2206,0.9292,13.6,0.0,0.32978237094575247,0.03703529797753836,1.8151855103597558,0.19999448247990065,1.900639317478022,0.9462756917065445,0.18715839192473338,0.19145296530795905,0.20545163085119889,0.5083530130581456,0.05
1152,0.5995,False,0.0,0.199,1.0,0.0,0.0,0.28715212153265807,0.02022733465267028,1.7159097090167463,0.04212803925097665,1.5498000000018695,0.057061019973038064,0.1021886198321218,0.0016475792487646726,2.8089729287975705e-242,0.0,0.05
1153,0.5995,False,0.0,0.199,1.0,0.0,0.0,0.3071508169074941,0.015234247317911667,1.7262854275532338,0.05080563863927766,1.5333000000003414,0.05319595849385915,0.10266144850875732,0.0012263975277281437,2.0783075399256894e-242,0.0,0.05
1154,0.5277499999999999,False,0.0,0.17550000000000002,1.0,30.0,0.0,0.2672092276734778,0.12311635993483992,1.7315357107360623,0.10458542371817534,1.5619999999999998,0.06629932126349414,0.11029195570577821,0.058236173492270005,7.786870971057494e-209,0.0,0.05
1155,0.5995,False,0.0,0.199,1.0,0.0,0.0,0.290083239922061,0.013476415009565855,1.7121743855450717,0.03963675126724343,1.5487000000000002,0.06350755860525582,0.10273812149409292,0.0012078039037190292,1.844724620876277e-242,0.0,0.05
1156,0.52045,False,0.0,0.2237,0.8572,10.0,0.0,0.29521750980441863,0.099715411136406,1.8935684095210903,0.25167235200544197,2.098248960129494,1.0699170456653873,0.25677842798498784,0.2723881711032086,0.26506560510586763,0.567894199835716,0.05
1157,0.571,False,0.0,0.18200000000000002,1.0,10.0,0.0,0.2589290297949797,0.07148944137683999,1.7059436665965844,0.050100843120962656,1.5589,0.06538264295667467,0.09756937792661438,0.01547139776267605,1.6494102573130615e-242,0.0,0.05
1158,0.5131,False,0.0,0.20259999999999997,0.9292,26.4,0.0,0.31286089120416805,0.11128852329624418,1.8090245923750703,0.24585537276034214,1.9563242215146281,1.2042974523841514,0.18330921823969648,0.21740321054253783,0.19972960331602102,0.599188809948063,0.05
1159,0.54225,False,0.0,0.1645,1.0,20.0,0.0,0.24828939989847343,0.10352238994588993,1.7074910051126793,0.06619749147366782,1.6235999999999997,0.07868824562792086,0.09211635308648444,0.021173792901916063,2.8294011918214718e-242,0.0,0.05
1160,0.5995,False,0.0,0.199,1.0,0.0,0.0,0.31532418388052036,0.01440764275128071,1.7419323437187484,0.060987098467717445,1.5724,0.10875771237020396,0.10363764892510022,0.0010478502444594023,3.2087185376196947e-242,0.0,0.05
1161,0.571,False,0.0,0.182,1.0,10.0,0.0,0.2943994843292451,0.08575556800976421,1.7133281667531712,0.06512596728352921,1.5385,0.05042469633027052,0.0993802890213116,0.01668513819339962,2.0183740566201846e-242,0.0,0.05
1162,0.5166999999999999,False,0.0,0.2239,0.9295,30.0,0.0,0.3412972506014221,0.04642457852701152,1.8335287894038068,0.2514567528044939,1.7666104843931507,0.7367108846000469,0.2051718317990867,0.2279870832283976,0.1999999985581251,0.5999999956743753,0.05
1163,0.61055,True,0.0,0.22110000000000002,1.0,0.0,0.0,0.3208407486395478,0.04620838549194304,1.7959223488981924,0.14444828620100242,1.5620999999999998,0.06427044421816297,0.13386062555328773,0.08653372013679703,6.077035643555334e-183,0.0,0.05
1164,0.4444,False,0.0,0.26430000000000003,0.7349,27.6,0.0,0.36665291681458606,0.13757997882089387,2.112986920447878,0.4040756837481318,2.67902171993367,1.4827017902518267,0.434883545733168,0.3687840718257679,0.710773610537811,0.8767471843912246,0.05
1165,0.49590000000000006,False,0.0,0.22400000000000003,0.8878,30.0,0.0,0.3205293510720091,0.17327643796048756,1.9801689422894229,0.4890895803857989,2.045842597236661,0.8409044762133591,0.2993046506159769,0.3674493017979529,0.3759184550260114,0.6770194189626553,0.05
1166,0.49974999999999997,False,0.0,0.2583,0.8612,30.0,0.0,0.3337443836463613,0.12703839805887754,1.9479131001364132,0.3323123221529384,2.0234342098652314,0.9265347463265112,0.3233314568435869,0.3214664006811734,0.36988054053136726,0.7428928586261945,0.05
1167,0.5995,False,0.0,0.199,1.0,0.0,0.0,0.2956893348275956,0.007269328146969548,1.7387355945208534,0.029654149504678325,1.5841,0.06872765091286043,0.10409647447411985,0.002860661819810498,3.304250150113531e-242,0.0,0.05
1168,0.4686,False,0.0,0.2985,0.9507,78.0,0.0,0.3929812155847173,0.1390768446392029,2.0421687104332635,0.35553078538966365,1.7146366688295358,0.48011084931151277,0.3270496087454942,0.2519902209445344,0.16347364859226693,0.4904209457768008,0.05
1169,0.47225,False,0.0,0.2447,0.8582000000000001,39.6,0.0,0.3261490470371498,0.10574069995621528,1.9260629897571566,0.24479281796240177,1.9228658172530468,0.7215408190865656,0.29281196807823157,0.26551479362643154,0.3236131909120072,0.6480924023640389,0.05
1170,0.5451,False,0.0,0.20060000000000003,0.9296,10.0,0.0,0.31301273575466154,0.0978948974586133,1.8290390317687955,0.26628022243192867,1.8304282485832055,0.8309891632728855,0.16903952990290513,0.18490326330642948,0.17493685956754942,0.5248105787026482,0.05
1171,0.39555,False,0.0,0.2984,0.6607000000000001,42.0,0.0,0.3611330572518698,0.12764489986446645,2.271972978246242,0.42460401006066956,2.873801217811042,1.4769038480944456,0.4932854323554826,0.3195870008211853,0.8219974720846983,0.926520515047934,0.05
1172,0.5462,False,0.0,0.19540000000000002,0.937,10.0,0.0,0.2881154502591877,0.11023570062845676,1.792770756318798,0.2969652310371318,1.6953555555280366,0.4535191579109369,0.17362279094221958,0.22880773476027702,0.07990000000045555,0.23970000000136665,0.05
1173,0.44464999999999993,False,0.0,0.31229999999999997,0.737,40.0,0.0,0.3890727966639216,0.06943106906210539,2.134573578399128,0.36943061766187396,2.361071922328846,1.0596326722064835,0.4642544955029093,0.3300124026258936,0.5980526529015914,0.7768273357424978,0.05
1174,0.6039,False,0.0,0.24779999999999996,1.0,10.0,0.0,0.3222901633192448,0.04528832940751491,1.8703111721067955,0.1728819078210216,1.5563,0.07006004567512074,0.16936641747426895,0.09769034660738066,5.480402012282093e-195,0.0,0.05
1175,0.4537,False,0.0,0.2731,0.7879,38.4,0.0,0.3508132082437241,0.06579217371989816,2.0486266976790515,0.2741332530359004,2.4034121833012305,1.4223652650034695,0.3664950753473095,0.2910862671386252,0.5702765649921102,0.8835046949090983,0.05
1176,0.5137,False,0.0,0.14740000000000003,1.0,30.0,0.0,0.21448872573331373,0.11922947256416172,1.6773483668030664,0.06571019908975913,1.5551999999999997,0.04383103923020761,0.08701213438868323,0.023423347922701853,1.624446551310812e-242,0.0,0.05
1177,0.4738,False,0.0,0.2864,0.7988,34.4,0.0,0.3601516022287357,0.11909848521305712,2.110962279820501,0.3624819248431039,2.255455728836572,1.1313500748117036,0.3899105200779799,0.2947866647362479,0.39844494116562235,0.6892416171727888,0.05
1178,0.571,False,0.0,0.18200000000000002,1.0,10.0,0.0,0.28770952065602345,0.09181348287080712,1.7360638761616616,0.05971276570077585,1.5159,0.026005576325088407,0.10056296080271669,0.01605895252279085,2.2369147629003275e-242,0.0,0.05
1179,0.5128999999999999,False,0.0,0.28059999999999996,0.8667999999999999,30.4,0.0,0.3771899538054443,0.056921962549733335,2.0275531395071233,0.3523676858399922,2.2008404852652252,1.2594544592452837,0.31396153033711843,0.2734847209296943,0.41965284634570665,0.8406878930295025,0.05
1180,0.5424,False,0.0,0.1648,1.0,20.0,0.0,0.24325420770751816,0.1078151038336569,1.7101290692452777,0.08102735107237433,1.5452,0.032911396202531425,0.09272861281686003,0.02086762531567605,2.1221836467956017e-242,0.0,0.05
1181,0.485,False,0.0,0.2778,0.8858,48.4,0.0,0.39385275212164833,0.15491346266506806,2.029897025894519,0.4006287882651949,2.0458901063221466,0.947633244372223,0.3386931966798136,0.3285837249344892,0.24999999859112093,0.6020797248445784,0.05
1182,0.5995,False,0.0,0.199,1.0,0.0,0.0,0.289497562912747,0.01841241224101462,1.7471652933405775,0.035460648635004074,1.5713000000000001,0.06225118472768211,0.10198248704061133,0.0010735303368748263,2.6000534487921604e-242,0.0,0.05
1183,0.5134500000000001,False,0.0,0.18030000000000002,0.9298,20.8,0.0,0.257517138686245,0.11377156179396734,1.780909795554955,0.22426702291976094,1.760341848381027,0.5642231530356279,0.15274779617831946,0.17923556911570424,0.17313814659402765,0.49651990869548224,0.05
1184,0.54235,False,0.0,0.1647,1.0,20.0,0.0,0.24668169333135745,0.10684665522263727,1.7014503964652445,0.06249882011152895,1.5563,0.05129922026697872,0.09224811618381885,0.020718333281700165,2.052645031377144e-242,0.0,0.05
1185,0.5995,False,0.0,0.199,1.0,0.0,0.0,0.29707399691909814,0.031889163563522595,1.752212850693466,0.04402546742993085,1.5535,0.0790079109963047,0.1045589939980222,0.0028735426725940674,3.043263984906281e-242,0.0,0.05
1186,0.5684,False,0.0,0.23539999999999997,0.9414,10.0,0.0,0.345547280602648,0.14398530303371412,1.9010808530091132,0.34474393765836037,1.7940613489618482,0.7278093856617239,0.24109830091705914,0.2636977619312481,0.1768064642218987,0.5304193926656962,0.05
1187,0.5565500000000001,False,0.0,0.2251,0.9280000000000002,10.0,0.0,0.32864332787138095,0.03137639615030301,1.821812056757387,0.1968505602513307,1.9166884706472485,1.0660234415021321,0.19649946722508665,0.21068239552948678,0.1921165495206231,0.5763496485618693,0.05
1188,0.5792999999999999,False,0.0,0.2386,1.0,20.0,0.0,0.3314658873898765,0.05511973752377948,1.8456888953937138,0.1702151967583269,1.5162,0.027866826155843398,0.1617258120169876,0.08621740179259954,3.1986986440227696e-190,0.0,0.05
1189,0.5709,False,0.0,0.18180000000000002,1.0,10.0,0.0,0.25533553690073185,0.07885457408893844,1.7001456040368546,0.05911925959444347,1.5471004583333257,0.04403916384248241,0.09796046695244973,0.015592688773279252,2.7305317152121802e-242,0.0,0.05
1190,0.5995,False,0.0,0.199,1.0,0.0,0.0,0.2842148343546664,0.02081105817530051,1.746800382323843,0.04097710483733475,1.5502,0.08293949601968899,0.10301215622812716,0.0011804159080711879,3.2973415210689085e-242,0.0,0.05
1191,0.50405,False,0.0,0.30619999999999997,0.7339,8.0,0.0,0.4151562212073244,0.09125019763864371,2.187308239244571,0.38447452999008197,2.3375632503134662,0.9620396673361532,0.4580502676598453,0.3419422140672642,0.7084417275284028,0.8752759106231297,0.05
1192,0.5708,False,0.0,0.18160000000000004,1.0,10.0,0.0,0.24812583832797103,0.06846712035750238,1.7399276967960684,0.06413040327655509,1.5213,0.027975167559819904,0.09789394533730622,0.015572744045969273,3.2460738427482953e-242,0.0,0.05
1193,0.5195500000000001,False,0.0,0.22510000000000002,0.8652000000000001,12.8,0.0,0.3066987830303595,0.09431938525397679,1.9131379186944066,0.3383120315430499,2.0390621744974937,0.9387575174219952,0.25366765237258193,0.27435193198589913,0.40026217449749363,0.80058978380619,0.05
1194,0.5098,False,0.0,0.2804,0.8192,20.0,0.0,0.39496991411932464,0.12858303514386657,2.118754510505482,0.5169106654724717,2.261651912267354,1.0854482840609154,0.3679965025149775,0.37115943323683054,0.5330347110674359,0.815187867957231,0.05
1195,0.49894999999999995,False,0.0,0.21620000000000003,0.8616999999999999,20.0,0.0,0.2952659345377379,0.09166526238332796,1.911576728708497,0.3596165196528936,1.9802087441405518,0.8216991064866612,0.25470713478417767,0.2822126742373153,0.37234706702796344,0.7472568342381287,0.05
1196,0.6073000000000001,False,0.0,0.21460000000000004,1.0,0.0,0.0,0.3109351277935272,0.03271776368387439,1.7719626986767387,0.09136589123811949,1.5389,0.05281183579463981,0.1260002502901826,0.051298300080981775,1.9248186972357803e-208,0.0,0.05
1197,0.5708,False,0.0,0.1816,1.0,10.0,0.0,0.27380376047336824,0.08699109651509056,1.70166595528367,0.054054943703540345,1.5452000000226096,0.055231874898324755,0.09755424518595462,0.016349578089010875,2.1242561769802683e-242,0.0,0.05
1198,0.5619500000000001,False,0.0,0.21700000000000003,0.9329000000000001,6.5,0.0,0.3168540009622514,0.036746943564059165,1.8260212658857042,0.30621476707161055,1.9250278321448182,1.211823126945592,0.18369992364616658,0.23355909539732286,0.226938252952145,0.680814758856435,0.05
1199,0.5728,False,0.0,0.18560000000000004,1.0,10.0,0.0,0.29729502809525793,0.09822431304881478,1.7505643545348932,0.07483785834093025,1.5758000000046075,0.10639436075641741,0.10678616404705728,0.022794020057977822,6.397702685755983e-237,0.0,0.05
1200,0.5730500000000001,False,0.0,0.21460000000000004,0.9315,0.0,0.0,0.32313554605996586,0.07729803078991514,1.7962308901273594,0.2548495144583122,1.803176619656267,0.7519165618367605,0.18498553412041824,0.23845350532326315,0.15730012147016134,0.47190036441048405,0.05
1201,0.4574,False,0.0,0.32,0.7288,33.5,0.0,0.4347741000018259,0.22352745048511877,2.233130112134786,0.4914042888091111,2.5467134974400363,1.3748622546751679,0.4954698144177313,0.34791382125749293,0.7331496190711206,0.9064441824135122,0.05
1202,0.5609999999999999,False,0.0,0.202,1.0,20.0,0.0,0.28682828695673335,0.09209499315584865,1.7784985712035688,0.11449139487549498,1.5936117187528014,0.06941306828548754,0.12836863024895956,0.08238923564335406,0.002400000000000318,0.007200000000000955,0.05
1203,0.5424,False,0.0,0.1648,1.0,20.0,0.0,0.239684554002955,0.11007627444413368,1.7127467839229236,0.06807213194796584,1.589,0.12750764682951385,0.09871923386268924,0.025307125429916956,2.6840664146163066e-242,0.0,0.05
1204,0.57175,False,0.0,0.18350000000000002,1.0,10.0,0.0,0.2784484966498796,0.0784818217967118,1.720260976769398,0.061475377932124375,1.5606,0.06120326788660879,0.10032997967853503,0.018579573520744526,5.269005613430483e-237,0.0,0.05
1205,0.50065,False,0.0,0.1613,1.0,40.0,0.0,0.2462978903014536,0.13901487228697354,1.7150760295178915,0.1081445949092542,1.5868000000000002,0.07242209607571437,0.10760397402821595,0.06837833689486861,1.0451361276612362e-200,0.0,0.05
1206,0.54815,False,0.0,0.1971,1.0,25.2,0.0,0.2795343702257354,0.14823223767453408,1.7719620249975,0.22585579003410003,1.5608,0.05842567928573875,0.14238754838199658,0.13038754507174038,5.868841359119027e-164,0.0,0.05
1207,0.6035,False,0.0,0.20700000000000002,1.0,0.0,0.0,0.31160015190693946,0.06731021577059297,1.7207425618722632,0.0502525570861388,1.573,0.10422955435000193,0.11962000041315704,0.03811051194198938,3.173413634259392e-219,0.0,0.05
1208,0.5342,False,0.0,0.21220000000000003,0.9362,20.0,0.0,0.3125443371402943,0.15253652160486916,1.8010169276579977,0.24898236272559315,1.8132062631426678,0.7981644461785117,0.1885885878468319,0.23062187220035055,0.084,0.252,0.05
1209,0.5995,False,0.0,0.199,1.0,0.0,0.0,0.3103082303223636,0.015871549914898583,1.712735783990663,0.06280998907641872,1.5902,0.06668553066445528,0.10505358113941918,0.005158668922726348,1.5095514103376491e-242,0.0,0.05
1210,0.5223,False,0.0,0.24210000000000004,0.9385,34.0,0.0,0.3278094177922868,0.15691089263443866,1.9268598127107395,0.3275283426443526,1.952422619617532,1.2027204821140263,0.25549690789373036,0.24087860967338362,0.1890077412833521,0.5670232238500562,0.05
1211,0.5779000000000001,False,0.0,0.2156,0.9402000000000001,0.0,0.0,0.29601699993421104,0.05743970769340478,1.8455225374316786,0.31606348941896606,1.6380666666666666,0.34125363001732295,0.18002329851933963,0.22553188846899858,0.07999999999999999,0.23999999999999994,0.05
1212,0.4401,False,0.0,0.31239999999999996,0.7278,40.0,0.0,0.39345712465657423,0.053360678622367416,2.192766905246077,0.3378241401888067,2.4679946868369647,1.0632690667201952,0.4953069196087695,0.3223856100324337,0.6645049041824315,0.8204752508769149,0.05
1213,0.5216999999999999,False,0.0,0.18680000000000002,0.9366,20.0,0.0,0.2704887953672756,0.12548589611388394,1.817391044295951,0.2919015365674495,1.8916690169306551,0.8365545182829485,0.18198931462303242,0.2507353126307928,0.24102400750587205,0.6254512555219838,0.05
1214,0.61675,True,0.0,0.2415,1.0,2.0,0.0,0.3430581622200819,0.13291629366535374,1.8469183534019842,0.2494878352421011,1.5549999999999997,0.05900677927153797,0.16091795783490118,0.15894521692937552,5.828730059415858e-127,1.748619017824757e-126,0.05
1215,0.52755,False,0.0,0.1951,0.9400000000000001,20.0,0.0,0.31492053444988505,0.19821561753310113,1.814555769232251,0.36323407309948724,1.7336959213440313,0.5240351072015442,0.19247320853660002,0.2632436780385874,0.16980015602284243,0.5094004680685272,0.05
1216,0.5450999999999999,False,0.0,0.21020000000000003,1.0,30.0,0.0,0.28364675278972384,0.08652945969531302,1.7670316531407988,0.12840467894981303,1.5718,0.07521941238802658,0.13725702759002587,0.0795891301270273,3.591060390492776e-190,0.0,0.05
1217,0.4063,False,0.0,0.2386,0.806,58.0,0.0,0.2980328044645868,0.1402659192806794,2.025216969476829,0.4650439921217034,2.2358537488414725,1.0467354174754788,0.3591193656294205,0.3524867761596988,0.5593769918832473,0.8590885863236601,0.05
1218,0.533,False,0.0,0.2298,0.8762000000000001,10.0,0.0,0.31918073847188555,0.12542352944355345,1.9177347568257885,0.35771811233820583,2.010426901300862,0.9166198633267424,0.2641451330450038,0.3234726742389081,0.37087398642270325,0.7424160980801736,0.05
1219,0.5619000000000001,False,0.0,0.24379999999999996,1.0,30.0,0.0,0.3199091494557213,0.049569090822871816,1.8168595921437543,0.10756286136766682,1.5535,0.06615625442843634,0.16586225353225068,0.0890877924244931,1.7156954694354798e-196,0.0,0.05
1220,0.44034999999999996,False,0.0,0.3035,0.7292,38.0,0.0,0.41148879060472454,0.08435584458312988,2.0855705675972045,0.3418442439412791,2.4568710520926955,1.1111866454463264,0.4542558003391486,0.3241645629237546,0.6737024774041387,0.8301992158052931,0.05
1221,0.57205,False,0.0,0.1841,1.0,10.0,0.0,0.265369215340474,0.07369402174098971,1.7152465293579855,0.056546311536307695,1.5597,0.09567659065832149,0.10019949790407368,0.01665749635024308,2.550847913079947e-237,0.0,0.05
1222,0.5995,False,0.0,0.199,1.0,0.0,0.0,0.2856681430361606,0.014460772094047098,1.7256589417350572,0.05315336980256704,1.5729000000000002,0.0639256599496634,0.10264191945142072,0.0009157773392453811,3.4600751450666493e-242,0.0,0.05
1223,0.49805000000000005,False,0.0,0.25539999999999996,0.8623000000000001,30.4,0.0,0.34975133728773056,0.12645644242347603,1.9841481545415687,0.32700454140163926,2.3048792232626854,1.5195999704074883,0.3215203305526687,0.28903628945100257,0.3881406470118394,0.7767341034748012,0.05
1224,0.47774999999999995,False,0.0,0.2508,0.8647,40.0,0.0,0.3364813468784337,0.05838078951623386,1.9376025655083686,0.2690064177410487,1.851019965245991,0.6719300455236563,0.28235311294859244,0.25827982329774335,0.2699205905220917,0.5933474724272868,0.05
1225,0.57675,False,0.0,0.221,0.9324999999999999,0.0,0.0,0.33124974553381215,0.07092455910721636,1.838509282972139,0.20835806624745257,1.7488484614301885,0.5989044910201456,0.18688947385966137,0.21513677088284416,0.16230001213533626,0.4869000364060089,0.05
1226,0.5134500000000001,False,0.0,0.2642,0.9427,45.0,0.0,0.3233739458930842,0.13115080492192283,1.9742995702466295,0.38906880708553765,1.757543021981054,0.6767067568358018,0.26121025897802463,0.2584087722968616,0.1766711123968743,0.5300133371906228,0.05
1227,0.39960000000000007,False,0.0,0.2758,0.6546000000000001,32.8,0.0,0.3174803012853685,0.10259085046706123,2.177308219793352,0.4331274264885554,2.5268203184936455,1.0001909546791898,0.46985483174649917,0.33462946475785105,0.8660354875181412,0.8776974889974268,0.05
1228,0.57055,False,0.0,0.2899,1.0,37.2,0.0,0.36583713564446113,0.15457490918708952,1.9453382806930097,0.21669552361395597,1.5511,0.05391929153837242,0.260638820158254,0.15117892204080063,4.53360284843001e-160,1.3600813590669105e-159,0.05
1229,0.57075,False,0.0,0.18150000000000002,1.0,10.0,0.0,0.2704645477781095,0.07711885413851055,1.6897210064549602,0.045192432535052535,1.5478,0.04270784471265201,0.09801994655534856,0.01723042982182801,1.891449391806614e-242,0.0,0.05
1230,0.5352,False,0.0,0.2564000000000001,0.8716000000000002,14.4,0.0,0.34256724647884257,0.10446226607292641,1.9727230423886557,0.42490973894815437,2.163314900337901,1.18463814324885,0.27542445526865594,0.28773364506155286,0.39270356519832356,0.7938410128061998,0.05
1231,0.55735,False,0.0,0.1947,1.0,20.0,0.0,0.2732737848565542,0.08926906116711593,1.7243425885606598,0.10541380428033993,1.5954000000000002,0.08129354217894562,0.11467431434966165,0.05601204673880165,8.165126039200655e-203,0.0,0.05
1232,0.46225,False,0.0,0.21149999999999997,0.8714000000000001,39.6,0.0,0.3056869209820726,0.16145994413335443,1.9579020108300973,0.40803612005746215,2.0814848698914923,0.8296543620729399,0.27634734867006505,0.31358158585971463,0.4552245664050387,0.75087797723918,0.05
1233,0.4885,False,0.0,0.30419999999999997,0.7464,18.4,0.0,0.3671416963281874,0.11621014484446228,2.157919363390565,0.41655558833320777,2.3875883918897554,1.0074360943915912,0.4418827197601055,0.3621238760887588,0.6893417877765279,0.8500813997444212,0.05
1234,0.5537000000000001,False,0.0,0.21710000000000002,0.9303000000000001,10.0,0.0,0.29539877751411675,0.10429748472756037,1.8621810446182234,0.2734398642733114,1.8385723855013592,0.863694623454653,0.18878280341597592,0.18516425870922923,0.2338390521680255,0.7015171565040764,0.05
1235,0.46175,False,0.0,0.2192,0.8591000000000001,38.7,0.0,0.30212181716085246,0.09155342247503442,1.8996541818807409,0.32457897303519173,2.1284115457068244,1.2062631758529427,0.26807116408643106,0.30421472729530064,0.33794214031219755,0.6774115645302202,0.05
1236,0.5718,False,0.0,0.18360000000000004,1.0,10.0,0.0,0.26197753095817056,0.0792637622043153,1.7466100450457092,0.05892980602828968,1.5494339742024745,0.0746361840961499,0.09981737521764744,0.01784695628675751,0.018200000000000542,0.054600000000001626,0.05
1237,0.5995,False,0.0,0.199,1.0,0.0,0.0,0.2821355493070906,0.018858669931360577,1.705589557912873,0.04291907663678376,1.6019057291666683,0.07559854760229955,0.1051517929717967,0.01065709702463327,0.009800000000001034,0.0294000000000031,0.05
1238,0.5709,False,0.0,0.18180000000000002,1.0,10.0,0.0,0.27482966046807344,0.07572077598313594,1.7248990945304936,0.06442677178190975,1.5637,0.07542950351155708,0.09988845433978086,0.016453784683964343,1.8477958006038283e-242,0.0,0.05
1239,0.54115,False,0.0,0.31,0.9323,40.0,0.0,0.38718311356222884,0.07150822422217419,2.041566135126808,0.2853256800264231,1.8356820976871142,0.7118692796586721,0.32144966467147823,0.2345963159538101,0.16808809001185915,0.5042642700355775,0.05
1240,0.4942499999999999,False,0.0,0.21340000000000003,0.9350999999999999,40.0,0.0,0.31118280477245663,0.14939343963595078,1.8622572077747985,0.27512271609031735,1.7688007349379888,0.6154598796028532,0.21127894857845023,0.21133995418971532,0.18856740160465515,0.5657022048139654,0.05
1241,0.5205500000000001,False,0.0,0.2767,0.8108000000000001,11.6,0.0,0.3580017124710822,0.15544816151754406,2.0492457092417373,0.40018664804522713,2.1514598509662153,0.9647112641528717,0.35161158637069906,0.34334562366937676,0.5208839392084552,0.7993066186257141,0.05
1242,0.5310499999999999,False,0.0,0.21340000000000003,0.9286999999999999,20.0,0.0,0.2818857402441285,0.09098754057696545,1.8031550179538836,0.24253968045861102,1.8572770966228347,0.8564731742381795,0.19009184568680262,0.19145671435510553,0.18650020414432936,0.4873910555172372,0.05
1243,0.5722,False,0.0,0.18440000000000004,1.0,10.0,0.0,0.26792354672872787,0.07437141967185193,1.7303344380953125,0.05980759338411284,1.5493013405212097,0.060051752439742624,0.10005132331869929,0.014368895778566244,3.388790773741635e-237,0.0,0.05
1244,0.5154000000000001,False,0.0,0.15080000000000002,1.0,30.0,0.0,0.21846805596656313,0.12345470937416789,1.702343965260874,0.07816289184812658,1.6507000000000012,0.22687355509182147,0.10001565721790288,0.037006950661449024,0.05570000000000093,0.16710000000000277,0.05
1245,0.5441499999999999,False,0.0,0.19960000000000003,0.9286999999999999,10.0,0.0,0.2608165643867431,0.08231006063621786,1.8059126673725416,0.20230983691602214,1.7574644594049622,0.6083125367657923,0.16743077786146499,0.19261145126552837,0.15340025008384572,0.46020075025153717,0.05
1246,0.5614,False,0.0,0.2668,0.8720000000000001,4.0,0.0,0.3563037750444763,0.09464162431979847,1.9364331639444843,0.3342031815762195,1.8899214536840685,0.6851576131705239,0.2972524728400283,0.28498908175516513,0.32975252311564296,0.6597559221127207,0.05
1247,0.5386,False,0.0,0.19720000000000001,1.0,30.0,0.0,0.24734384874051324,0.12103526387955242,1.798144797828432,0.1964900412826171,1.5525,0.05467403405639643,0.13949598874651697,0.10408115937691483,2.409919840262364e-182,0.0,0.05
1248,0.5563499999999999,False,0.0,0.20800000000000002,0.9446999999999999,10.0,0.0,0.28385142846074246,0.09391033000292293,1.8567739999198083,0.31354112814041774,1.8241925614549395,0.8568920427436707,0.18315834448275936,0.2583020296062414,0.16362921335581163,0.4908876400674348,0.05
1249,0.5454,False,0.0,0.2599,0.8709,10.0,0.0,0.33628993099917626,0.06756725897617258,1.9313413556575074,0.3431449838244849,1.9923681904413428,0.9268658388638308,0.2836315034629803,0.3006223240590752,0.34831898412839324,0.696648859665864,0.05
1250,0.5368,False,0.0,0.29209999999999997,0.9303000000000001,37.2,0.0,0.39332345844267497,0.09166683314248486,1.9197704729469929,0.2827376625628564,1.7890073413881413,0.6725190799266528,0.2760789754673344,0.22361574316924002,0.16145171457275936,0.4843551437182781,0.05
1251,0.5091,False,0.0,0.29469999999999996,0.9635,60.0,0.0,0.38643585318789986,0.16175460237084785,1.9760715963169084,0.3935381007030538,1.9815728491454663,1.201477715842588,0.2810680111355158,0.253452584725331,0.1999956966437745,0.5999870899313234,0.05
1252,0.47574999999999995,False,0.0,0.2737,0.7978,30.0,0.0,0.36318288374763796,0.13865968319189637,2.017769165121954,0.32844816203059385,2.288981513531571,1.0944013459056032,0.37933152612050225,0.324573360284237,0.5086464028771748,0.7820427681442668,0.05
1253,0.51905,False,0.0,0.25799999999999995,0.9400999999999999,40.0,0.0,0.4035555792812124,0.14609078457903443,1.911647446780941,0.32372528645478904,1.8503567402692043,0.7926866135412703,0.25312207710054785,0.25654916035266134,0.21485674026920393,0.6445702208076118,0.05
1254,0.453,False,0.0,0.2521,0.7339,20.0,0.0,0.3101498409389698,0.166725536887494,2.1083366071178604,0.4493452024622432,2.3767876935970276,1.0261837637025537,0.40095652230593515,0.3487733527745923,0.7205842847946776,0.8916559685101992,0.05
1255,0.544,False,0.0,0.2251,0.9429000000000001,20.0,0.0,0.31279289914106057,0.11641308663249614,1.8849222239855865,0.41369395129251746,1.758869429671888,0.6487790682688249,0.20806488548000993,0.2636237692471218,0.18433085342104186,0.5529925602631256,0.05
1256,0.5546000000000001,False,0.0,0.21500000000000002,0.9294,8.8,0.0,0.2990286945138154,0.03510862628802035,1.7790217071308778,0.20498985785789023,1.7803247718736261,0.6890952120246382,0.1682438815198946,0.19033470555267376,0.19122477187362638,0.5736743156208791,0.05
1257,0.5468500000000001,False,0.0,0.2137,1.0,30.0,0.0,0.2992137092592035,0.0931567452750303,1.766388864651662,0.12296705024658175,1.558101066080729,0.03401974575226961,0.1424872847748892,0.08901485206246451,5.6110318659131054e-192,0.0,0.05
1258,0.46235,False,0.0,0.271,0.7289,18.8,0.0,0.33356562352294783,0.0454227006980898,2.0954215810113617,0.3918704943195168,2.4596376126965245,1.154375354631585,0.3784384762167926,0.32341731055588574,0.736525636135655,0.9119914210748852,0.05
1259,0.5995,False,0.0,0.199,1.0,0.0,0.0,0.2877724051168742,0.020525486489864925,1.7355392063026571,0.0433410005597957,1.5675000000000001,0.05545133001110074,0.1036859480682677,0.001760546933896523,1.90661564401294e-242,0.0,0.05
1260,0.5206000000000001,False,0.0,0.2012,1.0,40.0,0.0,0.2816189158811023,0.12666944747958653,1.8021443612783792,0.14133541558459137,1.6067,0.12421195594627762,0.14797381249829364,0.09216431097810089,1.3064201609805463e-201,0.0,0.05
1261,0.5419999999999999,False,0.0,0.164,1.0,20.0,0.0,0.24199394892171008,0.10571269307394554,1.712174988409466,0.06771169712014322,1.5423,0.08313368751595229,0.09204028275722669,0.0217391665702626,9.898302791845103e-243,0.0,0.05
1262,0.5688,False,0.0,0.20950000000000002,0.9281,0.0,0.0,0.28627890733230615,0.023990148566824028,1.7972935689101608,0.19210719004899426,1.930912774323101,1.0727585850617845,0.172090748561798,0.20501702793117696,0.15432839237345414,0.4629851771203624,0.05
1263,0.5420499999999999,False,0.0,0.19390000000000002,0.9301999999999999,10.0,0.0,0.260256446974583,0.07850707683138115,1.7850449378203659,0.1788377936059726,1.834258924722204,0.8041009038362295,0.17006245381274,0.21732056735787073,0.066,0.19800000000000004,0.05
1264,0.46440000000000003,False,0.0,0.275,0.8066000000000001,38.2,0.0,0.35363684736708534,0.06050232453313225,2.071603864609812,0.44469909435770344,2.266567517177395,1.0802151777598377,0.3581692914746142,0.32949738883451263,0.5190059667676339,0.7945885852050332,0.05
1265,0.48499999999999993,False,0.0,0.13,1.0,40.0,0.0,0.17741172604431135,0.12170038623159596,1.6865754457879027,0.08469902809720492,1.535744458007813,0.05461612816396208,0.0818394726696722,0.025386823330076008,0.0036000000000003356,0.010800000000001007,0.05
1266,0.57085,False,0.0,0.18170000000000003,1.0,10.0,0.0,0.25085623447911826,0.07892960383933481,1.7160112017516826,0.06467097421369003,1.5762,0.07895543046554811,0.0999110676808008,0.018140651599937087,2.4089964887366336e-242,0.0,0.05
1267,0.57195,False,0.0,0.1839,1.0,10.0,0.0,0.26201514434201323,0.07419431693400667,1.695037107507479,0.04859681951197373,1.5534000000000883,0.06799735288982361,0.10081223139641238,0.017008846521236593,7.147535187507796e-238,0.0,0.05
1268,0.6005,False,0.0,0.201,1.0,0.0,0.0,0.29360461185139874,0.02627170190587568,1.737493978817382,0.05425016810205357,1.5872,0.07637512684113856,0.1064835671852915,0.005721349483716599,4.959367532832918e-237,0.0,0.05
1269,0.45215,False,0.0,0.23559999999999998,0.7887000000000001,30.0,0.0,0.27764243656912,0.08962951313420081,1.9646784121007261,0.3124150913578357,2.2482217841587704,1.0670600257530256,0.3176626252500442,0.3046361638742416,0.49263322056842346,0.7545675198547485,0.05
1270,0.5128999999999999,False,0.0,0.20700000000000002,0.9308,28.0,0.0,0.3297011096350742,0.18625146783959734,1.7997906198835083,0.19564326639055687,1.7392407408256432,0.6007283843119882,0.20928766592266973,0.22430482774781363,0.16930000000112433,0.4901644724001361,0.05
1271,0.5466,False,0.0,0.20190000000000002,0.9312999999999999,10.0,0.0,0.27559345107588407,0.08248453052787065,1.8106256650506105,0.25077690832331245,1.7942875479827762,0.7145397635241683,0.1763225381668953,0.22136239692370624,0.1907875479827762,0.5723626439483287,0.05
1272,0.51345,False,0.0,0.1469,1.0,30.0,0.0,0.20664304983497525,0.11377801963006778,1.6952354922482542,0.07467768305533866,1.5482,0.039946964840898734,0.08711732189818286,0.02520974890365935,2.242187112808238e-242,0.0,0.05
1273,0.57085,False,0.0,0.18170000000000003,1.0,10.0,0.0,0.24909359172776466,0.07792211025533143,1.724231579166132,0.06481680048323112,1.6338333333333352,0.19164546259521803,0.10310404822269559,0.024050391834105483,0.04610000000000116,0.13830000000000348,0.05
1274,0.5995,False,0.0,0.199,1.0,0.0,0.0,0.2832258587538307,0.01895603053103793,1.7324698114981811,0.042817716293722614,1.5272000000000001,0.03709932613943277,0.10367508437555828,0.0026743508920046653,3.273831752799562e-242,0.0,0.05
1275,0.5420499999999999,False,0.0,0.1641,1.0,20.0,0.0,0.233589348806164,0.10740524832470262,1.6958285397916069,0.045699367922942304,1.549700000017219,0.041185070121413245,0.09406879143509699,0.02056681712897519,2.8615136411409364e-242,0.0,0.05
1276,0.45770000000000005,False,0.0,0.2433,0.8689,49.2,0.0,0.30801018212558656,0.14681723148794537,1.9904789463048782,0.403773970053751,2.085392066867677,1.0110508143431243,0.32464269834465936,0.327573266787139,0.3625749446408131,0.725858783338984,0.05
1277,0.53175,False,0.0,0.23579999999999995,0.9317,26.0,0.0,0.34149946620798544,0.05962806779996809,1.8533711766965002,0.26572423020787916,1.7849823940554923,0.703872305614379,0.21400566301687593,0.208692037824264,0.17969999863628747,0.5390999959088624,0.05
1278,0.50915,False,0.0,0.23179999999999995,0.9385,38.0,0.0,0.31997968805624943,0.10431513971770681,1.915588370642056,0.3577396209744624,1.809707798025077,0.6770727577172679,0.20601149159226648,0.21088322099246945,0.1965744646907011,0.5897233940721034,0.05
1279,0.475,False,0.0,0.35839999999999994,0.7756000000000001,46.0,0.0,0.4313763828452135,0.10551332206706869,2.270008566018136,0.450553777544007,2.362111798411694,1.0564798659777817,0.4902072966471291,0.34343438830714323,0.7927926131307881,0.9775871557985112,0.05
1280,0.5708,False,0.0,0.18160000000000004,1.0,10.0,0.0,0.26687301469730806,0.07374945042441176,1.7306296944577813,0.073849888434287,1.5954000000000017,0.08789106894332509,0.09742107298759259,0.016247704063431123,2.2049445782742456e-242,0.0,0.05
1281,0.54975,False,0.0,0.21080000000000002,0.9286999999999999,10.0,0.0,0.2875136943233974,0.028772007775918085,1.8022286756897068,0.18657206174336854,1.8271283913922325,0.8707532914918069,0.17314738668779078,0.20847619322126568,0.17340557040373633,0.5202167112112089,0.05
1282,0.5708,False,0.0,0.18160000000000004,1.0,10.0,0.0,0.2561811847577488,0.06888661036651897,1.7245376169871125,0.05980181891751271,1.5290056856327587,0.03459947064843012,0.09681143925983408,0.016080707224870896,1.7466023648905777e-242,0.0,0.05
1283,0.58545,False,0.0,0.2109,1.0,10.0,0.0,0.2862423562425024,0.08622251216479682,1.7711480417200214,0.17275288221018575,1.558500001017253,0.04991843349957779,0.13161425020712628,0.07553954993580313,0.004400000000000346,0.013200000000001039,0.05
1284,0.5995,False,0.0,0.199,1.0,0.0,0.0,0.2829232182914788,0.01811705389866692,1.7541196764474758,0.044375659789833155,1.5722999999999998,0.0731232521158626,0.1025050126722495,0.0010877624609378171,2.320166021331504e-242,0.0,0.05
1285,0.5168,False,0.0,0.26649999999999996,0.8103,10.8,0.0,0.37093794900590227,0.14417486251840533,2.0479271940098047,0.4274652754412599,2.2612514273344018,1.073437986079221,0.35168208802824025,0.3649619582369914,0.5511210201579402,0.8526826166567717,0.05
1286,0.56985,False,0.0,0.18350000000000002,0.9962,10.0,0.0,0.28421709738509415,0.0993533246692077,1.7599501584932498,0.09934456028511361,1.6587612847963982,0.332578309958659,0.12233984112467511,0.05954121581868568,0.07980000000000088,0.23940000000000264,0.05
1287,0.5995,False,0.0,0.199,1.0,0.0,0.0,0.2735752230310743,0.0126877089628114,1.7333761158649676,0.0571837559823606,1.5789,0.06947726246765912,0.10235975776315284,0.0009518500851916817,1.9950216000371747e-242,0.0,0.05
1288,0.43415000000000004,False,0.0,0.2165,0.7974,36.4,0.0,0.3293204336186616,0.18176002878165073,1.9631459897646955,0.38593714067645685,2.147539664987517,0.9355593340774458,0.31988844325348786,0.33309647808556214,0.5278268217416786,0.8071635103115508,0.05
1289,0.5635000000000001,False,0.0,0.238,0.93,10.25,0.0,0.32525168527755505,0.05046731183953241,1.8871585799360269,0.25753454966380906,1.7560929722719856,0.6938086699926441,0.20064030822289985,0.1948286832554247,0.18924713626074519,0.5677414087822357,0.05
1290,0.54325,False,0.0,0.1983,0.9282,10.0,0.0,0.2737229370711015,0.08760301287568555,1.795665018134764,0.1584287273846446,1.7672866663819327,0.6451878009541313,0.17007457984757574,0.20425129077792753,0.16080078827251182,0.4824023648175354,0.05
1291,0.5626,False,0.0,0.23090000000000002,0.9343,10.0,0.0,0.28695842302033636,0.0910438480264726,1.8567673801770141,0.2512630332717987,1.8487904798594017,0.8027250097589387,0.2161044806878396,0.2271855147411579,0.05,0.15000000000000002,0.05
1292,0.6045,False,0.0,0.20900000000000002,1.0,0.0,0.0,0.29326595062012306,0.033007355028679464,1.7761872139542139,0.056655150784448265,1.5982999999999998,0.08310361002988982,0.11268943550674812,0.014902815443687382,8.903121541217553e-231,0.0,0.05
1293,0.55755,False,0.0,0.19510000000000002,1.0,20.0,0.0,0.2688851118507323,0.0912074272344883,1.7485028333851829,0.09354650116851765,1.5337,0.041347430391742594,0.11907762591700259,0.05981394400316282,6.2294967762162866e-208,0.0,0.05
1294,0.4721,False,0.0,0.23000000000000004,0.7942,20.0,0.0,0.3071941435028109,0.10334861374180317,1.9866933533938003,0.41057738184394565,2.3104571045120035,1.172067649213999,0.2996932435445648,0.3102046712973633,0.5578907805072095,0.856839005989512,0.05
1295,0.5192,False,0.0,0.24630000000000002,0.8641,18.0,0.0,0.3287059170646689,0.05813640079544626,1.9264030880096257,0.27455386521989844,2.0968482406485762,1.082764221968878,0.27596262546018735,0.28511002874079183,0.3745401742707594,0.7500885950718004,0.05
1296,0.5559,False,0.0,0.21500000000000002,0.9304,8.4,0.0,0.31111503126842327,0.02544607350533499,1.7977079604050843,0.2308066896148256,1.916742099138213,1.0384799430169471,0.18416621855709367,0.2305311068183034,0.19954830704037171,0.5986449211211151,0.05
1297,0.47104999999999997,False,0.0,0.23859999999999998,0.8571,38.4,0.0,0.33410301079113663,0.09952913714404828,1.920210233515067,0.2840505310672595,2.117180213013781,1.0054654198956035,0.2799414229637994,0.2598808181263409,0.2003000000000026,0.45910871261609354,0.05
1298,0.5700500000000001,False,0.0,0.19450000000000003,1.0,13.6,0.0,0.2725058013374962,0.09519145504008593,1.7364821629929086,0.09121601681730923,1.5695999999999999,0.10950452045463702,0.11807789156815515,0.0622266931596982,1.2747286555769431e-204,0.0,0.05
1299,0.5421,False,0.0,0.1642,1.0,20.0,0.0,0.21842180302943398,0.09445776124956692,1.685275556930631,0.0592627616690545,1.5421999999999998,0.06907503166846903,0.09187984444616404,0.021443161458854852,1.7474232435637324e-242,0.0,0.05
1300,0.47745,False,0.0,0.213,0.8619,30.0,0.0,0.2974924804060478,0.1439411899281245,1.884583760346435,0.2773438180140995,2.003236294101961,0.8575841081710229,0.2716694003232833,0.30100822625191076,0.3531066604950488,0.71056290558912,0.05
1301,0.58075,False,0.0,0.223,0.9385,0.0,0.0,0.3423545441317053,0.13647295667568454,1.8387491746708637,0.2691262332147887,1.8882762311109496,0.6683580183757225,0.20670929106350283,0.259412027314145,0.2514297208171036,0.5221210733176942,0.05
1302,0.52295,False,0.0,0.19460000000000002,0.9313,20.0,0.0,0.28959508875391343,0.11327349499205454,1.7957003557103999,0.2752990645175003,1.9276643380331862,1.163864612461479,0.17543192960801035,0.23217429562036937,0.20081527594731444,0.6024458278419433,0.05
1303,0.52925,False,0.0,0.233,0.9295,26.0,0.0,0.3120627994261096,0.048486500517080006,1.8686276391155112,0.26076840956539343,1.775989361729863,0.632639698689102,0.20172381960919156,0.19392095696391962,0.16360575569683614,0.4908172670905084,0.05
1304,0.58715,False,0.0,0.21430000000000002,1.0,10.0,0.0,0.2908451577342813,0.044241797723887824,1.7780109407890432,0.10194315944631573,1.5423000000000002,0.0525510228254408,0.1278576268166838,0.06799100501581666,1.7123510313440442e-196,0.0,0.05
1305,0.47805000000000003,False,0.0,0.2222,0.8539,30.0,0.0,0.2887129666507053,0.0873299207456808,1.8777532522526112,0.2814779826946143,2.1986598439071328,1.074155802501356,0.26786741068985465,0.25687025517156814,0.42856072767916215,0.7012528388525131,0.05
1306,0.4740999999999999,False,0.0,0.2061,0.8620999999999999,30.0,0.0,0.28580144837418536,0.15133015614912307,1.8895939421933552,0.2924911035821224,2.0657820165875025,0.9315228483372437,0.27339783975282017,0.315242459657629,0.35138201658750196,0.7035889993126402,0.05
1307,0.5138499999999999,False,0.0,0.17809999999999998,0.9296,20.0,0.0,0.26168243584619644,0.12273511148598885,1.789152743180511,0.24499591532532713,1.7511675784000793,0.6818107960968385,0.15733637983374293,0.1809517119256285,0.18740091173341267,0.562202735200238,0.05
1308,0.5672999999999999,False,0.0,0.26749999999999996,0.8671,0.0,0.0,0.3367823865892611,0.04402712438851289,1.982181589387126,0.331505095931065,2.1265293208069442,1.0174102272493286,0.27815479280599725,0.26300065010258117,0.4153574112227645,0.8321249944536289,0.05
1309,0.51045,False,0.0,0.27090000000000003,0.7899999999999999,10.0,0.0,0.3552756066425992,0.09022806334435286,2.0529361948060574,0.2893927675851986,2.2446562040858935,1.050738571233862,0.36011979335268285,0.28540109496177535,0.2703309733939315,0.5033168514860789,0.05
1310,0.509,False,0.0,0.178,1.0,40.0,0.0,0.22864156315623302,0.12786460859561696,1.7782844119316024,0.17188608256186985,1.5682,0.08179462085002899,0.1288965120608338,0.08715663993088042,1.8622729911281645e-202,0.0,0.05
1311,0.54235,False,0.0,0.1647,1.0,20.0,0.0,0.22852659603157344,0.0947022552759465,1.7184206943198208,0.06847105403858446,1.560901326347722,0.06952221249083144,0.09225696558446977,0.02025248410383661,2.104386611807144e-242,0.0,0.05
1312,0.5428999999999999,False,0.0,0.2312,0.9346,20.0,0.0,0.3208546490548783,0.1295841419528927,1.869536338947373,0.3073382962118799,1.8393300555296346,0.7426732352551623,0.22419840964219867,0.2579603354539219,0.16865786781857675,0.5059736034557302,0.05
1313,0.5376,False,0.0,0.19810000000000003,0.9170999999999999,10.0,0.0,0.2800349950289378,0.08161041193867109,1.831405942665065,0.25430747941682075,1.9328960061918639,0.7209074866703664,0.1929680811539318,0.22660693919691996,0.245767833303186,0.5277875077722006,0.05
1314,0.57075,False,0.0,0.18150000000000002,1.0,10.0,0.0,0.2603961449447448,0.0772675102184161,1.7089398617102376,0.048077100035621635,1.5841000001518537,0.10156716999864128,0.09777079507212486,0.016644792682069517,2.9501000421476704e-242,0.0,0.05
1315,0.5710999999999999,False,0.0,0.1822,1.0,10.0,0.0,0.28004335083385257,0.08759603464722582,1.699920230563087,0.05796063770865236,1.5307,0.04422906284333866,0.09931790847089866,0.014674656970443095,2.423930899619213e-242,0.0,0.05
1316,0.5419999999999999,False,0.0,0.164,1.0,20.0,0.0,0.2315463784047148,0.08954600049975842,1.6940771837629662,0.0667240119246752,1.5379,0.06325258887982382,0.09088010893223951,0.0217562324449307,4.4274860029045863e-243,0.0,0.05
1317,0.48439999999999994,False,0.0,0.2589,0.8667,39.2,0.0,0.33015815037845947,0.11762392149702382,2.0215402791632906,0.3906260618763802,2.2800697358653665,1.492912002287837,0.30594010454535336,0.2714058013927439,0.36440308818196254,0.7333359361296914,0.05
1318,0.5419999999999999,False,0.0,0.164,1.0,20.0,0.0,0.2274521313689005,0.1020577224743042,1.7494820763351437,0.09542416282467499,1.5881222222222235,0.21695442685811936,0.09797490653222689,0.03180291630073667,0.050800000000000935,0.15240000000000278,0.05
1319,0.4969,False,0.0,0.23959999999999998,0.7942,10.0,0.0,0.34155463655832213,0.1040638251844332,1.9576991524390863,0.33387160540821553,2.4454557639772894,1.381524344324429,0.3179686711147622,0.3302983331071551,0.5391727045134485,0.8273880140605877,0.05
1320,0.5431499999999999,False,0.0,0.2365,0.9298,20.0,0.0,0.3273124024163435,0.04123899517409191,1.8376396969870168,0.20163760833110808,1.8395338900773939,0.7769629039911282,0.2108767923126889,0.21294694046908139,0.16505602006135658,0.4852504988382516,0.05
1321,0.5995,False,0.0,0.199,1.0,0.0,0.0,0.28328243424906546,0.013344740906852021,1.7197741012900174,0.03523420893992277,1.5355,0.0568792580823625,0.10349180162508294,0.0020185149941993118,2.8873795668784705e-242,0.0,0.05
1322,0.5664,False,0.0,0.23529999999999998,0.9375,10.0,0.0,0.3339255039479089,0.0861015292790744,1.852779804082101,0.26030470930519173,1.790508567696886,0.6601490082865481,0.20358541028023308,0.22673708211173652,0.21030856769688566,0.630925703090657,0.05
1323,0.6035,False,0.0,0.20700000000000002,1.0,0.0,0.0,0.303242015300285,0.0376907765575189,1.7793933703906704,0.07376605571943502,1.566,0.0796015075234132,0.11619940750212039,0.02178874321759012,6.053326354082986e-225,0.0,0.05
1324,0.5712999999999999,False,0.0,0.21430000000000002,0.9282999999999999,0.0,0.0,0.30139927225094404,0.021303381709128894,1.7885944189521557,0.12744036220547075,1.7767264793663986,0.6409714877990581,0.1702389448687408,0.19478871173591197,0.1514628666208266,0.4543885998624797,0.05
1325,0.5411999999999999,False,0.0,0.3141,0.8722999999999999,26.0,0.0,0.43585546739285796,0.09136035445427025,2.1051712485878653,0.358696507158288,2.2687438991052873,1.4490935528721152,0.37745054536202904,0.28414040611061875,0.4145883435497316,0.7976121324001596,0.05
1326,0.4949,False,0.0,0.2835,0.8055,24.8,0.0,0.33344093240006856,0.054057433922088734,2.1267232039530795,0.4241222906341908,2.5549936472610213,1.5172484234013024,0.37705363751164656,0.32827252439325305,0.5831750195651184,0.8958807722708775,0.05
1327,0.5995,False,0.0,0.199,1.0,0.0,0.0,0.28165164269054843,0.019844497241139358,1.7389276271745502,0.04841396625462234,1.6025555555555566,0.1609056314186153,0.10676875283280614,0.010910683892188371,0.03850000000000081,0.11550000000000243,0.05
1328,0.54925,False,0.0,0.20780000000000004,0.9307000000000001,10.0,0.0,0.2881969913409724,0.08747168729037018,1.8028808664118483,0.23487016781337353,1.7759215586484611,0.7054891957663872,0.18383600816521387,0.21479478656678047,0.16309593181348433,0.48928779544045303,0.05
1329,0.5167999999999999,False,0.0,0.22400000000000003,0.9296,30.0,0.0,0.288613404771831,0.10351495154335602,1.8698076390331646,0.2625526738608965,1.7381094684225686,0.541167872342048,0.2027335971701381,0.1964758652604028,0.16244142905927342,0.4774080802938018,0.05
1330,0.5423,False,0.0,0.16460000000000002,1.0,20.0,0.0,0.23732809150577633,0.10665755979044142,1.71840704021845,0.10373189723321773,1.6682111111111122,0.2876869459827661,0.11607090317070885,0.056435031159260296,0.06990000000000088,0.20970000000000266,0.05
1331,0.5073,False,0.0,0.2234,0.8712,20.0,0.0,0.2825504585961425,0.09759068589291826,1.898680740811835,0.3876002309929777,2.121546650462215,1.165038991687693,0.24029999566540422,0.2862146823740074,0.2401444709620823,0.5734804542796932,0.05
1332,0.5425,False,0.0,0.165,1.0,20.0,0.0,0.229194332219274,0.08600389450311559,1.7130700404395487,0.059539788497610394,1.5697,0.05248437862831186,0.09262544245375645,0.020904680731453372,1.5316228881786821e-242,0.0,0.05
1333,0.5549499999999999,False,0.0,0.1899,1.0,20.0,0.0,0.2679633428219167,0.08113254051930896,1.727679318348891,0.06316600377161,1.6309,0.09050795545144108,0.11031967125566118,0.03543980470854517,1.3832261492350218e-223,0.0,0.05
1334,0.5692,False,0.0,0.25450000000000006,0.9431,14.8,0.0,0.34372740059934986,0.07109195358040295,1.921033113630354,0.2846349343390778,1.658355555408955,0.33529274727579883,0.23524788930936494,0.24114991750474843,0.07990000000000005,0.2397000000000001,0.05
1335,0.57185,False,0.0,0.2112,0.9324999999999999,0.0,0.0,0.30479739063410427,0.06134781286010831,1.8090289856707897,0.23364799615231122,1.7041322682639497,0.37276481275187867,0.1763991945334944,0.22124886000386737,0.07980014379413183,0.23940043138239556,0.05
1336,0.4629,False,0.0,0.20140000000000002,0.8615999999999999,34.3,0.0,0.27984336723975567,0.12440468470183487,1.9394477285431626,0.3997099075926092,2.0407018009713616,0.9377733999879705,0.22447346634597548,0.23585500504196413,0.3965360154111651,0.7955654258146307,0.05
1337,0.52735,False,0.0,0.23259999999999997,0.8621000000000001,10.0,0.0,0.32639749875828067,0.047851010806264534,1.9019111795345072,0.2956416261499858,1.8447365075888424,0.532025996374652,0.2563311064015896,0.2663431148402038,0.24613151317897503,0.52892475928304,0.05
1338,0.5423,False,0.0,0.1646,1.0,20.0,0.0,0.22946573101786352,0.10094034637432367,1.6902481025209517,0.0521720359957355,1.5717,0.09451671809791114,0.09343613587030977,0.02198760644880284,1.6709479438893428e-242,0.0,0.05
1339,0.53675,False,0.0,0.2237,0.9298,20.0,0.0,0.296386551454776,0.09415261533880968,1.8718772943860287,0.21672854629479493,1.7857051261701504,0.7124792282962735,0.19939039068519154,0.18109802233206274,0.1937051261606647,0.5811153784819941,0.05
1340,0.42654999999999993,False,0.0,0.30779999999999996,0.5852999999999999,10.0,0.0,0.3795127642199675,0.08106965912258568,2.1783693085092093,0.3161567769903476,2.8958511093918906,1.1597637476022375,0.555900658119136,0.32200991690832964,0.9253205121785216,0.8402990072134309,0.05
1341,0.48800000000000004,False,0.0,0.2291,0.8669,30.0,0.0,0.3089235428398359,0.1134448931694089,1.9610024641016384,0.40368277625043936,1.9114615854380552,0.7468661107114735,0.2707730615954566,0.30999952031559147,0.31610768282307394,0.6326441355063666,0.05
1342,0.5265,False,0.0,0.26569999999999994,0.9472999999999999,40.0,0.0,0.3620325706146298,0.175493042253746,2.00013152679158,0.4733727189528371,1.7784065663761726,0.6153611530040826,0.2917417294809124,0.33186680830274645,0.18823465664894154,0.5482400094929307,0.05
1343,0.58635,False,0.0,0.21270000000000003,1.0,10.0,0.0,0.31184181997191907,0.04577683804902695,1.7685212329473075,0.04998933517107694,1.5482007697211373,0.050805584537078986,0.12342983528333318,0.03884395761136908,2.3763644256399004e-213,0.0,0.05
1344,0.4389,False,0.0,0.2387,0.7191,20.0,0.0,0.28679870902384,0.09447396496832494,1.9838712982595539,0.3581157645528933,2.6478108180818922,1.3270349952292093,0.3594710327843429,0.32372340251521337,0.698687102513938,0.8583366598286664,0.05
1345,0.51045,False,0.0,0.32209999999999994,0.8652000000000001,41.6,0.0,0.45010363488727656,0.13672944525225827,2.1135610638468263,0.32160698744904737,1.9616077743647817,0.7770573143824608,0.3887977271136661,0.27604057906048357,0.2649869679450119,0.5599152357217689,0.05
1346,0.5039499999999999,False,0.0,0.15120000000000003,0.9766999999999999,30.0,0.0,0.24393907883175575,0.10957803013851461,1.723469556553044,0.10143142345973906,1.655955555555557,0.33356224806373974,0.11762418886641605,0.08101088801388659,0.07990000000000086,0.23970000000000255,0.05
1347,0.47669999999999996,False,0.0,0.24220000000000003,0.8712,40.0,0.0,0.31638772510335783,0.17713043638276535,1.9710810154056424,0.4295363103045423,2.005692164970458,0.8480241918112038,0.3070123938797479,0.32149486753694145,0.24790645852661686,0.5233753697464772,0.05
1348,0.57345,False,0.0,0.21700000000000003,0.9299,0.0,0.0,0.3094326217390879,0.04123594711727939,1.8149756684746232,0.23857024766905002,1.70274928080647,0.4799100052746259,0.1676948601124668,0.17926712210864276,0.16095256673540975,0.48285770020622926,0.05
1349,0.54225,False,0.0,0.1645,1.0,20.0,0.0,0.23419833954480435,0.09670736181447333,1.6986531512402743,0.052035164020836536,1.5377999999999998,0.025662423891752682,0.09310151593748808,0.021421420939289615,1.5289768124906057e-242,0.0,0.05
1350,0.57285,False,0.0,0.2133,0.9324,0.0,0.0,0.32900557287917354,0.06611580824004282,1.8152029899095048,0.2425096615234276,1.69148402777865,0.3649853069455139,0.18231068607316173,0.21012572848199743,0.08630000000000079,0.23802354925511168,0.05
1351,0.4449,False,0.0,0.284,0.7358,32.5,0.0,0.35983141840120336,0.06281479701600726,2.2086562402619343,0.48389510533701263,2.4709344662070647,1.1919446550481079,0.4037410835024489,0.3249463047945849,0.7579301588402222,0.929369305575782,0.05
1352,0.4142,False,0.0,0.2569,0.6771,26.4,0.0,0.3686387557099187,0.2095202950054186,2.118085509804438,0.4704596473907537,2.480067723637979,0.9459011954446687,0.4890664086120724,0.40521783267939526,0.737380511344452,0.7792925137388713,0.05
1353,0.5433,False,0.0,0.16660000000000003,1.0,20.0,0.0,0.23352445162782956,0.08438200440830082,1.7017030650495077,0.06693918305224246,1.5512000000000001,0.06056533662087581,0.09321561007765969,0.022323050884990234,2.910188155672178e-237,0.0,0.05
1354,0.5331,False,0.0,0.231,0.8576,5.6,0.0,0.3219133992662766,0.04973527422858383,1.8670254380998483,0.24151180679598322,1.9400483862534965,0.7837349013185052,0.24029614660939497,0.2660963227162325,0.3162858061421903,0.6326997565393718,0.05
1355,0.5995,False,0.0,0.199,1.0,0.0,0.0,0.2613820601537705,0.008643929269148124,1.7562536623607543,0.04483464827930916,1.5374,0.0540503468999044,0.10228291468303112,0.0020398706590813776,2.5805696557139155e-242,0.0,0.05
1356,0.48229999999999995,False,0.0,0.2153,0.9301,45.2,0.0,0.2841729927216104,0.14451377105651195,1.9081414657283768,0.3383353887809394,1.7297534759086317,0.6281104609403436,0.21401264851074409,0.2008344031951828,0.19995347590863186,0.5998604277258955,0.05
1357,0.54275,False,0.0,0.2668,0.8587,10.0,0.0,0.35436169724195776,0.04706227736832447,1.9596518408251906,0.2599781063596372,1.9209905817400927,0.7447265364994046,0.307355685348936,0.26662205255844995,0.3180026494626115,0.6361545703687862,0.05
1358,0.4276,False,0.0,0.1872,0.868,50.0,0.0,0.23458317017625818,0.14103392600774498,1.8882558821810935,0.3731588819655456,1.8923197308556177,0.7441103593676535,0.2336831745283255,0.2782968623187994,0.3253615055431681,0.6512824962495587,0.05
1359,0.5258499999999999,False,0.0,0.27799999999999997,0.9289,38.8,0.0,0.3579348787036273,0.05445586477488235,1.9673128394747526,0.24471258804562365,1.765305277047719,0.7302742703938767,0.271777339416607,0.2100763685787561,0.2017719437143853,0.6053158311431559,0.05
1360,0.5439,False,0.0,0.20780000000000004,1.0,30.0,0.0,0.2833294950198243,0.0879774753021505,1.7818499077275667,0.1114586996958972,1.5639999999999998,0.051936499689524705,0.13362626952157347,0.0693770444703606,2.612840320543547e-201,0.0,0.05
1361,0.5685999999999999,False,0.0,0.2427,0.9344999999999999,10.0,0.0,0.31778846190472937,0.06891115451560317,1.873692211910063,0.3100572525586396,1.8067765828668712,0.7344756365499382,0.21272378625339883,0.22676989953853374,0.05,0.15000000000000002,0.05
1362,0.5430999999999999,False,0.0,0.16620000000000001,1.0,20.0,0.0,0.24540181728558333,0.09948442217903727,1.713258387645014,0.06653065174220006,1.580700000058807,0.053338635230649314,0.09717256916453546,0.02019358395141495,1.766640477838504e-242,0.0,0.05
1363,0.41140000000000004,False,0.0,0.24290000000000003,0.7927000000000001,53.2,0.0,0.2925427609808065,0.1948576900410502,2.0417147989504927,0.4236368196285483,2.347992969922804,1.346441812484214,0.36749954057750694,0.32013937474824683,0.4276231046195919,0.73567806159018,0.05
1364,0.57055,False,0.0,0.2211,1.0,20.0,0.0,0.33350852932273073,0.04945399393257046,1.785224221615729,0.05088890446902264,1.5793,0.0721332794208055,0.1413371807094726,0.06151802948361226,4.866794359348606e-210,0.0,0.05
1365,0.4836499999999999,False,0.0,0.21869999999999998,0.859,27.6,0.0,0.3117179490131863,0.11856581089553712,1.895383810426606,0.24429470749515023,1.9072142636917562,0.6567479859673037,0.2590656945432847,0.2806962669233136,0.24365102558841337,0.5226101394004772,0.05
1366,0.5995,False,0.0,0.199,1.0,0.0,0.0,0.2729283345355692,0.01462972478609087,1.7158525839213676,0.041457485397707716,1.5315000000004197,0.0548602770688572,0.10293213639847268,0.002017226489596794,2.2121480036649047e-242,0.0,0.05
1367,0.5995,False,0.0,0.199,1.0,0.0,0.0,0.2717741024380286,0.01401822457416184,1.7449135042665986,0.029250490739433425,1.5833,0.050909822235006875,0.10214971053407618,0.0008684427056932737,2.715103500654135e-242,0.0,0.05
1368,0.5864999999999999,False,0.0,0.2253,0.9876999999999999,10.0,0.0,0.30997308601065116,0.03797083352149241,1.8274912498732558,0.13517908776125073,1.7071111111111121,0.3314610417865493,0.16232049118898656,0.09125202512423337,0.07980000000000086,0.23940000000000256,0.05
1369,0.5455,False,0.0,0.24969999999999998,0.8573000000000001,4.0,0.0,0.32661292697577476,0.037203985011556216,1.9216916119752696,0.2575456068945116,1.9618831830468757,0.7638517058991595,0.26633486449700705,0.26088843386743454,0.3179468007215319,0.6361174759590756,0.05
1370,0.5503,False,0.0,0.2508,0.9282,19.6,0.0,0.33234605495969344,0.06060262441823948,1.8787771942431077,0.20013910441588073,1.7647726687978043,0.6672271666666827,0.22393470668169796,0.20774943120702016,0.1506061089523412,0.45181832685702356,0.05
1371,0.5031,False,0.0,0.21820000000000003,0.9288000000000001,35.2,0.0,0.2809846256209755,0.08834523596600831,1.8034532028293235,0.15099716823868556,1.7393283893806335,0.6012545481357965,0.19489695682493619,0.18878704840407146,0.15380000000378943,0.4614000000113684,0.05
1372,0.5710999999999999,False,0.0,0.1822,1.0,10.0,0.0,0.2513346006607693,0.06489884572216888,1.694848680933546,0.041505768414895956,1.5390000000000001,0.036207733980463334,0.09803515221746752,0.014974057085124613,1.8831150661241878e-242,0.0,0.05
1373,0.49690000000000006,False,0.0,0.21230000000000002,0.8615,20.0,0.0,0.3002777819594432,0.10849147549447075,1.8905893667845262,0.36562581764808216,2.2411698506748654,1.4411643627812316,0.2323495317818695,0.2666473375848855,0.2675242627110987,0.6531453265093106,0.05
1374,0.57095,False,0.0,0.21300000000000002,0.9289,0.0,0.0,0.27889550665300267,0.022846074783650635,1.8136962215335708,0.2173506531877802,1.7658191484101196,0.7214776291260485,0.1657809052554211,0.1861990589622175,0.17705509878851458,0.5034701632361612,0.05
1375,0.57105,False,0.0,0.1821,1.0,10.0,0.0,0.2556545557338441,0.0767139291918724,1.7092752993865588,0.05290987053950775,1.5418000000132344,0.06686523759692775,0.09814848887269828,0.014944185797144249,2.4100504624531947e-242,0.0,0.05
1376,0.6005,False,0.0,0.201,1.0,0.0,0.0,0.29899018908467423,0.014738215987742413,1.7365938386209094,0.03717540166907988,1.5671722222222224,0.050738438748809234,0.10521862802652142,0.0061887370524828945,4.7124947301471187e-237,0.0,0.05
1377,0.57115,False,0.0,0.18230000000000002,1.0,10.0,0.0,0.25635867433069354,0.07442472423224569,1.7034096207708949,0.05351541372370192,1.5471,0.05183907792389829,0.09780704104892037,0.013873579786150076,2.1362715419660742e-242,0.0,0.05
1378,0.5448500000000001,False,0.0,0.2097,1.0,30.0,0.0,0.2699997462997303,0.12562350155777488,1.8109017904966496,0.18131182641961385,1.5294,0.05941077343378057,0.15465789587302198,0.10028143520359592,4.019916134520137e-188,0.0,0.05
1379,0.53825,False,0.0,0.19490000000000002,1.0,29.6,0.0,0.2850480783408903,0.09431279134815303,1.774282534541293,0.08989938910589623,1.5456,0.044886969155869746,0.12151743650911936,0.05056499872425906,1.4165100254399754e-220,0.0,0.05
1380,0.5019500000000001,False,0.0,0.14820000000000003,0.9757,30.0,0.0,0.20758020591778403,0.10295442058560351,1.7269346334183056,0.1458806352594673,1.6849111111111124,0.32857497706848904,0.11132718588642246,0.0810562411338953,0.07980000000000088,0.23940000000000264,0.05
1381,0.5015499999999999,False,0.0,0.22359999999999997,0.8995000000000001,30.0,0.0,0.2965955871860343,0.1906412869333707,1.974954511094151,0.49469853410930165,1.8735413686260511,0.7122218173660751,0.25741911176698434,0.33193536395445655,0.21259214845868035,0.4380919901843597,0.05
1382,0.4344500000000001,False,0.0,0.26470000000000005,0.7914000000000001,46.8,0.0,0.333343207275305,0.11294239638331197,2.05901222334329,0.3321827580391052,2.201873575068392,1.0239348603063658,0.3678975882661141,0.2992905542130196,0.3801081432103579,0.6522131758824993,0.05
1383,0.5708,False,0.0,0.18160000000000004,1.0,10.0,0.0,0.2554636572632028,0.07566599686187327,1.7111821320696297,0.05180118594060747,1.5223,0.030909707213107,0.09762255452587301,0.0161139415854926,1.6476113472880576e-242,0.0,0.05
1384,0.51295,False,0.0,0.23149999999999998,0.9288000000000001,33.6,0.0,0.29117575826146835,0.14679584957810896,1.8912016531250277,0.2534240166483074,1.7801475967975726,0.6844943772933343,0.23211055390219565,0.21505297390072803,0.18323024724972106,0.5496907417491632,0.05
1385,0.5995,False,0.0,0.199,1.0,0.0,0.0,0.276972305577274,0.014046776167713392,1.749892469246726,0.03918366294614015,1.5272999999999999,0.042121372247352046,0.10357530193058921,0.0016475718655798977,2.6633873575410057e-242,0.0,0.05
1386,0.53095,False,0.0,0.2016,0.9307000000000001,17.6,0.0,0.2667326597987863,0.07931702440514657,1.8172617488227503,0.24091647984373318,1.7682415478127305,0.5660661576199661,0.17063831941935353,0.20510699550786055,0.16136344569127292,0.4840903370738188,0.05
1387,0.47040000000000004,False,0.0,0.29700000000000004,0.799,38.8,0.0,0.39763946153737467,0.09815556445470602,2.1179646728929176,0.35506615973489597,2.109713652250486,0.9026151367811709,0.4184724287993585,0.3265295326966221,0.3847053244101782,0.6168522808117347,0.05
1388,0.57085,False,0.0,0.18170000000000003,1.0,10.0,0.0,0.2554965932816907,0.08084691520315043,1.6951871456953111,0.0619032323609743,1.5556999999999999,0.08474556035569067,0.09739349326588885,0.01531968077831647,1.7273288771583847e-242,0.0,0.05
1389,0.54475,False,0.0,0.229,0.8604999999999998,0.0,0.0,0.3279569456601161,0.11359386596695083,1.909695782390822,0.31606183636876134,1.9691561979170928,0.8617038571247766,0.23372975114986483,0.2620869330357995,0.34426936748157555,0.6886473404052134,0.05
1390,0.5995,False,0.0,0.199,1.0,0.0,0.0,0.29392609282829035,0.01762516457114204,1.6708421718524011,0.023979781025140378,1.5581,0.08078298088087617,0.10330512523003813,0.0012857541896413493,2.158464871352131e-242,0.0,0.05
1391,0.56065,False,0.0,0.2332,0.9281,10.0,0.0,0.3159777034482075,0.03487111496444586,1.8455491381507705,0.18199325209927805,1.8406637313855878,0.6679861554158446,0.19845263729031853,0.2069705809553908,0.15313924322866057,0.4594177296859817,0.05
1392,0.53825,False,0.0,0.2524,0.8657,10.4,0.0,0.3212353872616193,0.06868894873741735,1.9921589055054885,0.35033519893401094,2.0391869998360277,1.032097350696732,0.2812837195437466,0.3032340716974511,0.3430723577880738,0.6875939786984563,0.05
1393,0.4523999999999999,False,0.0,0.2137,0.8606999999999999,42.4,0.0,0.27377911596261095,0.12255900458568804,1.8981922979660841,0.3016078241895788,2.135908602124099,1.09535910882998,0.26354738794357413,0.27195299448621246,0.33388956359532396,0.6681753687533938,0.05
1394,0.57455,False,0.0,0.18960000000000005,0.9994999999999999,10.0,0.0,0.2896699057552029,0.1018435107565166,1.7664550904538572,0.11558579593318734,1.6681111111111124,0.3315048851659524,0.13221627395424423,0.057707774552765136,0.07980000000000084,0.23940000000000253,0.05
1395,0.5343,False,0.0,0.27169999999999994,0.8769,20.0,0.0,0.34706454483351296,0.06573201277983728,1.9818491950903834,0.3695064415227316,1.9717819876145921,0.8512900738482868,0.286322135163736,0.2696619907651361,0.35465347880075687,0.7128692358411369,0.05
1396,0.5421,False,0.0,0.1642,1.0,20.0,0.0,0.23101996389742877,0.1032596275642433,1.728414509064104,0.07285786854056132,1.5276999999999998,0.03487993692654844,0.09234085051545739,0.021683929850776194,2.1006126780612495e-242,0.0,0.05
1397,0.4963,False,0.0,0.26649999999999996,0.8061,20.0,0.0,0.34424718830154805,0.04486962454046292,1.9697038805120393,0.38215825630159167,2.375910068903237,1.3099647098660083,0.32831049021290404,0.31661535106358507,0.49164774668802796,0.7511419952917369,0.05
1398,0.5867,False,0.0,0.2833,0.8933,0.8,0.0,0.3862836305540386,0.15807082861604171,2.049020903400412,0.47667105043928815,1.9728759688373287,0.8254890836375898,0.31897666106827294,0.351698214786472,0.3448509070434531,0.6903435900762692,0.05
1399,0.428,False,0.0,0.2725,0.7419,39.6,0.0,0.35566190853733765,0.13087702446309904,2.0923624076832414,0.4369477093024308,2.378632784067059,0.9603788221270544,0.41146226175589407,0.35266470456732496,0.5739978215365656,0.7827259812621897,0.05
1400,0.48885,False,0.0,0.2594,0.7988999999999999,20.15,0.0,0.35285099701541517,0.1442561256765923,2.0542152377328637,0.42677687790896784,2.309317578409208,1.214870243825693,0.3612344430521848,0.32827189358265746,0.4668992440708921,0.8069688637843854,0.05
1401,0.5342499999999999,False,0.0,0.26979999999999993,0.8786999999999999,20.0,0.0,0.3786358087106206,0.10813649320133688,2.0427617653796846,0.46125416522484425,2.003836127761326,0.8920780748129217,0.3152653199406684,0.3314170675564495,0.403536127761326,0.807822476359728,0.05
1402,0.39775000000000005,False,0.0,0.32100000000000006,0.6751,50.15,0.0,0.38561009296110405,0.10600834765621936,2.2489397378597373,0.4249918796114531,2.534668612893049,1.0316779634767337,0.4832340595333127,0.31143066474572845,0.7329837206696598,0.8135910833266684,0.05
1403,0.5259499999999999,False,0.0,0.22959999999999997,0.9423,30.0,0.0,0.30269005052518794,0.117936615506349,1.8842670180588978,0.3388284297201978,1.7081110201964775,0.5578744844729726,0.2126330281678043,0.25272152865667225,0.1656018120379178,0.4968054361137534,0.05
1404,0.6005,False,0.0,0.201,1.0,0.0,0.0,0.300080846652985,0.023796891520789978,1.7439606910728571,0.04058290587914325,1.5668000000000002,0.09486179420609758,0.10520314780343723,0.005192047492748083,1.1264463669187372e-237,0.0,0.05
1405,0.5448,False,0.0,0.24000000000000005,0.9296,20.0,0.0,0.3063321814260677,0.04236960915026538,1.8877190926243,0.20507901634743253,1.7497192969799833,0.6198016937193437,0.21103520986593147,0.20794796739202928,0.15885574768493832,0.476567243054815,0.05
1406,0.4421999999999999,False,0.0,0.33199999999999996,0.6932,35.2,0.0,0.4172431641933458,0.15246279935740303,2.2687505275820934,0.49151038400383606,2.7114914423696015,1.1823246884626304,0.48982309794280965,0.35899560060464175,0.6714682425117464,0.7865095557495366,0.05
1407,0.57075,False,0.0,0.18150000000000002,1.0,10.0,0.0,0.25125992162442623,0.07336374070785502,1.689090319818122,0.059691967863031554,1.5638999999999998,0.06866068744194165,0.09663532044702307,0.016581912169256755,1.7091900540979079e-242,0.0,0.05
1408,0.5728,False,0.0,0.18560000000000001,1.0,10.0,0.0,0.27391547978268693,0.08108664080872235,1.7363260311079411,0.060799279863692685,1.5873145833333349,0.19441186691505574,0.1066228124026912,0.024729303178692354,0.04610000000000092,0.13830000000000275,0.05
1409,0.57095,False,0.0,0.1819,1.0,10.0,0.0,0.24824935138796383,0.0658281439171199,1.7146123723768913,0.054921330021004924,1.562866666674449,0.05197909836616324,0.09828075484705627,0.015366783980532562,0.0059000000000003616,0.017700000000001086,0.05
1410,0.5248999999999999,False,0.0,0.2556999999999999,0.7941,0.0,0.0,0.3660338468565636,0.10353774953473012,1.983372488594367,0.2969256678836152,2.3244752419937904,1.1696575461333971,0.34835187539738366,0.3315740160388296,0.5117108405948066,0.7842415693739957,0.05
1411,0.5995,False,0.0,0.199,1.0,0.0,0.0,0.28250885006236875,0.01281702543127737,1.73018678862065,0.049146440709681084,1.5712,0.05009151624776396,0.10180832000109959,0.0007949986352485919,1.6257561530425977e-242,0.0,0.05
1412,0.49810000000000004,False,0.0,0.22360000000000002,0.9326000000000001,40.0,0.0,0.2882931236389915,0.10425659688004961,1.8767458219982824,0.26963009754395934,1.783738417842568,0.7337955765036064,0.2044976000083815,0.20504300350291393,0.05,0.15000000000000002,0.05
1413,0.5426,False,0.0,0.26399999999999996,0.8612,10.0,0.0,0.3834409853381625,0.11480278144688243,1.9541759382345032,0.23147752923527928,1.9664292906722616,0.9084911587132621,0.3084445933206916,0.29093945034162716,0.39784539197856106,0.8054482069222783,0.05
1414,0.50495,False,0.0,0.24539999999999998,0.8845000000000001,30.0,0.0,0.3396195432611982,0.1601903738273612,1.9377320196574952,0.4238436430086146,2.0089328870962726,0.9763838021453513,0.2794209633968566,0.3282448451426469,0.32587259273771585,0.6517803093624015,0.05
1415,0.44349999999999995,False,0.0,0.2598,0.7472,30.0,0.0,0.3286135605625843,0.1305491129901045,2.1032109847242744,0.5103467168145234,2.9041769281247207,1.8069627545569975,0.4221804353138844,0.4034361583974043,0.5994989013826009,0.8301199749328596,0.05
1416,0.437,False,0.0,0.2292,0.7888,36.0,0.0,0.328984780065247,0.11512567561612774,1.9779917473602964,0.40903994741492705,2.6050812008968225,1.6122932828535108,0.34106343018224117,0.33409993446930425,0.5050007885665287,0.7906118173037182,0.05
1417,0.49874999999999997,False,0.0,0.2668,0.7878999999999999,14.3,0.0,0.3766270381631144,0.12273559173145862,2.0401661338847643,0.3962129986859142,2.2675385016606797,0.9682539187013848,0.3554154920800781,0.32787268586335067,0.6205199125676277,0.8145498325909364,0.05
1418,0.54125,False,0.0,0.16430000000000003,1.0,20.45,0.0,0.24109007255568554,0.10199264281105988,1.7181443525560411,0.0745504649458896,1.568,0.08052577227198758,0.09628938935181064,0.027908741864924508,8.330090907820087e-243,0.0,0.05
1419,0.5091,False,0.0,0.25789999999999996,0.8003,10.0,0.0,0.31949160537821575,0.04431760642180738,1.9757882888850742,0.34695621606169064,2.190678184777357,1.0035782103753577,0.32255500913531665,0.3243424762676142,0.5326789994250655,0.8235369338104895,0.05
1420,0.5421,False,0.0,0.1642,1.0,20.0,0.0,0.2444971828072128,0.09848912305869247,1.6984270739019567,0.05873336295228177,1.5738999999999999,0.09916899717149513,0.09260138530726703,0.02204595086665833,1.8794288512682245e-242,0.0,0.05
1421,0.48715,False,0.0,0.26880000000000004,0.8655000000000002,40.0,0.0,0.3283188846177844,0.12600999110865502,2.0162951049211624,0.34631372859119447,2.1220457722351584,0.969269884033083,0.34748430360828386,0.29644660024885244,0.4157982028821644,0.6747384813559058,0.05
1422,0.49245,False,0.0,0.1833,1.0,49.6,0.0,0.2775709048874505,0.13901517962097903,1.736709432354236,0.07986242712459563,1.5415000000000003,0.04054442008464267,0.1250406616473957,0.05194591984845407,0.00020000000000028705,0.0006000000000008612,0.05
1423,0.5708,False,0.0,0.18160000000000004,1.0,10.0,0.0,0.2581349369758734,0.07742790219909183,1.710179978029177,0.06045317489727791,1.5524,0.08356697912453223,0.0963194790446799,0.015820400847947506,1.9018937887998767e-242,0.0,0.05
1424,0.5995,False,0.0,0.199,1.0,0.0,0.0,0.2555347124887516,0.009185509451675556,1.7407292073724498,0.054680679928022696,1.5423,0.0561783766230389,0.1022443802661909,0.0011237995532122934,2.7708032933771034e-242,0.0,0.05
1425,0.4862,False,0.0,0.2324,0.86,30.0,0.0,0.3221218091567754,0.10299534395387235,1.9026348076891906,0.25084443463578265,1.9705736337690705,0.8837832713011846,0.2847036454227231,0.27699459949158955,0.33970000052455995,0.6801311721758573,0.05
1426,0.5646,False,0.0,0.24259999999999998,0.933,11.6,0.0,0.3188342971992502,0.03633777959169144,1.9096220807075368,0.2530791297210933,1.83958859983215,0.7752223960090893,0.21760740224099662,0.22886039097042768,0.054000000000000006,0.162,0.05
1427,0.46255000000000007,False,0.0,0.2794,0.8057000000000001,40.0,0.0,0.3451778179965229,0.11193692790417659,2.0843944957405114,0.4533263517753396,2.15160736436651,0.9562709177825534,0.3987177407093946,0.3380040952209359,0.48369775198054005,0.7405047833977706,0.05
1428,0.38339999999999996,False,0.0,0.2424,0.7323999999999999,52.0,0.0,0.3429557660218877,0.1743651781713331,2.0582264066358618,0.40280270738054663,2.553450264041982,1.2885453872138892,0.4233047343768974,0.3592039013848016,0.6672820026490255,0.8180042582091597,0.05
1429,0.608,False,0.0,0.21600000000000003,1.0,0.0,0.0,0.30370901320090515,0.03593968166632576,1.7597617618380574,0.1150810695722579,1.5731,0.08010923791923129,0.12527008543267273,0.05993650883121049,3.016505507483789e-203,0.0,0.05
1430,0.5995,False,0.0,0.199,1.0,0.0,0.0,0.28117992123356905,0.024594574814766547,1.7417445518094858,0.06302214569126939,1.5476000000000447,0.06263417597457627,0.10695752811954026,0.013263026722364868,2.000502793247806e-242,0.0,0.05
1431,0.49649999999999994,False,0.0,0.2544,0.865,31.6,0.0,0.32996480909063397,0.1364286585372254,1.9926568611554187,0.4311087327878466,2.004936040705547,0.8629112536849461,0.29792845802620954,0.2965151751181021,0.3680023915676083,0.7518207774736421,0.05
1432,0.4582,False,0.0,0.2597,0.8087,38.0,0.0,0.36192794162496555,0.15535488967005867,2.0448041424728167,0.38974587874911865,2.3644970987450806,1.3103955110617598,0.37287927299844986,0.3631098974973648,0.575375942674593,0.8878377674541713,0.05
1433,0.5322,False,0.0,0.21600000000000003,0.9284000000000001,20.0,0.0,0.29347339199296646,0.10263840121897584,1.814094223737132,0.20059997533180896,1.9116271631892339,1.0655597192049042,0.2004543593812019,0.2208571687635322,0.21216049652256697,0.6364814895677009,0.05
1434,0.5582,False,0.0,0.19160000000000002,1.0,18.8,0.0,0.2732210433840885,0.08306501906594234,1.7373669637470783,0.06959416086088639,1.5577,0.04848102721684018,0.11211940352035488,0.04292601753560525,9.065110080936634e-219,0.0,0.05
1435,0.55695,False,0.0,0.21590000000000004,0.938,10.0,0.0,0.27092931609710663,0.08171162314360876,1.8414975998804497,0.2553689205052054,1.6556388888911606,0.29383798682936396,0.20314257285998472,0.24977783979638132,0.07980000000012707,0.2394000000003812,0.05
1436,0.4836499999999999,False,0.0,0.26449999999999996,0.8036,25.2,0.0,0.3568564826749899,0.051053656304622365,2.06526065704121,0.45445304846464335,2.1491001718561513,1.0126677739511016,0.3315133380944701,0.29833068750029035,0.18028100095178753,0.2862676227484182,0.05
1437,0.43155000000000004,False,0.0,0.346,0.6243000000000001,26.8,0.0,0.4324328451819592,0.17979707588093777,2.3727868301273487,0.4432813798604366,2.917936548491851,1.1609787426839775,0.6346132891644124,0.3491756062812111,1.0270578416188343,0.9130315028038561,0.05
1438,0.49629999999999996,False,0.0,0.19530000000000003,0.9317,33.6,0.0,0.2898706130850467,0.13067049074450754,1.8254921792294287,0.21237649892947974,1.7459596370024517,0.628903878458205,0.19154956612258034,0.21981921882925212,0.17648026228760288,0.5294407868628086,0.05
1439,0.6005,False,0.0,0.201,1.0,0.0,0.0,0.30306832414994883,0.034037536989110294,1.7532132167223284,0.0739043590280542,1.5363,0.04264985345813041,0.1159479007609712,0.03261419039085759,4.485448527283251e-237,0.0,0.05
1440,0.54965,False,0.0,0.2096,0.9297000000000001,10.0,0.0,0.2863070532117381,0.08511272030700626,1.860908170768538,0.2831558329805593,1.8501540967620058,0.7862009587735177,0.1782983576827475,0.18270205605065484,0.1859336925785136,0.5137606549322522,0.05
1441,0.6015,False,0.0,0.203,1.0,0.0,0.0,0.2969888864850856,0.04078718078245871,1.7466087215214028,0.05197771564193261,1.5676,0.0818244462248294,0.10726538458447306,0.0071584960862118565,6.020634665179878e-237,0.0,0.05
1442,0.5535999999999999,False,0.0,0.20950000000000002,0.9376999999999999,10.0,0.0,0.29041522469460884,0.09759887714959141,1.8318669647228627,0.26839478309174497,1.7478218238112924,0.4805508695060763,0.18396788760648888,0.2446606266940269,0.1603128732654689,0.47430943600254566,0.05
1443,0.49895000000000006,False,0.0,0.2439,0.866,28.0,0.0,0.33941239103582793,0.12649702765134313,1.970969498800089,0.36375056506351816,1.993527261013794,0.9224541011571917,0.29023195004875674,0.3051943416791668,0.3671986104691008,0.734402022429701,0.05
1444,0.5871999999999999,False,0.0,0.2144,1.0,10.0,0.0,0.3066325994116807,0.0313488427176748,1.7698845929732614,0.09142317258066389,1.5495999999999999,0.05606103816377289,0.12669706687590096,0.06841020198400014,3.4247020950369613e-196,0.0,0.05
1445,0.5748,False,0.0,0.18960000000000005,1.0,10.0,0.0,0.28163967354720515,0.08601788427928155,1.7823765366771607,0.0898521125594688,1.5419,0.037364287762514645,0.12081654265472815,0.04984966742541846,1.212086276227504e-236,0.0,0.05
1446,0.46845000000000003,False,0.0,0.28650000000000003,0.8842000000000001,58.45,0.0,0.38082080820829034,0.19400693544285028,2.0743419930239777,0.5008709313843135,2.2742136003753273,1.3572447719356175,0.3619677827810716,0.3334346962039751,0.334011018345005,0.6680597798537035,0.05
1447,0.5709,False,0.0,0.18180000000000002,1.0,10.0,0.0,0.2664923217585792,0.07471166550730597,1.7297447396365677,0.05993336336450297,1.5817,0.08761055872439126,0.10012095887510489,0.017336069006196386,1.7642980954765332e-242,0.0,0.05
1448,0.4296500000000001,False,0.0,0.2958,0.8019000000000002,59.6,0.0,0.3815481163940492,0.09668406126525272,2.0733267441030994,0.32514513688418584,2.2926411621859115,1.1743088381052655,0.39086927521503567,0.30344609861689525,0.5136103961519988,0.7874582535270609,0.05
1449,0.51425,False,0.0,0.2947,0.8298,24.0,0.0,0.40829569724986586,0.1525943471557358,2.047566931184117,0.466424717246876,2.209921332346571,0.9650364161959568,0.36372547783043485,0.3602352762445226,0.5346571072872909,0.8361347488388454,0.05
1450,0.5206999999999999,False,0.0,0.2825,0.8596999999999999,25.2,0.0,0.3368290903274085,0.10416969110984255,2.0014059923820176,0.326974431063846,2.000986261612888,0.9312279854229236,0.3187163515768593,0.2863438071334892,0.35601659976606814,0.7135339261667842,0.05
1451,0.5419999999999999,False,0.0,0.164,1.0,20.0,0.0,0.22832503371702345,0.09006819471757148,1.7032026347837579,0.05882389366281226,1.5348000000000002,0.04921950832749143,0.09134333096125333,0.02182141933259813,1.3116456435110212e-242,0.0,0.05
1452,0.49844999999999995,False,0.0,0.3126,0.8683,46.0,0.0,0.4014030121193402,0.11736571880824477,2.054123698018979,0.2787127677122648,1.9532226342285728,0.7776164582224873,0.36363201214894925,0.27860056093881347,0.35312752060056507,0.7081786843486365,0.05
1453,0.4876999999999999,False,0.0,0.20909999999999998,0.8606999999999999,23.6,0.0,0.2832565757881408,0.07783770255566765,1.8750178401173183,0.35170512293352124,2.013681000034441,0.971090357797088,0.20651203632016663,0.22188216020851975,0.23259114664547323,0.5516308791531082,0.05
1454,0.56435,False,0.0,0.231,0.9344999999999999,9.2,0.0,0.3462407062330693,0.07949977746296798,1.842955109323345,0.24435610726499046,1.6996018199622065,0.4436715726589067,0.20173114718581336,0.23805029058210225,0.16226099565923097,0.48678298697769296,0.05
1455,0.5904,False,0.0,0.199,0.9818,0.0,0.0,0.31823233274887824,0.024822787020600656,1.763081520602131,0.09817773344155459,1.6599555555555567,0.33521862849324385,0.12612538105371374,0.06478035283976176,0.07990000000000087,0.2397000000000026,0.05
1456,0.5995,False,0.0,0.199,1.0,0.0,0.0,0.282051571883953,0.009854143676945001,1.7074700297461245,0.054181201517888446,1.5584,0.05068372519852895,0.10154400576952005,0.0013044328278996712,2.0321781393235726e-242,0.0,0.05
1457,0.5469999999999999,False,0.0,0.23700000000000002,0.8649999999999999,2.0,0.0,0.31573746228849336,0.03747385353952795,1.916559366439411,0.327033095111891,2.120784386200499,1.0639832660256374,0.26130522714316706,0.302465162895816,0.3594014054239622,0.7194939026994159,0.05
1458,0.5122,False,0.0,0.2392,0.9356,37.6,0.0,0.3108853058011585,0.11128162866839779,1.8879419852509784,0.3100011644832693,1.8365125778017568,0.879749367159118,0.22033535330818746,0.2256275541205858,0.204965668217047,0.6148970046511409,0.05
1459,0.5632999999999999,False,0.0,0.2551,0.8714999999999999,0.0,0.0,0.35244931691514364,0.11866504625231383,1.9667044802559648,0.3397728795630388,1.9235087459965636,0.7721528089354343,0.28499975610591977,0.3073417309519246,0.3608499448740055,0.72558793651807,0.05
1460,0.5095000000000001,False,0.0,0.2506,0.8596,22.8,0.0,0.32750099913979247,0.059337935099240215,1.9728036824875328,0.34548573912151676,2.265708553500507,1.5400477552599765,0.2904678670209529,0.2698379248544909,0.24999997699489188,0.6020796620731564,0.05
1461,0.6005,False,0.0,0.201,1.0,0.0,0.0,0.2969255226986241,0.026832487137217483,1.717619589292108,0.04625856501728169,1.5624000000000002,0.0651432268159937,0.10681253471930632,0.01072194627774412,4.1822906491286245e-237,0.0,0.05
1462,0.4806,False,0.0,0.2374,0.7926,17.2,0.0,0.30487704826996753,0.10862570907779225,1.9607159504328777,0.37948348218056754,2.203867516622652,1.058798809959517,0.3262278183093653,0.32398351397730796,0.4638382884057267,0.7644880769609945,0.05
1463,0.5045,False,0.0,0.1997,0.9292999999999999,30.0,0.0,0.28097749176715286,0.12355634871383236,1.8351629420655566,0.26871444122740973,1.8064088345885765,0.7806829871988906,0.18621725793221774,0.2085352278511362,0.16983663738578988,0.47491589801358547,0.05
1464,0.4484,False,0.0,0.2811,0.7948999999999999,44.8,0.0,0.3593349577937313,0.12190677888445725,2.0949593278219245,0.3733781584416926,2.3043579298452683,1.1578836236689791,0.3974527136517421,0.30397051241455364,0.5233424210402375,0.8068272094937115,0.05
1465,0.5257000000000001,False,0.0,0.2245,0.9469,30.0,0.0,0.3121767935381977,0.13687984351338892,1.860097888366972,0.30424511025752476,1.8418323894328588,0.7996579662593116,0.20810224974073283,0.25320822160952017,0.1945396011462729,0.5836188034388188,0.05
1466,0.5669,False,0.0,0.2138,1.0,20.0,0.0,0.2984038260814904,0.10057498558974613,1.798656965810445,0.10486567968695212,1.5487,0.048641648820737966,0.14955524431355352,0.0816408054096899,4.635733782251309e-208,0.0,0.05
1467,0.53425,False,0.0,0.2285,1.0,40.0,0.0,0.33033883330634617,0.11323683475239908,1.8433832741300535,0.14092491060346796,1.5850888888888903,0.19551340959978908,0.17313966042916062,0.08537454344293306,0.04600000000000094,0.13800000000000281,0.05
1468,0.5995,False,0.0,0.199,1.0,0.0,0.0,0.2630414137432925,0.00985357411498171,1.7509141952167167,0.06363132661461218,1.5371,0.05942970637652521,0.10204882340895424,0.0009453502655397533,3.0312750450597826e-242,0.0,0.05
1469,0.6005,False,0.0,0.201,1.0,0.0,0.0,0.3391657067729345,0.05964472490015354,1.760076162180405,0.07506455463261898,1.5710000000000004,0.05704559579844843,0.11492683466084663,0.02194579861304005,2.842170943040401e-16,8.526512829121202e-16,0.05
1470,0.49485000000000007,False,0.0,0.20940000000000003,0.8603,20.0,0.0,0.26873145712079183,0.08648883918164442,1.8849400445626134,0.35725268016779865,2.113836665195871,1.127802231367623,0.21680863930609492,0.24171993377359785,0.2550541566736541,0.616781524411137,0.05
1471,0.57175,False,0.0,0.18350000000000002,1.0,10.0,0.0,0.2675709495405035,0.06927291096902118,1.7326521218338935,0.05855342932782986,1.5302,0.05474449744038205,0.09875224604045052,0.017869887088996218,2.0853858777249382e-237,0.0,0.05
1472,0.4920999999999999,False,0.0,0.20270000000000002,0.9414999999999999,40.0,0.0,0.2998136026131125,0.15206720436140347,1.8655920364313492,0.3847810084352135,2.0078769853538256,1.3491545579553392,0.20419875505938392,0.27411799403721304,0.2007998328521335,0.599737574723618,0.05
1473,0.5130999999999999,False,0.0,0.2347,0.8714999999999999,20.0,0.0,0.3522421455915808,0.1446673191878031,1.9174234860036055,0.3530801532202631,2.0653561158977842,0.9815128668740389,0.290349423589099,0.32193934531223123,0.3733219874815089,0.7478024546910694,0.05
1474,0.5315000000000001,False,0.0,0.19970000000000004,0.9289,16.4,0.0,0.274211957423985,0.08601451368042799,1.8193752713225195,0.20930934295386927,1.96674602515073,1.0330179303445035,0.17636156360954997,0.206096148123013,0.18990220598237115,0.5697066179471135,0.05
1475,0.50085,False,0.0,0.26599999999999996,0.8797,36.0,0.0,0.32537819291866443,0.14148225707892478,1.9987291336032051,0.38119753425215663,2.064288548461286,1.089431250918261,0.3032354898552883,0.3139067922132565,0.38272194152941746,0.7675745439985915,0.05
1476,0.5849,False,0.0,0.2098,1.0,10.0,0.0,0.32186169138244114,0.1220945291257029,1.809333278430228,0.16899602995560753,1.5932000000000002,0.06985098424503414,0.150394241264783,0.0923544261366892,3.7667878489709504e-197,0.0,0.05
1477,0.54335,False,0.0,0.16670000000000001,1.0,20.0,0.0,0.24614376312526373,0.111072300772493,1.6922790442274152,0.07324558479508636,1.5658999999999998,0.08396005002380597,0.09587561117592655,0.023166558651391077,4.478797834583943e-237,0.0,0.05
1478,0.49779999999999996,False,0.0,0.3031,0.8045,28.0,0.0,0.3706640721807334,0.07921524434507571,2.109837214039788,0.37527708603174936,2.133952893811533,0.9677823702018568,0.39412968819322497,0.315167132266335,0.48955520051276,0.7519023733906692,0.05
1479,0.5515999999999999,False,0.0,0.24879999999999997,0.9343999999999999,20.0,0.0,0.30690439468091346,0.1157697515948538,1.923631848270201,0.3456767425110178,1.7729419272852152,0.6358895363756724,0.2371584269138161,0.2536535676840339,0.1840419272852149,0.5521257818556446,0.05
1480,0.57125,False,0.0,0.18250000000000002,1.0,10.0,0.0,0.25543181371079027,0.07109329295186888,1.7270161619075612,0.06323639260318144,1.5821,0.08543354142255846,0.09769027708694007,0.013962140879549194,2.420799592563491e-242,0.0,0.05
1481,0.5883,False,0.0,0.20700000000000002,1.0,7.6,0.0,0.3155829256493519,0.056349817803578436,1.8140984839355447,0.1459993296271298,1.5347000000000002,0.04801051968058667,0.1444940910210065,0.08323152739545937,4.557672889695065e-227,0.0,0.05
1482,0.57105,False,0.0,0.1821,1.0,10.0,0.0,0.2537399532079703,0.07394396115975638,1.6923699759078494,0.04597212741265803,1.5237000000000003,0.035886069720714744,0.09722132843488916,0.014802284431012749,1.6434025540388038e-242,0.0,0.05
1483,0.5495,False,0.0,0.23899999999999996,0.8600000000000001,0.0,0.0,0.3211174577543402,0.03830285326779642,1.90433856578568,0.279334875272465,2.0592549089717993,1.049930735538309,0.244368787882217,0.23970922363780028,0.23627435846851882,0.5524122846667697,0.05
1484,0.45785000000000003,False,0.0,0.2098,0.8659000000000001,40.0,0.0,0.30364634049373435,0.15359482320205844,1.8968032944696003,0.37019390615962133,2.2730107782987368,1.5023567545983039,0.28068602419886324,0.3181546717097684,0.3808269062856131,0.7628594566025941,0.05
1485,0.5995,False,0.0,0.199,1.0,0.0,0.0,0.2810643110694884,0.015157859238197803,1.7320118316689601,0.04614722717483588,1.5719999999999998,0.09340770846134708,0.10362939535385114,0.0030918658092944813,1.8874368000120083e-242,0.0,0.05
1486,0.44120000000000004,False,0.0,0.2866,0.7958000000000001,50.0,0.0,0.36644424634451644,0.1212677461492592,2.0880149324113795,0.33376170027955177,2.2720725789045533,1.2124630056102046,0.40656768005759736,0.3016305026879596,0.5356985410920272,0.820961449159098,0.05
1487,0.5414,False,0.0,0.2506,0.9394,26.8,0.0,0.34319624315355335,0.14321300800659376,1.9180452853869023,0.30487997759727087,1.8200208136964537,0.7562077525797041,0.248823573202173,0.243533028889851,0.16722063688967378,0.5016619106690213,0.05
1488,0.54815,False,0.0,0.21470000000000003,1.0,29.6,0.0,0.29452484305378157,0.09929027157373788,1.8020496771770484,0.17241467867726298,1.5613,0.05907799928907548,0.15155116944590957,0.1154875934836897,6.317460169134877e-177,0.0,0.05
1489,0.48890000000000006,False,0.0,0.20049999999999998,0.8653000000000001,22.0,0.0,0.2539735156287944,0.11189795416488885,1.896511768783545,0.3691065876095126,2.0104475999598845,0.9640954961879369,0.22757008020868463,0.26477119827266155,0.24842593402447738,0.5975057056120289,0.05
1490,0.45994999999999997,False,0.0,0.21810000000000002,0.873,42.8,0.0,0.2942838727011573,0.14343720204526192,1.9226049791155124,0.38778524010637433,1.8712733836666824,0.6633387545041954,0.2536617404522744,0.28197294510322457,0.3242789718146765,0.6491242108644715,0.05
1491,0.5474,False,0.0,0.20350000000000001,0.9324999999999999,10.3,0.0,0.2823760293419174,0.08736298968006766,1.8222243183188163,0.20926511619497398,1.8000519664543222,0.7081656829729734,0.170838365441689,0.1930701075437862,0.05,0.15000000000000002,0.05
1492,0.5995,False,0.0,0.199,1.0,0.0,0.0,0.2954124648060577,0.007369839896775632,1.7263895711908581,0.03432696268615821,1.5669,0.061955548581220696,0.10472934651642736,0.002847295683233264,2.3551072756165877e-242,0.0,0.05
1493,0.5587,False,0.0,0.21350000000000002,0.9439,10.0,0.0,0.2882797065161713,0.1079987493950336,1.837537447830412,0.3395925074604221,1.8019660771119486,0.751281063130431,0.19201933289827827,0.2657604832160659,0.16018293740304163,0.48054881220912493,0.05
1494,0.5995,False,0.0,0.199,1.0,0.0,0.0,0.27945842359499046,0.01074580301858543,1.7224678872218053,0.0642129732777854,1.54391875,0.0785672286265877,0.10210315339151972,0.0013940494381208454,2.3003423142975377e-242,0.0,0.05
1495,0.57605,False,0.0,0.24499999999999997,0.9295,5.6,0.0,0.33513594607660546,0.06948974532966154,1.9026822943714978,0.2575303767385626,1.7000859743771888,0.552517910762028,0.21182129048535367,0.19491900702909412,0.16243992129809198,0.487319763894276,0.05
1496,0.5709,False,0.0,0.18180000000000002,1.0,10.0,0.0,0.2512844712292234,0.07697593654766585,1.7113838003848225,0.06284723201457947,1.5494,0.037478527185576524,0.09667372108356184,0.015140165136115196,2.1681412715001867e-242,0.0,0.05
1497,0.43925000000000003,False,0.0,0.3184,0.7920999999999999,58.0,0.0,0.3798413564618616,0.10043715126788451,2.096652342565459,0.35712778600901357,2.15814683846845,0.9434434890726816,0.3969610952294298,0.2650463814054023,0.5026852679594949,0.7693792753547907,0.05
1498,0.5258499999999999,False,0.0,0.1995,0.9321999999999999,20.0,0.0,0.27392956683787517,0.0826577907342891,1.7855468749930083,0.27454529627911173,1.8579403697891788,0.6700622558547107,0.1660000749968897,0.20070848362768642,0.16018842019620189,0.4805652605886057,0.05
1499,0.55575,False,0.0,0.20950000000000002,0.942,10.0,0.0,0.28179438104341553,0.09621107485669818,1.8638061568559259,0.32446288063228895,1.7837636633526333,0.7145886458074187,0.18888353685387949,0.27187931822229583,0.17669592043512025,0.5247761096237177,0.05
1500,0.40135,False,0.0,0.34640000000000004,0.7363000000000001,70.0,0.0,0.39392629496504755,0.15622974408130155,2.2585166952989977,0.36350523250862576,2.3712227727001145,1.0149218844804577,0.5072446482749553,0.2666064806527751,0.7632293683171237,0.9364830152029551,0.05
1501,0.5211,False,0.0,0.19250000000000003,0.9297000000000001,20.0,0.0,0.28020461857162293,0.10093334253038093,1.7589143736483717,0.19714962014301984,1.984946371979317,1.2146012571593645,0.16762723742855995,0.21054001545374318,0.19999730989344547,0.5999919296803364,0.05
1502,0.59385,False,0.0,0.2133,1.0,6.4,0.0,0.32171486319196746,0.0408412037253905,1.7708286551408818,0.0753534233011994,1.5379,0.055981157544302364,0.12437983593239595,0.05320900020332754,7.973712249674519e-206,0.0,0.05
1503,0.54055,False,0.0,0.1681,0.993,20.0,0.0,0.2602910845878764,0.11643794176905736,1.7147942120116384,0.14511300398625915,1.6677555555555572,0.3311670005031073,0.11642920532090817,0.07669984862946719,0.07990000000000101,0.23970000000000308,0.05
1504,0.44215000000000004,False,0.0,0.24890000000000004,0.8754,60.0,0.0,0.3379320791532248,0.1768560488923684,1.9804509838743738,0.42410732288584135,1.928041421307599,0.7675470318415422,0.3013089252502538,0.2919566674570223,0.35068305713462156,0.70708786692922,0.05
1505,0.5995,False,0.0,0.199,1.0,0.0,0.0,0.2790400300672674,0.015365384602514196,1.7302599288530947,0.038431844188255265,1.5412,0.06637740579444187,0.10222135908400302,0.0010748571755474052,2.322127418028037e-242,0.0,0.05
1506,0.50825,False,0.0,0.3139,0.869,41.6,0.0,0.37599786323045237,0.07976444848733025,2.1036307592010055,0.3306099533332745,2.0128816927674564,0.8604428146214153,0.359246572868546,0.2480560486208921,0.21793427910340085,0.5094348544921817,0.05
1507,0.5162,False,0.0,0.2225,0.9299,30.0,0.0,0.29557946821534264,0.12040500246869723,1.8491294628225199,0.33677175826258504,1.9201295349825684,1.163888412318891,0.21500203144233931,0.24517205589972432,0.2039915802778815,0.5987601832087486,0.05
1508,0.5995,False,0.0,0.199,1.0,0.0,0.0,0.28833465214582354,0.02014151092070935,1.714384580905805,0.03205541846232771,1.5801,0.08662384198360175,0.1022033346788888,0.0016470959846630058,1.8224861639853396e-242,0.0,0.05
1509,0.58875,False,0.0,0.21750000000000003,1.0,10.0,0.0,0.3203192636758925,0.03603717652214332,1.7840130442386084,0.08275980989145294,1.5382000000000002,0.05324997652581642,0.13289539465745082,0.053049743435076034,6.379004689163708e-205,0.0,0.05
1510,0.56175,False,0.0,0.20350000000000001,1.0,20.0,0.0,0.2736806352844563,0.08732977649638972,1.7856240813780242,0.11596703279259984,1.6703,0.23908452480242212,0.1449117277263641,0.08095214634883278,2.140438793134686e-197,0.0,0.05
1511,0.5708,False,0.0,0.18160000000000004,1.0,10.0,0.0,0.2576562238002456,0.06932541129782831,1.7168802905903238,0.03709742377297039,1.5656,0.07936397167480982,0.09859206540673617,0.01679379780923559,2.26529727121875e-242,0.0,0.05
1512,0.5686,False,0.0,0.18180000000000002,1.0,11.15,0.0,0.2787303219588433,0.08610354951660464,1.7424440500577905,0.09098077849304016,1.5285,0.04226641692881001,0.10199281634842476,0.02126920958659984,1.2715849143688263e-242,0.0,0.05
1513,0.5708,False,0.0,0.18160000000000004,1.0,10.0,0.0,0.24769047158613855,0.07299316209867107,1.713164947629173,0.06005068401910917,1.5222000000000002,0.03819109843929606,0.09787784293693176,0.01654521115124532,2.034938616273872e-242,0.0,0.05
1514,0.5481499999999999,False,0.0,0.2299,0.9464,20.0,0.0,0.32321913682034015,0.13198588183427498,1.9311563635995035,0.4003941695584284,1.816860237953236,0.6392590063270844,0.2115676398085808,0.2789538801017515,0.1755269045052146,0.5265807135156438,0.05
1515,0.5709,False,0.0,0.18180000000000002,1.0,10.0,0.0,0.2676097232375078,0.06933906739741318,1.7125380461533595,0.05963270069416645,1.5683,0.06569178030773715,0.09745380476346999,0.015475929017400102,3.0238584749769554e-242,0.0,0.05
1516,0.5317,False,0.0,0.19880000000000003,0.9366,18.0,0.0,0.27816570205132296,0.09879272316441239,1.8666085751066597,0.3817604016005813,2.068033242134924,1.5127243579517635,0.18770367154715153,0.268842370596875,0.19999990880159024,0.5999997264047707,0.05
1517,0.49955,False,0.0,0.29969999999999997,0.8593999999999999,40.0,0.0,0.3852134333093495,0.08601402821009851,2.0783485845254006,0.42042028809760945,1.9965690103789124,1.0235628855649186,0.3542355443146759,0.2904349509474727,0.3655067594235195,0.7347855372106011,0.05
1518,0.58905,False,0.0,0.21810000000000002,1.0,10.0,0.0,0.30971315826653667,0.11760186879949829,1.8313376734120148,0.1466436531321937,1.5577,0.05991168500384547,0.14376008190589668,0.08972770228497677,1.937283425086509e-180,0.0,0.05
1519,0.3974,False,0.0,0.3175,0.6213,36.0,0.0,0.4022377100606215,0.15584674772318627,2.3239982530581633,0.4783998087301856,3.1350424866848043,1.4025025855612552,0.5743460114086661,0.37138358691474227,0.8517724680089354,0.8655912456220998,0.05
1520,0.49254999999999993,False,0.0,0.30789999999999995,0.8772,50.0,0.0,0.4027233711782968,0.09494667269891122,2.082288155853553,0.4061681401898606,1.9525287784984102,0.823333944856966,0.359499889882518,0.29441857371695784,0.3584962475159298,0.7240479762834009,0.05
1521,0.5176000000000001,False,0.0,0.2164,0.8588000000000001,10.0,0.0,0.308545554446808,0.11573301077388161,1.8562310998373561,0.25201456049095017,2.0364901578358707,0.9146786113902005,0.24577764081357642,0.2779870516173468,0.24274414918477966,0.5470421407266258,0.05
1522,0.5198499999999999,False,0.0,0.22949999999999998,0.9301999999999999,30.0,0.0,0.3115284532067322,0.12558920675683113,1.8125703697108804,0.21994610983512236,1.733402810163264,0.5692689982583283,0.22076200817863575,0.22693029209412954,0.17719077711751044,0.5315723313525312,0.05
1523,0.4624,False,0.0,0.1866,0.8582000000000001,30.0,0.0,0.2579411837111094,0.12232069367602515,1.8923968520180268,0.33517605318685956,2.316701683710725,1.5760090348057263,0.23195912410419975,0.28371612127041884,0.37696925611198157,0.7556948705033985,0.05
1524,0.5423,False,0.0,0.16460000000000002,1.0,20.0,0.0,0.2459620937043204,0.09513011614557357,1.7158221393091142,0.05375123061206094,1.5466000000000002,0.06373413528086815,0.09321259307416466,0.02116110242908146,1.8349559331481946e-242,0.0,0.05
1525,0.51645,False,0.0,0.18080000000000002,0.9320999999999999,20.0,0.0,0.278808682165807,0.15814975280588095,1.7878141386854884,0.23502290455523156,1.7670337526668565,0.6624552349549873,0.17400809283068058,0.23985533849740318,0.17000001687252295,0.5100000506175688,0.05
1526,0.45895,False,0.0,0.17700000000000002,0.8609,30.0,0.0,0.23042906929218382,0.12240631601627285,1.8566247984297655,0.3415932508715688,2.217705263423864,1.273325132570399,0.21837670636260142,0.27069129903451955,0.22956382267573897,0.5428923608393694,0.05
1527,0.43384999999999996,False,0.0,0.21319999999999997,0.9344999999999999,70.0,0.0,0.2765579346695889,0.16497875589718763,1.8480565692694242,0.22756299244594308,1.7281804417822593,0.5129315587764494,0.2413508049363946,0.24051844820234067,0.1527171404011174,0.4581514212033522,0.05
1528,0.30510000000000004,False,0.0,0.30860000000000004,0.5816,70.0,0.0,0.342365743065776,0.035352043413584555,2.311299519148874,0.3811594613870177,2.9520005223976433,1.1507443803590915,0.5056857833280913,0.2631140254316137,0.841266494542025,0.8235919173873617,0.05
1529,0.5409,False,0.0,0.1918,0.93,10.0,0.0,0.2797300750231991,0.08360297665879773,1.828150688953619,0.31657980103652833,1.9874066091085543,1.1669774887282673,0.17526699574849275,0.23465347584489035,0.15980000001519953,0.47940000004559863,0.05
1530,0.4695500000000001,False,0.0,0.2294,0.7897000000000001,20.0,0.0,0.30845754997736197,0.1269941110154093,1.9387570166493187,0.27466206783879965,2.150016604006603,0.9821518995373383,0.3295680077777941,0.32063332834716035,0.443372879858072,0.7245124636662527,0.05
1531,0.4206000000000001,False,0.0,0.2939,0.7473000000000001,50.0,0.0,0.40975452129525014,0.1726405587968863,2.182109124693589,0.43557923612639743,2.543742275192559,1.0646786886332442,0.48389589866255517,0.36580845507307636,0.7729111246623184,0.8538707887812683,0.05
1532,0.5995,False,0.0,0.199,1.0,0.0,0.0,0.2742496129205346,0.015725757212946875,1.7346544007677742,0.047583288230607416,1.5557,0.05814473320946616,0.10286361631613798,0.0010460320295393544,2.543114967490754e-242,0.0,0.05
1533,0.54105,False,0.0,0.22300000000000003,0.8591,0.0,0.0,0.3014754032411966,0.02540661359826028,1.8541002712576191,0.26576922236225586,2.188363117425453,1.2331201231105844,0.24465422708070297,0.28331806572670604,0.36279693103588806,0.7272355892599357,0.05
1534,0.5281,False,0.0,0.20220000000000002,0.9292,18.8,0.0,0.2846240542823698,0.08270049265661501,1.8304468764228496,0.2467773053964076,1.8677123380562601,0.9204204764161867,0.18510401454823786,0.2160980275881831,0.18651233805625997,0.55953701416878,0.05
1535,0.5762499999999999,False,0.0,0.2578,0.9347,10.0,0.0,0.331451941372091,0.04875146838323927,1.9273705566829336,0.2961340895361292,1.7974908911495469,0.8303907117831554,0.22044314431480375,0.200182214980846,0.05,0.15000000000000002,0.05
1536,0.54055,False,0.0,0.22210000000000002,0.859,0.0,0.0,0.28492273999112183,0.023340285828184263,1.8759708274701474,0.2635775622627973,1.9145103302254352,0.7695658207809736,0.24055566440211487,0.27647805295429134,0.2322102408122581,0.49138095399133574,0.05
1537,0.42385,False,0.0,0.2839,0.7318,42.0,0.0,0.3854819566292019,0.15749545515233268,2.1375314457850374,0.39449126603312357,2.496773909886744,1.2015135523974798,0.4518286275704183,0.33448387208902663,0.6880960040181374,0.8484197708002792,0.05
1538,0.49545,False,0.0,0.246,0.8649000000000001,30.0,0.0,0.3033290296478968,0.15959520377881664,1.9787531576964994,0.3403005903098494,2.073477841568177,1.1794778514159718,0.3209947303888512,0.3079431177026855,0.30623491839807376,0.6717525950867657,0.05
1539,0.5214500000000001,False,0.0,0.26280000000000003,0.9400999999999999,40.0,0.0,0.372877501948237,0.17319967049242616,1.9319368068309744,0.3067031903654367,1.7834413623531034,0.6840154827987289,0.2639764430385793,0.2553467426962011,0.17429463210112586,0.5228838963033776,0.05
1540,0.4064,False,0.0,0.2872,0.6472,30.4,0.0,0.3967626678186203,0.09750204273774306,2.1386827574352134,0.3155518335191638,2.71259459000882,1.2316199108554453,0.4838202499589877,0.3190040185536624,0.7446252069133301,0.8265282811329939,0.05
1541,0.56705,False,0.0,0.2493,1.0,28.8,0.0,0.3236762194363104,0.13690211565990715,1.8644625402145458,0.2965856976485432,1.5627,0.08434577642063651,0.19465912614300857,0.16993305291259378,5.635362278165395e-133,1.6906086834496185e-132,0.05
1542,0.6081,False,0.0,0.21620000000000003,1.0,0.0,0.0,0.30241787133357,0.04390348727476561,1.7716306799495034,0.11799067996308406,1.6036000000000001,0.10251458432827988,0.12794666231748728,0.06638260903418561,1.520882837363501e-197,0.0,0.05
1543,0.5063,False,0.0,0.2237,0.9297000000000001,35.2,0.0,0.3071524589804374,0.09952760706479634,1.841050974231581,0.2804706843122334,1.821238273448919,0.6643854249485327,0.20190343062522595,0.19940908751442543,0.18436049567114018,0.5237692641384848,0.05
1544,0.5710999999999999,False,0.0,0.1822,1.0,10.0,0.0,0.26160205118774366,0.07767021155844019,1.7165906842607026,0.06831260514405972,1.5653000000000001,0.06811761886619351,0.09796969507122369,0.014182940778925162,1.75659090224179e-242,0.0,0.05
1545,0.5402,False,0.0,0.2733,0.8070999999999999,0.0,0.0,0.35515256243456733,0.09455602241829082,2.011200375611355,0.3976451130632057,2.3831215942137405,1.3214492443842747,0.35979155836398713,0.3459553040142248,0.5220019433113147,0.7982749502215991,0.05
1546,0.6005,False,0.0,0.201,1.0,0.0,0.0,0.2905010905740579,0.017379187157664837,1.7576743310537757,0.06249477346265971,1.574800000000012,0.0912083329526322,0.10550490331451627,0.00614099965520015,3.522065283523815e-237,0.0,0.05
1547,0.57115,False,0.0,0.18230000000000002,1.0,10.0,0.0,0.24900216597678212,0.06860177275618974,1.7241523977257753,0.04890018753960124,1.5832000000000002,0.10917856932566947,0.09816040773194305,0.014108542983682948,1.8788612467596554e-242,0.0,0.05
1548,0.5554,False,0.0,0.2231,0.9305,10.7,0.0,0.316087952625889,0.0436113267755217,1.9018734632132304,0.2745325302287282,2.0012102764534654,1.3244805670274253,0.2004462550340067,0.21018799890572004,0.19999979061844003,0.59999937185532,0.05
1549,0.52085,False,0.0,0.20170000000000005,1.0,40.0,0.0,0.3040587609830466,0.14328739280057876,1.7806769114819876,0.16820008125225624,1.5979,0.12955342527312821,0.14248501383169782,0.10442851787452789,4.445517435480082e-163,0.0,0.05
1550,0.49659999999999993,False,0.0,0.23959999999999998,0.8623999999999998,27.2,0.0,0.34724464703824276,0.15042143077025244,1.9117979397912113,0.2898569014463024,2.0549507090531614,1.025443146155395,0.28523525293987084,0.2838156995774757,0.3352589853265451,0.6715768577484611,0.05
1551,0.4926999999999999,False,0.0,0.2834,0.742,10.0,0.0,0.37118483586445333,0.1357112982495249,2.111623138762808,0.4185289630178602,2.3477415365477374,0.9864859989944325,0.4089883991370188,0.35801824644327007,0.5525738114658334,0.7267648072842181,0.05
1552,0.6015,False,0.0,0.203,1.0,0.0,0.0,0.30417847993721603,0.015335734829160083,1.7370250258221898,0.03445719674272421,1.5567,0.06704036097754845,0.10799060109605922,0.009821278650286628,3.156826310123361e-231,0.0,0.05
1553,0.576,False,0.0,0.19200000000000003,1.0,10.0,0.0,0.2868861219579283,0.08937754664512097,1.7397173276052578,0.04623691481386136,1.5428000000000002,0.042857438094221156,0.11514781545935526,0.04162937354490203,7.417122920268968e-227,0.0,0.05
1554,0.5612,False,0.0,0.21300000000000002,0.9334,6.0,0.0,0.2897514626227408,0.03999000980022734,1.827448040423215,0.27311691335144084,2.018756390410988,1.3861420746831192,0.18281692821353152,0.24048679175117574,0.19997923790929625,0.5999377137278887,0.05
1555,0.5787,False,0.0,0.22719999999999999,0.9301999999999999,0.0,0.0,0.33724684410665684,0.04248651737902203,1.869415621440594,0.2616384617983835,1.8076553499235484,0.7104748455984619,0.18474500847682096,0.16903200119646683,0.2212553499235484,0.6637660497706451,0.05
1556,0.571,False,0.0,0.182,1.0,10.0,0.0,0.24910616945236957,0.0777713101526645,1.697947640460702,0.04517023387338793,1.5886,0.07797461125263797,0.09872224881435619,0.015627076542771758,2.2523316394579113e-242,0.0,0.05
1557,0.5979,False,0.0,0.199,1.0,0.8,0.0,0.31278020558120123,0.040219709894431376,1.7489257482292377,0.09702877165741515,1.5165,0.025977875201794298,0.10684394119202041,0.01402162569860791,1.2984692511180698e-242,0.0,0.05
1558,0.5431,False,0.0,0.19590000000000002,0.9303000000000001,10.0,0.0,0.2984413233622146,0.0880026952745004,1.7745070768283753,0.1878141532505112,1.7861333375779076,0.6450097490033408,0.16569171981840475,0.20170314965596023,0.1955000042445743,0.5865000127337229,0.05
1559,0.44549999999999995,False,0.0,0.3153,0.7436999999999999,42.0,0.0,0.38408385651698035,0.16506297795915936,2.1772897313246586,0.4672151880911863,2.2637356851145634,0.9304528828412921,0.4842074803491088,0.3470684126910113,0.48869432486924724,0.6449298132859893,0.05
1560,0.57175,False,0.0,0.18350000000000002,1.0,10.0,0.0,0.26224826623253594,0.07419675074737175,1.731462045701099,0.07167946478253182,1.5525000000093572,0.05357844717788195,0.0994535714071638,0.017929917896164597,3.151309808094224e-237,0.0,0.05
1561,0.54315,False,0.0,0.16630000000000003,1.0,20.0,0.0,0.2375684168335365,0.10640349707333643,1.719223549531683,0.07814163969324142,1.5681,0.06112847127157694,0.09494043819433894,0.023026638894236263,5.111168975248645e-237,0.0,0.05
1562,0.5906,False,0.0,0.2524,0.9288000000000001,0.0,0.0,0.29860212568658834,0.031536217343015475,1.902433684963008,0.232959823610262,1.837904176112956,0.8853548484570449,0.23029779271850956,0.21185637072508534,0.18310417611295599,0.549312528338868,0.05
1563,0.43065,False,0.0,0.3247,0.6838,36.8,0.0,0.40074330152792825,0.09724956417333225,2.2914099025261274,0.4861600845213393,2.603751240327356,1.2254179447719213,0.5143610730134351,0.36734261479376934,0.8636610274734622,0.8714296342197981,0.05
1564,0.48229999999999995,False,0.0,0.2976,0.8141999999999999,36.8,0.0,0.3997727155433272,0.07457852631489202,2.0821672857309648,0.42857387671110175,2.156528076147023,0.9160333700663973,0.38610541030085305,0.34094446210005674,0.5278825399525757,0.815356352695098,0.05
1565,0.5995,False,0.0,0.199,1.0,0.0,0.0,0.28220201404316614,0.011764002342387132,1.7320961700357533,0.04132252335544663,1.590900013345459,0.054842416967011025,0.10210048540429698,0.0014075199165921868,2.7097036474304017e-242,0.0,0.05
1566,0.4694499999999999,False,0.0,0.2551,0.8646,45.2,0.0,0.29366180040554973,0.14504849674090756,2.0066541651892242,0.4091908724009528,2.044810805764159,0.9769506008300003,0.31978359373828746,0.3051856071214477,0.22775617543255394,0.5283930445812287,0.05
1567,0.56435,False,0.0,0.20870000000000002,1.0,20.0,0.0,0.2786204937125421,0.09991447151460736,1.7624786086591289,0.10162517079475193,1.5407,0.06809265746025779,0.1363007240785796,0.074553158493543,5.97481957824692e-208,0.0,0.05
1568,0.53395,False,0.0,0.2,0.9303000000000001,15.6,0.0,0.28333140360463493,0.10155385512572764,1.8093409543649173,0.2141069965277334,1.7928330047984538,0.7854351058862235,0.16465492950712185,0.1954497629061223,0.15696695010674783,0.47090085032024354,0.05
1569,0.3821,False,0.0,0.2907,0.5839,27.6,0.0,0.34254169825810793,0.0641121258251372,2.1635976795746172,0.3641232274244333,2.883556878166842,1.1506418028563499,0.49589734262094665,0.3236197254541714,0.8023429273406905,0.7381302481323678,0.05
1570,0.57095,False,0.0,0.1819,1.0,10.0,0.0,0.2489639954182168,0.07649471767128985,1.734427750053713,0.06503684284066959,1.5167,0.03911022884105896,0.09919992811387893,0.01622089074646947,2.9488884655271145e-242,0.0,0.05
1571,0.5740999999999999,False,0.0,0.1882,1.0,10.0,0.0,0.2706654969082623,0.07313295735550122,1.7180601883854276,0.0562836342446408,1.5455,0.03791635531007693,0.10235272887040889,0.017843146525177475,6.364515808750986e-237,0.0,0.05
1572,0.49380000000000007,False,0.0,0.273,0.8106,24.0,0.0,0.37539485118007565,0.07648880536135381,2.080649004044995,0.42550696774636926,2.4618516895740745,1.4739585869454552,0.34730021601832634,0.32350202865147026,0.42742123271386145,0.7463872292778891,0.05
1573,0.5319,False,0.0,0.18380000000000002,1.0,30.0,0.0,0.2496793514293028,0.10510950440653531,1.73015513475533,0.08981448200835314,1.5462,0.043180551177584556,0.1190934461894158,0.05869028684033865,1.9467177386717863e-209,0.0,0.05
1574,0.58185,False,0.0,0.20370000000000005,1.0,10.0,0.0,0.2793853510354634,0.08679833631319578,1.7781452581553345,0.1318252854064503,1.5557888888888898,0.08259042855494354,0.12655233732229113,0.06558268356613592,0.019000000000000555,0.057000000000001674,0.05
1575,0.54245,False,0.0,0.16490000000000002,1.0,20.0,0.0,0.22571814879895663,0.10140562291821793,1.7265921525185746,0.08048666627517505,1.5747,0.07037478241529423,0.09261018978741051,0.020087183115391972,2.2954671276817403e-242,0.0,0.05
1576,0.5708,False,0.0,0.1816,1.0,10.0,0.0,0.26443837028729367,0.0797531981383254,1.7310434898408733,0.06507961498646798,1.5239,0.03732947896770068,0.10086583748946991,0.02006680390978727,2.1330300709783296e-242,0.0,0.05
1577,0.52295,False,0.0,0.2363,0.8608,12.8,0.0,0.33903263307681925,0.04235002430347574,1.9171898828650409,0.33643522644104695,2.0662427450411123,0.9570977758261701,0.24293517519933377,0.2515414923758358,0.2022223304703429,0.4645670113098499,0.05
1578,0.5995,False,0.0,0.199,1.0,0.0,0.0,0.27574450471856,0.016565773042129073,1.7201254414740486,0.03693629785980448,1.5860999999999998,0.101119187101163,0.10300565799937078,0.001703934257215839,2.243337323403334e-242,0.0,0.05
1579,0.48745,False,0.0,0.2666,0.7883,20.0,0.0,0.3522891343337114,0.11769042127800895,1.9956128343543535,0.2966544688807676,2.1507218814335616,0.9258541424902147,0.3525903918133904,0.274344244259565,0.5291410657022553,0.815589101477304,0.05
1580,0.54715,False,0.0,0.2488,0.8663000000000001,5.2,0.0,0.3208270867534635,0.06755415443241995,1.9616818710522144,0.3705546483220999,2.0056002853702486,0.9467649564031289,0.2847413061412225,0.3095077581708052,0.42017979420195034,0.8194959690367033,0.05
1581,0.48794999999999994,False,0.0,0.20729999999999998,0.9286,40.0,0.0,0.2750067168871578,0.09839003382074477,1.8487253087041058,0.22021946417366117,1.8642746992531976,0.6192177586850636,0.20503221126481405,0.20654669939130482,0.19810000851484708,0.4636495580336713,0.05
1582,0.51735,False,0.0,0.2156,0.8591000000000001,10.0,0.0,0.32145166740678877,0.13632894232879664,1.8956862331011337,0.30224017802654185,1.9402970765479732,0.7985887137044408,0.25499270983870853,0.2853160384474725,0.13113392303625288,0.26779211106523954,0.05
1583,0.5539,False,0.0,0.21919999999999998,0.9286,10.0,0.0,0.29208946515989376,0.08956632350690473,1.8533895101455493,0.23296945521504703,1.8275520544204404,0.6548263361101337,0.2012804361437038,0.20359247788996587,0.15304164438640408,0.4591249331592123,0.05
1584,0.54245,False,0.0,0.1649,1.0,20.0,0.0,0.24625535696688078,0.10813108621221652,1.7203682525178075,0.09028436988646403,1.5219335069444446,0.036153134953112225,0.0937145689674308,0.021263017845974206,1.9106802620049535e-242,0.0,0.05
1585,0.5134000000000001,False,0.0,0.1468,1.0,30.0,0.0,0.2002173398595506,0.11313666866514865,1.6607690916190367,0.05002027134230813,1.5378,0.047052736371012475,0.08666300268053938,0.02470387398130285,1.2981137727984178e-242,0.0,0.05
1586,0.5434,False,0.0,0.2647,0.9292999999999999,26.8,0.0,0.3491064147840991,0.11829834684480946,1.9760554315293142,0.30799585028588106,1.781097961467535,0.621347499599433,0.26298749413843936,0.20163325850662878,0.17031795318656626,0.5109538595596987,0.05
1587,0.5364500000000001,False,0.0,0.19290000000000002,1.0,30.0,0.0,0.2631781761605743,0.12333806050384326,1.764642628828272,0.18300973337363902,1.5483,0.060975486877924985,0.1357170211730187,0.09376153495487097,8.724709531462864e-192,0.0,0.05
1588,0.5042500000000001,False,0.0,0.23969999999999997,0.9288000000000001,40.0,0.0,0.2935542728461727,0.08764438922489665,1.8701547386547195,0.22242814195601343,1.7488443878012376,0.6322504103409433,0.22691702290246402,0.19406202250237084,0.1595565464334552,0.47866963930036566,0.05
1589,0.5237999999999998,False,0.0,0.25529999999999997,0.8722999999999999,20.0,0.0,0.3665463747411505,0.1784056644217504,2.0191505918891774,0.35707751435369267,1.9421000000042443,0.8024475621613002,0.3197410404447209,0.31693107025766465,0.2592000000042441,0.5643923812499918,0.05
1590,0.5054500000000001,False,0.0,0.3171,0.8874000000000001,48.4,0.0,0.4136976075045486,0.11023381412823802,2.0613208665184146,0.3330717285502083,1.9533338571673986,0.8645430805717894,0.37578462248896044,0.30750523663855345,0.37700894980927596,0.7546248429251826,0.05
1591,0.5168,False,0.0,0.253,0.8614,20.2,0.0,0.3225409101676799,0.04334434703705633,1.9668795290149539,0.29624806659739256,1.9473458769445866,0.7224229146605347,0.2730469813878364,0.2720316146945198,0.30673670183001356,0.6135639822104569,0.05
1592,0.54225,False,0.0,0.1645,1.0,20.0,0.0,0.23529031949566392,0.10571772618115251,1.6875947086874874,0.06386746143773059,1.528478323533809,0.04022493735868227,0.09311643692670497,0.021493342302251153,0.008400000000000404,0.025200000000001208,0.05
1593,0.54245,False,0.0,0.16490000000000002,1.0,20.0,0.0,0.24430919912142496,0.10213822483321984,1.7127631150979874,0.07522572442714716,1.6146999999999998,0.10475404526795142,0.0936533138748343,0.020337643466393707,1.5527456331698326e-242,0.0,0.05
1594,0.47570000000000007,False,0.0,0.205,0.9288000000000001,45.6,0.0,0.2697954123238603,0.12224766846272483,1.8406369442697437,0.23683150871388445,1.8297196604477548,0.7683899973896532,0.20620603036798438,0.22475232510014018,0.05557190958417937,0.1667157287525381,0.05
1595,0.4860999999999999,False,0.0,0.23399999999999999,0.8661999999999999,32.0,0.0,0.2941690404902645,0.09594739615658048,1.9471467471741168,0.3447514542910223,2.066436349386196,1.1104142148692424,0.26374058330402733,0.28363384112766327,0.35900325396203747,0.7197251243589123,0.05
1596,0.5420499999999999,False,0.0,0.1641,1.0,20.0,0.0,0.24380201760411543,0.11062112548363423,1.7083617741235912,0.06799388890321105,1.5617000000013657,0.07356092713034985,0.09324702156475627,0.022310855603470684,1.9649549270330608e-242,0.0,0.05
1597,0.5995,False,0.0,0.199,1.0,0.0,0.0,0.2921657433960513,0.021309332918619705,1.718118413856438,0.0483028335973956,1.6041,0.15739215355283773,0.1048054158247281,0.004663983720152919,2.251462133249105e-242,0.0,0.05
1598,0.5343500000000001,False,0.0,0.1887,1.0,30.0,0.0,0.2703652484846685,0.13094936685549635,1.7550655250226161,0.16010711739072425,1.5359,0.06355698230721785,0.12629287078603793,0.09829054404345522,2.5269840994506597e-176,0.0,0.05
1599,0.5718,False,0.0,0.18360000000000004,1.0,10.0,0.0,0.26558051974104524,0.07676948891237592,1.7132942317214184,0.051715554637475444,1.5621444444444452,0.1264364091373853,0.10145984756864035,0.01955773382861183,0.029700000000000698,0.08910000000000211,0.05
1600,0.42564999999999986,False,0.0,0.24029999999999996,0.7998,47.2,0.0,0.3253093290271375,0.11176224087898372,2.0088287631022026,0.4270421158442907,2.6072302836379597,1.6790352887308353,0.32822859797292214,0.3186018113429308,0.6143777031783223,0.9444126511798601,0.05
1601,0.5406,False,0.0,0.2711,0.9301,30.0,0.0,0.316882522239022,0.1067979958772656,1.973671883256251,0.2949012039602219,1.680045515865403,0.45850992361451587,0.2610616335284593,0.2061876959670569,0.1646338297601803,0.4939014892805408,0.05
1602,0.5521,False,0.0,0.23770000000000002,0.9400999999999999,18.4,0.0,0.3241448184128914,0.054114764601159056,1.8722058472299046,0.28060536956964216,1.7064976822002422,0.44296427837601793,0.19711255830092364,0.2194026213511263,0.15031492187524273,0.45094476562572827,0.05
1603,0.5413,False,0.0,0.21900000000000003,0.9324,17.2,0.0,0.3027749565921586,0.108331085367424,1.8518982745813388,0.26036744132443695,1.7630436038561172,0.5518259863308893,0.19826168398695285,0.20621298032969668,0.19546352789218763,0.5006325949401238,0.05
1604,0.5687,False,0.0,0.2447,0.9295,9.2,0.0,0.292114426895555,0.03323837791594745,1.8749420752345707,0.17487282590734493,1.7869605743542596,0.687556057560417,0.2132427673812285,0.20177194877752108,0.1574000000482942,0.4722000001448825,0.05
1605,0.5995,False,0.0,0.199,1.0,0.0,0.0,0.28927620314550684,0.02413117104242933,1.7394262960877043,0.033346756345129194,1.5642,0.047482207193853154,0.10323094081525486,0.002130356427646149,1.9230688174549657e-242,0.0,0.05
1606,0.48310000000000003,False,0.0,0.2233,0.8629,30.0,0.0,0.31426205971885396,0.10043674427407555,1.9221225175867098,0.33661575623200946,2.125167458634851,1.2678000475672107,0.2439988471337901,0.25571789145274276,0.3571859291988874,0.7207553055646582,0.05
1607,0.5421,False,0.0,0.1642,1.0,20.0,0.0,0.22969199027509743,0.10473118869347257,1.669594051685544,0.05163884462122117,1.5447,0.06762403418903665,0.09419086031501173,0.02255840641685566,2.625672470863696e-242,0.0,0.05
1608,0.5652,False,0.0,0.18160000000000004,1.0,12.8,0.0,0.27306970939522074,0.07741783740464059,1.7285524482267924,0.09761647171260264,1.5127000000000823,0.02549921567417145,0.10148315159877838,0.021682842444593523,1.78911169271553e-242,0.0,0.05
1609,0.53625,False,0.0,0.24539999999999998,0.8671,10.0,0.0,0.3349730411876618,0.08341667138431988,1.9394551878001796,0.3066669487933244,2.0159316710208626,0.864709144288262,0.2588939355887909,0.2680236393116979,0.38060002517360064,0.7687593711621973,0.05
1610,0.47304999999999997,False,0.0,0.24969999999999998,0.8131999999999999,29.2,0.0,0.3315368787822976,0.1750061482680872,2.137429329423881,0.6053374860974622,2.164562792971792,0.9098263436999485,0.3849457747098284,0.4017202796766458,0.5277846372548114,0.8110242979112553,0.05
1611,0.5995,False,0.0,0.199,1.0,0.0,0.0,0.27245854845651385,0.00986704043473086,1.7141351630200314,0.034133461626730276,1.5310000000000001,0.043097563736248456,0.10202604373294236,0.0009479502968822654,2.052965879410732e-242,0.0,0.05
1612,0.54825,False,0.0,0.24100000000000002,0.8699,3.6,0.0,0.3105529272898512,0.042191325611390634,1.9199655348882723,0.33946766005320067,1.9831375641641085,0.9064992197910097,0.24928999592146206,0.2845288536678207,0.3537497500742569,0.709820405497976,0.05
1613,0.5709,False,0.0,0.18180000000000002,1.0,10.0,0.0,0.26168458487439417,0.07873847401994696,1.7001026644644934,0.05098445989062709,1.5497,0.06028440926143346,0.0978205268518502,0.015872500044991727,3.0493676121236525e-242,0.0,0.05
1614,0.4625,False,0.0,0.31919999999999993,0.8698,66.0,0.0,0.36986116111233464,0.13567873535839914,2.123660797276779,0.40326613317166377,2.06933787551142,0.9639313641912999,0.3790220081870753,0.26588286424811286,0.101,0.2020123758585102,0.05
1615,0.47000000000000003,False,0.0,0.2549,0.8051,30.0,0.0,0.34044086545335217,0.0740354125886227,2.0542269401259925,0.4526804643061914,2.54276343473006,1.6691282042809108,0.3415292126406252,0.3478371174460568,0.5854566669511448,0.9003539961018245,0.05
1616,0.57085,False,0.0,0.18170000000000003,1.0,10.0,0.0,0.25726110557804366,0.07676284331588172,1.7072854894975376,0.054212494068383014,1.5889000000000002,0.10380698435076516,0.09659910269127749,0.01591854333939185,2.1966698526851243e-242,0.0,0.05
1617,0.48474999999999996,False,0.0,0.1295,1.0,40.0,0.0,0.18607696713641458,0.10548164139967109,1.6628190277112096,0.061481991476204784,1.5784,0.05834415137783737,0.08096956553730701,0.0264688565400929,1.3722771074973099e-242,0.0,0.05
1618,0.57095,False,0.0,0.1819,1.0,10.0,0.0,0.2640922952045077,0.07249940492287084,1.6916813796088186,0.050787525785164184,1.573,0.055440057720027684,0.09707249454719649,0.014665504327284981,1.427961548731674e-242,0.0,0.05
1619,0.46315,False,0.0,0.2488,0.7975000000000001,30.0,0.0,0.32693472084805286,0.1279808976555449,2.0339935361344272,0.41017584975180044,2.3101054228013087,1.1696440433761035,0.3539074710600653,0.3501927914762693,0.5489705806396583,0.8411581873105229,0.05
1620,0.46845000000000003,False,0.0,0.2,0.9369,50.0,0.0,0.2542034727026631,0.15071289449964617,1.8534958039529552,0.2772884569393504,1.718018047457236,0.6046055675795828,0.21368125902598373,0.2518901418446816,0.15466947066079348,0.4640084119823805,0.05
1621,0.5053000000000001,False,0.0,0.1801,0.9281,24.4,0.0,0.25459621093842977,0.10785217356217708,1.7533100230315184,0.2095034318834565,1.8268331931623307,0.7995736234280926,0.1684054152351308,0.2122214056338585,0.1676934552724049,0.5030803658172147,0.05
1622,0.49345,False,0.0,0.1785,0.9283999999999999,30.0,0.0,0.25024545056252034,0.10915967851870848,1.7568997748308788,0.18560569936655613,1.8436199824269601,0.885628029370887,0.16294839942020417,0.2071550733689711,0.17720567229063405,0.5316170168719022,0.05
1623,0.5479999999999999,False,0.0,0.24380000000000002,0.9321999999999999,20.0,0.0,0.3325291725942865,0.05150396146585276,1.8620541159238537,0.24346140283056555,1.6978217971494416,0.3969451249720281,0.21533023280036026,0.19612993414443602,0.15982642802373329,0.4534403548093529,0.05
1624,0.44475000000000003,False,0.0,0.2622,0.7873000000000001,40.0,0.0,0.34026526086889763,0.12497228453545416,2.0279575510268573,0.33537460506322797,2.3826245690388754,1.3674328095364723,0.3730223774657754,0.2900126881457623,0.5411314417554275,0.827944978567105,0.05
1625,0.6015,False,0.0,0.203,1.0,0.0,0.0,0.2725722013830022,0.018676446599211634,1.75520737666269,0.03508920194776383,1.5591001659831238,0.04535521225296267,0.10700241112646051,0.010879505909994433,1.570830345550504e-233,0.0,0.05
1626,0.57775,False,0.0,0.1955,1.0,10.0,0.0,0.29387800539813846,0.0891172596663319,1.7425657172129565,0.13633188918957326,1.5412,0.050594070798859435,0.12049172126287917,0.06575409316320176,2.1613619043435184e-201,0.0,0.05
1627,0.48020000000000007,False,0.0,0.2224,0.8676,32.4,0.0,0.29720042225112786,0.12304506211517006,1.9314018313131307,0.3885608436925259,2.1404535193551313,1.1923332934440174,0.2661826733484857,0.2707414124824924,0.26988078945626415,0.6600302835488409,0.05
1628,0.53935,False,0.0,0.221,0.8577,0.0,0.0,0.3000126513066773,0.0318300445391907,1.8751756476034096,0.2523115024316589,2.0983562848012305,1.1369003527934325,0.23673946293724932,0.2650133848566713,0.3804126765194658,0.7638953158286523,0.05
1629,0.49295000000000005,False,0.0,0.2609,0.813,22.0,0.0,0.36328642619649293,0.1696946675885154,2.049493574663563,0.42737920054106043,2.259304541139462,1.2141959624045093,0.35514943909655283,0.3544769112169171,0.497853224138587,0.7853534765610896,0.05
1630,0.43425,False,0.0,0.2798,0.7299,35.3,0.0,0.3533306287443484,0.12796432431888632,2.099475519733676,0.38392407546235435,2.421880415343314,1.1248005979724633,0.4120003415346952,0.3045597412291177,0.5836618585708659,0.801250337480915,0.05
1631,0.5243999999999999,False,0.0,0.32389999999999997,0.8032999999999999,19.6,0.0,0.43772389514335447,0.11591552791884233,2.119839029323445,0.34140590202251053,2.0839667557277743,0.7947824179309139,0.435890569854002,0.3084123479803185,0.4833959151241977,0.7398661054756336,0.05
1632,0.5713,False,0.0,0.21300000000000002,0.9296,0.0,0.0,0.299989056882778,0.034438835010455485,1.8093391377509456,0.2537898324306511,1.757964194457616,0.6677975125423207,0.16553061072193861,0.1841121824722776,0.1848641944576159,0.5545925833728478,0.05
1633,0.5396500000000001,False,0.0,0.2065,0.932,14.8,0.0,0.2866106143879021,0.08847410829867243,1.7915556890213238,0.2152699330862972,1.7989763402287202,0.5802293138023041,0.17462910675892376,0.20837391817247264,0.15601620625902,0.4480845147687118,0.05
1634,0.5708,False,0.0,0.18160000000000004,1.0,10.0,0.0,0.2597639827257835,0.07862452238126875,1.7174951456282486,0.056582077042855464,1.6200777777777788,0.13128776282147248,0.09918970682025738,0.01753933647085427,0.02820000000000066,0.08460000000000197,0.05
1635,0.4789,False,0.0,0.21190000000000003,0.9299,46.0,0.0,0.2727758018368719,0.13015086294697595,1.8413067467501592,0.2342539898865329,1.7253680680600212,0.4775033703436009,0.20513815362076895,0.19508757962144235,0.15930025105218543,0.4779007531565562,0.05
1636,0.5721499999999999,False,0.0,0.18430000000000002,1.0,10.0,0.0,0.27989023049018874,0.07991522831381596,1.7401215569415118,0.06478971559593728,1.5338,0.06327369121522784,0.10022648073259266,0.015621322633878302,4.1612555921754556e-237,0.0,0.05
1637,0.37905,False,0.0,0.23309999999999995,0.725,50.0,0.0,0.28125284017818497,0.12203217783652946,2.0347903762538775,0.39031507993975334,2.570912079488873,1.1924244359320113,0.3829875730431012,0.33339455398565,0.5675845110944661,0.7771036978693173,0.05
1638,0.45764999999999995,False,0.0,0.22350000000000003,0.8597999999999999,42.0,0.0,0.2859859160110333,0.1314219963575735,1.9635430571192072,0.34204020216865494,2.0301702308155223,0.9121285523785838,0.26866999067062625,0.24418355623963042,0.36334361145215305,0.7274958061270571,0.05
1639,0.57255,False,0.0,0.21670000000000003,0.9283999999999999,0.0,0.0,0.29253018154870414,0.025746917002429107,1.8085833983478548,0.20476345853480357,1.7426083533611032,0.6506475431591198,0.17349854996210745,0.19753797343335652,0.15223714482924464,0.45671143448773394,0.05
1640,0.53975,False,0.0,0.1652,0.9943,20.0,0.0,0.24264851315142755,0.09822944661903223,1.7251875428360826,0.11383280728489495,1.679355555555557,0.32949460288954013,0.10946238380722932,0.059700451161581285,0.07990000000000086,0.23970000000000255,0.05
1641,0.5139,False,0.0,0.1478,1.0,30.0,0.0,0.22128641680205646,0.12232634642803204,1.7024151632395121,0.06810313423787977,1.5662,0.0725779580864604,0.09223765719707873,0.028000199411472162,1.9744846225094132e-242,0.0,0.05
1642,0.5710999999999999,False,0.0,0.1822,1.0,10.0,0.0,0.2458227593502226,0.0801660876956785,1.7278051204313876,0.07012450602867983,1.5418999999999998,0.05285726061762943,0.10054086244160762,0.017603139789335184,2.565509980743641e-242,0.0,0.05
1643,0.5875499999999999,False,0.0,0.21669999999999998,1.0,10.4,0.0,0.3113633041858167,0.10554451818437269,1.846551535100462,0.1974247425409549,1.5531,0.05831543534948533,0.1504899064834652,0.09808140143862096,6.630322536188224e-184,0.0,0.05
1644,0.48464999999999997,False,0.0,0.2792,0.8100999999999999,30.0,0.0,0.37334453275910573,0.12705626702172285,2.0721743045137244,0.5041311267916775,2.172958925399976,1.0085731822631647,0.3784442227325392,0.36929917133228995,0.3797106393835488,0.6486614401684694,0.05
1645,0.5422,False,0.0,0.16440000000000002,1.0,20.0,0.0,0.24160138767928988,0.10164677292749276,1.7241300626381555,0.06895058729830295,1.5510003246731232,0.046325135538318775,0.09255919785015194,0.020763873374222936,1.94236339446315e-242,0.0,0.05
1646,0.5045,False,0.0,0.1926,0.9364000000000001,30.0,0.0,0.2579534551057835,0.15224977676867898,1.8394550322745409,0.3204228619139421,1.7833682799304753,0.6076775331202348,0.20593465797495697,0.24263841935240874,0.15181625520527914,0.4554487656158374,0.05
1647,0.42945,False,0.0,0.27749999999999997,0.735,38.4,0.0,0.39113481125375976,0.16872679721453634,2.1223362083536847,0.34018581731023245,2.5447569064383186,1.3355657118833308,0.4459295024030049,0.3521832212732324,0.7277646629791972,0.8956973928777535,0.05
1648,0.5419999999999999,False,0.0,0.164,1.0,20.0,0.0,0.23493929468517621,0.09024991122590749,1.696925640805177,0.04396011040637331,1.6549777777777812,0.26269450783076204,0.10131081226254653,0.02251841270512171,0.06330000000000091,0.1899000000000027,0.05
1649,0.5378000000000001,False,0.0,0.2192,0.9364000000000001,20.0,0.0,0.2854606591475991,0.0967606622940317,1.8575609929200794,0.2840495215300709,1.8905228232237075,1.0242965227210505,0.19576785780365324,0.2258156560242278,0.19370622209818947,0.5811186662945684,0.05
1650,0.54235,False,0.0,0.1647,1.0,20.0,0.0,0.2266111628175092,0.09596393517411754,1.6930869150483,0.06592652999083677,1.5417,0.0486025719484062,0.09140447885246106,0.02019314296168355,6.792227453682186e-243,0.0,0.05
1651,0.5995,False,0.0,0.199,1.0,0.0,0.0,0.3017705201286276,0.01750808984739494,1.7517557549162892,0.07379959082146557,1.6552000000000013,0.3070921034478129,0.11926427754898179,0.04130108723772948,0.07370000000000086,0.22110000000000257,0.05
1652,0.6035,False,0.0,0.20700000000000002,1.0,0.0,0.0,0.28271582181624005,0.026595465386667134,1.7673757684155764,0.061992060992518534,1.5431000000000001,0.0359011141888382,0.11306249935312351,0.033633283992945594,4.041423884351647e-219,0.0,0.05
1653,0.5120500000000001,False,0.0,0.27769999999999995,0.9288000000000001,45.6,0.0,0.3526637047194176,0.12195034475396867,1.956368600328192,0.2843310668023724,1.7925280492667308,0.7383061040580241,0.2817510579908336,0.2383408473202251,0.16630000000012438,0.489637835548239,0.05
1654,0.4790500000000001,False,0.0,0.21960000000000002,0.9385,50.0,0.0,0.2877003614082567,0.1255780805215055,1.8900024437396614,0.33406750491440756,1.8006738355573926,0.7078338257460628,0.21058243921869607,0.20513979863101128,0.05,0.15000000000000002,0.05
1655,0.5366000000000001,False,0.0,0.2666,0.8866000000000002,20.0,0.0,0.33756380143575937,0.1504017636558687,2.0668834746233022,0.47440634846894886,2.2472103856291983,1.3618113248004953,0.31287776777153586,0.33602928756691114,0.3692921943299792,0.7413047124232134,0.05
1656,0.5716,False,0.0,0.21400000000000002,0.9292,0.0,0.0,0.286692718728511,0.016350174936359728,1.827767473409041,0.17720306461220842,1.8774899924983857,0.9968413094290524,0.17503451921235164,0.20825963322862867,0.16580000000000286,0.4974000000000086,0.05
1657,0.5419999999999999,False,0.0,0.164,1.0,20.0,0.0,0.24064705922537594,0.10770108050240106,1.6968854985653423,0.05985059328574559,1.5866000000000007,0.08165316895258938,0.09216809916293774,0.021793260027498228,2.082684044810283e-242,0.0,0.05
1658,0.4936,False,0.0,0.23700000000000002,0.8702,30.0,0.0,0.2958837627878803,0.0971039031048676,1.944873869017356,0.3940189268754875,2.1549952476362226,1.2860572770812602,0.26650707447294686,0.28995072121515103,0.36669316239229316,0.7371551154529261,0.05
1659,0.54565,False,0.0,0.2253,0.9460000000000001,20.0,0.0,0.34790092231760805,0.1838808533911937,1.836198607847349,0.31742642603915344,1.6902483347903534,0.47215564786400704,0.2079687732489731,0.24898063414637095,0.1599128313026763,0.47973849390802886,0.05
1660,0.5957,False,0.0,0.199,0.9924,0.0,0.0,0.28887839086960615,0.018632639521811212,1.7593822691153602,0.07618952532687591,1.6675111111135958,0.3347674748570459,0.1209246791043425,0.054304773332956295,0.07980000000000098,0.23940000000000292,0.05
1661,0.56835,False,0.0,0.25599999999999995,0.9303000000000001,12.4,0.0,0.32009840989573873,0.13251804140626636,1.9494017049927677,0.3000950462070016,1.7504033545827373,0.5105093204873099,0.2557223088543449,0.23925333841322152,0.1743886262060638,0.5205046767619347,0.05
1662,0.553,False,0.0,0.22010000000000005,0.9307000000000001,11.2,0.0,0.3233924792030678,0.04930859332083666,1.8130019741774923,0.24070156313460075,1.8556038125558736,0.8064344340786033,0.17121488446587757,0.16066515361602626,0.05,0.15000000000000002,0.05
1663,0.50445,False,0.0,0.2693,0.8019999999999999,15.6,0.0,0.3687061087121952,0.09951376854708699,2.0347014443852696,0.36758810305446626,2.457600787960236,1.5344159297656297,0.3586925560092468,0.33860376089224353,0.5577760244662151,0.8560558510622766,0.05
1664,0.5995,False,0.0,0.199,1.0,0.0,0.0,0.2918782430474961,0.01476644954560012,1.7380502782471257,0.05881886328466898,1.5772,0.06637137937394401,0.10314426045471778,0.0011219762602387288,3.650742222556415e-242,0.0,0.05
1665,0.5995,False,0.0,0.199,1.0,0.0,0.0,0.2904719724423962,0.016162185076870887,1.7262187657265387,0.04978020591577376,1.5684000000081257,0.08453898509804451,0.10273410981920343,0.0017822765224496339,2.5345835143832575e-242,0.0,0.05
1666,0.5366,False,0.0,0.2243,0.9289,20.0,0.0,0.33903418134535945,0.06923621791698432,1.8601378432342806,0.2493202813936977,1.9984119245183969,1.345825332689508,0.19816453679439386,0.2167653590918655,0.2156785911850633,0.6102997055974523,0.05
1667,0.5492,False,0.0,0.19920000000000002,1.0,25.2,0.0,0.2915512738857112,0.09095967632641602,1.7316932282124082,0.06818823931607813,1.538,0.04049691346263318,0.1218357260577162,0.04406349601296865,1.1881822169362759e-213,0.0,0.05
1668,0.5065,False,0.0,0.2531,0.8703,27.6,0.0,0.3407890724378145,0.06924689662477544,1.937093852594717,0.3725684001388737,1.9450033240063018,0.7743254109217972,0.27909670264827485,0.30069864277964103,0.30080412857717526,0.6016217827471839,0.05
1669,0.59125,False,0.0,0.2486,0.9339000000000001,0.0,0.0,0.3528468740079762,0.08188215185202426,1.9316378164162444,0.3292327800509433,1.9372762294219599,0.9479023177739108,0.23691812086062464,0.25087729064906034,0.29362067386640345,0.6654250181436072,0.05
1670,0.5430999999999999,False,0.0,0.2156,0.9506,20.0,0.0,0.2892282112062172,0.12354865074060402,1.8560922913456672,0.30080124100576466,1.6920364366378613,0.42437772480227215,0.18775623882238154,0.23829960204704626,0.08240000000005414,0.23865925500612178,0.05
1671,0.5216500000000001,False,0.0,0.2117,0.9292,24.4,0.0,0.3041038985512251,0.1068641040302347,1.8472442332416517,0.190843894610426,1.6955707578784498,0.5309275088788751,0.1888847538280293,0.1963582520560899,0.16060159168145058,0.46526001556913454,0.05
1672,0.5577,False,0.0,0.1954,1.0,20.0,0.0,0.28530849467743324,0.18001984292629256,1.784508613281022,0.24439764991931148,1.5764,0.0832180268932159,0.1421084810714227,0.1391828199767508,2.392882862911665e-159,7.178648787936563e-159,0.05
1673,0.5867,False,0.0,0.21340000000000003,1.0,10.0,0.0,0.2952822924079257,0.03570417666596112,1.750954932332467,0.08292538097517207,1.5521777777785026,0.06413731796398234,0.12295718683483814,0.051478492382533755,0.006600000000000378,0.019800000000001136,0.05
1674,0.5517000000000001,False,0.0,0.20380000000000004,0.9396000000000001,10.0,0.0,0.302111743441022,0.14554198375341337,1.8101047985944962,0.2827815617797227,1.7996634508305207,0.6737703410152213,0.18091733655856523,0.2439759172097764,0.2159634508305206,0.6478903524915618,0.05
1675,0.49190000000000006,False,0.0,0.2973,0.8065000000000001,30.0,0.0,0.38924259199557965,0.1016170233861815,2.1340772661170058,0.3757296909947634,2.5371332942537723,1.612557744421687,0.4181317565947918,0.3331840595113858,0.4578292755887442,0.8045635131570774,0.05
1676,0.4761,False,0.0,0.2738,0.7456,16.8,0.0,0.40768460738817086,0.1584691143989568,2.164147802191393,0.482563405857558,2.2881718976466496,0.9602102145502681,0.41920056504469283,0.38078267597834486,0.6498014008182407,0.8516447346337804,0.05
1677,0.5616500000000001,False,0.0,0.2833,1.0,40.0,0.0,0.36208539879670654,0.062305513947343474,1.9124174376591454,0.20819516639552596,1.5366,0.05802275415731313,0.22151109836133429,0.15630314726166292,1.6016664581308391e-146,4.804999374392517e-146,0.05
1678,0.50545,False,0.0,0.2531,0.8778,30.0,0.0,0.35448510341384176,0.181849443120229,1.9807733778440304,0.3911526550653443,2.071399207580784,0.9668512635440677,0.29173162085539506,0.3068636191449407,0.20480257681127453,0.47190495060506366,0.05
1679,0.5583,False,0.0,0.2266,0.93,10.0,0.0,0.3022745596954245,0.05477297491047031,1.8604993046408063,0.2815945538124184,2.0579437862150587,1.4317088438595569,0.20250400386715248,0.2270691184926512,0.1999999670466999,0.5999999011400996,0.05
1680,0.52485,False,0.0,0.2807,0.9289999999999999,40.0,0.0,0.3728184584574942,0.06550795639470226,1.9324824489767614,0.2354128038575438,1.7753703456217758,0.7705773604321283,0.2638930267092406,0.18639521971486472,0.19402516748993315,0.5820755024697994,0.05
1681,0.5149,False,0.0,0.2156,0.8606,11.6,0.0,0.27438983676712286,0.08119271871816093,1.8744228375735195,0.31372650734363294,1.9653397314384484,0.8592912646335942,0.22887111554466114,0.25991486346351583,0.34148099092533657,0.6835594042912245,0.05
1682,0.54405,False,0.0,0.19870000000000002,0.9294,10.0,0.0,0.2826347736173959,0.07960975968611347,1.8076976044118662,0.2028137657654523,1.708353615833038,0.4911734037552842,0.16307762271478543,0.18274342781605024,0.167425942470963,0.502277827412889,0.05
1683,0.5426000000000001,False,0.0,0.227,0.8582000000000001,0.0,0.0,0.3110027215100321,0.045261478978427194,1.8865240651618733,0.3193754487402552,2.0329269263449645,0.9373878108395279,0.23918960917283058,0.2630727459881337,0.41560053441003025,0.8416352303086089,0.05
1684,0.48019999999999996,False,0.0,0.2798,0.7971999999999999,29.15,0.0,0.3551101923525697,0.07409990430783824,2.028086456477505,0.2953507979972711,2.269073027068658,1.2165362166202438,0.35954973435318416,0.29985309854750264,0.5667258987352474,0.8680973937318037,0.05
1685,0.5424,False,0.0,0.1648,1.0,20.0,0.0,0.23548265386377576,0.0972320563270226,1.7098400712578816,0.0637686467934728,1.5659,0.10902976657775623,0.09214007055711548,0.020518994522650734,1.3506812777819251e-242,0.0,0.05
1686,0.55035,False,0.0,0.18070000000000003,1.0,20.0,0.0,0.2891378039753888,0.1337912560523339,1.722715655021291,0.10392310886987605,1.5576,0.056819362896815384,0.12101820006032855,0.05987141816921792,8.308425716727238e-208,0.0,0.05
1687,0.55345,False,0.0,0.22809999999999997,0.9315999999999999,13.2,0.0,0.2977176320375148,0.0938426071758154,1.901957883131976,0.29965354710204245,1.7400276622207553,0.6015993674408364,0.21395071676702432,0.2094784456284592,0.1893627926207957,0.5314905586461692,0.05
1688,0.5663,False,0.0,0.2304,0.9422,10.0,0.0,0.321698021830513,0.08129197805784907,1.8922605616919637,0.38254466198583614,1.7875676393247137,0.6879588206657131,0.19247217167850209,0.24908037827908805,0.16660097265804716,0.4998029179741415,0.05
1689,0.4543,False,0.0,0.2011,0.8674999999999999,40.0,0.0,0.23448330076444418,0.15925252403130122,1.9188780410537407,0.34559736499330396,1.8387896054045196,0.5776002071358393,0.2888366769365699,0.30688266762600525,0.23190246810277276,0.49087965437944386,0.05
1690,0.5428,False,0.0,0.16560000000000002,1.0,20.0,0.0,0.24217112061211904,0.09497230741559028,1.6984068567162711,0.06662425817655059,1.5741,0.08820821957164761,0.09410020742288956,0.019128454918558396,2.001549475639235e-242,0.0,0.05
1691,0.4781,False,0.0,0.23959999999999998,0.7902,18.4,0.0,0.32266735418975934,0.1541365645929734,2.001896324461648,0.3710877888190567,2.21078571195155,1.0507325863672738,0.3219526215298885,0.30734614068376526,0.5626065541026021,0.8619810182188203,0.05
1692,0.4818,False,0.0,0.2863,0.7941,29.2,0.0,0.3452851478470232,0.1739088519796029,2.1007165877101124,0.4553361212180021,2.4551174653597667,1.4236933642458247,0.3794006963551698,0.3233407806826348,0.543618372795701,0.834362243778335,0.05
1693,0.52555,False,0.0,0.2009,0.9301999999999999,20.0,0.0,0.32032823342279065,0.1490585122879291,1.7993357913776393,0.21616372896626265,1.8044095786948566,0.7929532853869682,0.19105565433502666,0.24049658720818065,0.17090957869485673,0.5127287360845703,0.05
1694,0.38425,False,0.0,0.2802,0.5891,25.2,0.0,0.32033114340019775,0.10625443215417002,2.2056325242548676,0.4221823776658017,2.8736890090986016,1.116318905587907,0.5206313108718499,0.34102931855624113,1.0210429858556829,0.8383576673812434,0.05
1695,0.5995,False,0.0,0.199,1.0,0.0,0.0,0.2735344304469406,0.013284496118962165,1.758641473311608,0.03409156211041663,1.5461,0.058888793500971016,0.10229103036278897,0.0009643971940299582,2.6557163438760136e-242,0.0,0.05
1696,0.5299,False,0.0,0.23959999999999998,0.8634000000000001,10.8,0.0,0.3226513413592215,0.05870668966709453,1.9146689310530909,0.31274316192819546,2.0024201022552313,0.9433366968756222,0.2611116467981972,0.27754860396946585,0.20650284011399994,0.4767472775615336,0.05
1697,0.5694499999999999,False,0.0,0.2435,0.9353999999999999,10.0,0.0,0.3167537641822712,0.10375492028031957,1.9364492930820176,0.2700523782890296,1.8126805894276423,0.7123264864340664,0.23702031113097544,0.23058293084844775,0.1571484373400404,0.47144531202012113,0.05
1698,0.50955,False,0.0,0.3028,0.8714999999999999,38.8,0.0,0.38708709679365577,0.06450698526970139,2.0450077304308514,0.36323845427837703,2.1886162965582487,1.1486800350160473,0.3600980871547575,0.27200429387454494,0.39997729496586787,0.735762035765045,0.05
1699,0.5451,False,0.0,0.21350000000000002,0.9299,13.3,0.0,0.2862060985034693,0.09908724927251707,1.840969093336841,0.24743581828813443,1.8279529290762475,0.7954793139430941,0.19167194148617522,0.2172356839504314,0.1636490762523271,0.4909472287569814,0.05
1700,0.5995,False,0.0,0.199,1.0,0.0,0.0,0.2866947791618375,0.01778784686239192,1.7111866657726111,0.03763444497444407,1.544,0.0460391138055458,0.10428180681636016,0.004192511847107838,1.8451932858318027e-242,0.0,0.05
1701,0.5929,False,0.0,0.24020000000000002,0.9456,0.0,0.0,0.33681876379043973,0.1126099257809946,1.890014461215183,0.33971064555471414,1.7410867804324386,0.48168734988277817,0.21160856848578063,0.2650966335233294,0.1678005346945053,0.5034016040835159,0.05
1702,0.5697,False,0.0,0.21070000000000003,0.9286999999999999,0.0,0.0,0.3045148416706621,0.03945512011923456,1.7912811175149972,0.20923442559248046,1.8816294451169366,0.8483704826799037,0.17703564266980457,0.21484685228653896,0.1634009139622608,0.49020274188678237,0.05
1703,0.54225,False,0.0,0.1645,1.0,20.0,0.0,0.24144592089752645,0.09962466542201824,1.7163972256654425,0.06553060438185637,1.5686,0.05195036092271158,0.09340524082992821,0.021152958752979588,2.0921928675171994e-242,0.0,0.05
1704,0.5995,False,0.0,0.199,1.0,0.0,0.0,0.28166078819453305,0.020290502541417003,1.7326329629717072,0.04304021022107883,1.5296348958333337,0.02560750868669827,0.10261746117281956,0.000922205991896468,2.2884217948465304e-242,0.0,0.05
1705,0.5867,False,0.0,0.21340000000000003,1.0,10.0,0.0,0.32699570051651333,0.0459172138324597,1.7699754231294853,0.07189438214694355,1.6197222222222234,0.17222248207866037,0.13238966406563563,0.059404426916435306,0.04090000000000086,0.12270000000000258,0.05
1706,0.32875000000000004,False,0.0,0.3466000000000001,0.4725,40.4,0.0,0.474651727949848,0.1131972275162116,2.490206795471945,0.30327964720780226,3.4200397248249685,1.03992561990225,0.6997534968864103,0.2803937035819222,1.3437176566875073,0.7877841051888953,0.05
1707,0.5875,False,0.0,0.199,1.0,6.0,0.0,0.27183049928843384,0.03885281724957682,1.756075269773276,0.08735166879870207,1.585300000000002,0.08280585728075285,0.12547276216222364,0.06824751635743405,1.9553227471973866e-242,0.0,0.05
1708,0.54335,False,0.0,0.16670000000000001,1.0,20.0,0.0,0.24421394565525908,0.10460892893432808,1.7005140261629976,0.07310849251643146,1.5553,0.06735436140295598,0.0943476508036649,0.02242704782184752,4.348746546835175e-239,0.0,0.05
1709,0.5727,False,0.0,0.21500000000000002,0.9304,0.0,0.0,0.28759946146443294,0.022816669340924096,1.8431428156837828,0.2832484192332109,1.8482907348451119,0.7873846792026667,0.15932181157677044,0.16677497709941763,0.05,0.15000000000000002,0.05
1710,0.57095,False,0.0,0.1819,1.0,10.0,0.0,0.24819097998098427,0.07581596925929802,1.7192617954184268,0.0648833716292348,1.5437999999999998,0.04399499971587679,0.09851592827959056,0.0148864752258636,1.823347935777647e-242,0.0,0.05
1711,0.5718,False,0.0,0.1836,1.0,10.0,0.0,0.2667135565783851,0.08470743400168915,1.7370039324189608,0.05522053323339892,1.5412,0.04287376820387961,0.09945874639152566,0.01765716985427856,5.479497034529111e-237,0.0,0.05
1712,0.47255,False,0.0,0.1988,0.8675,30.3,0.0,0.2771168028321863,0.13609224945973503,1.8954224948351606,0.39481088947699233,2.076338793971262,1.0916783405221189,0.2451585560837553,0.3061423899164256,0.3749714466655599,0.7503914299915044,0.05
1713,0.5995,False,0.0,0.199,1.0,0.0,0.0,0.27483846576125565,0.015969879113010066,1.6849869167988847,0.04160087636809853,1.5494000000000439,0.06998885625592821,0.101888256800077,0.0013165120552086423,1.414107653794218e-242,0.0,0.05
1714,0.5651,False,0.0,0.23699999999999996,0.9364000000000001,10.8,0.0,0.3311047650222255,0.052366105939919236,1.905032791000158,0.320306174555428,1.7937869867257388,0.6587305085401293,0.20667505016768825,0.23003446292163418,0.1769759408883359,0.5309278226650076,0.05
1715,0.5532999999999999,False,0.0,0.2592,0.8761999999999999,7.2,0.0,0.32025104852351044,0.06386960186414246,1.9767695209763552,0.3960378200686343,2.0740797960233275,1.0734503980441301,0.2811699162949698,0.30893679902607635,0.2880345184490486,0.6318034367041813,0.05
1716,0.5459499999999999,False,0.0,0.17190000000000003,1.0,20.0,0.0,0.24546509354454055,0.10337023878562092,1.7264097061375427,0.07785649465449852,1.5658,0.08054042463260301,0.10189671155322985,0.029417233088734073,4.079162034221808e-225,0.0,0.05
1717,0.4343,False,0.0,0.27440000000000003,0.8038000000000001,52.4,0.0,0.3189259638298557,0.15539788696934242,2.1184547716639823,0.43761103069091173,2.4711743360032896,1.5020968178883658,0.37724547564148925,0.32178062714845385,0.5307145822076169,0.8159208191202064,0.05
1718,0.50905,False,0.0,0.2494,0.9286999999999999,40.0,0.0,0.3287312122964251,0.11593615337870292,1.9257846765821374,0.22713477197162893,1.7733536615941723,0.7629510761036384,0.24260680820646377,0.19379669273515684,0.1907593605216474,0.5722780815649422,0.05
1719,0.46424999999999994,False,0.0,0.21740000000000004,0.9286999999999999,54.4,0.0,0.2961658814919553,0.13559802646553076,1.8644592169696075,0.2136824512734114,1.7673921893607172,0.6559427145055092,0.2176852515005127,0.19750504503391658,0.16631641275411294,0.4989492382623387,0.05
1720,0.5509999999999999,False,0.0,0.20610000000000003,0.9359,10.0,0.0,0.31031424571923977,0.13081931067708136,1.809919703106468,0.3016425303741207,1.764060946106234,0.6644708835970442,0.17967229410054872,0.22605440308998806,0.19126094610623404,0.5724507472090633,0.05
1721,0.5903,False,0.0,0.203,1.0,5.6,0.0,0.3005442861289189,0.021928510219486844,1.7300156259584418,0.03619689337827536,1.5595,0.06240713100279487,0.11020527177462314,0.02223127028693768,8.244447232305111e-231,0.0,0.05
1722,0.5287,False,0.0,0.23879999999999998,0.8586,10.0,0.0,0.31773694695416943,0.03653016890831653,1.896020851372565,0.24735413069651016,2.0531771931556504,0.9641460139483697,0.24243688463748914,0.2519757768841959,0.23605032931676578,0.5616293194075755,0.05
1723,0.5578500000000001,False,0.0,0.2711,0.8878,10.8,0.0,0.37055607766978327,0.10632285600463864,1.9915231776695008,0.4521757730042697,2.0205395760343405,0.8421611740143863,0.29911581977906604,0.3351827213380225,0.3808894983065064,0.7675155918479623,0.05
1724,0.5995,False,0.0,0.199,1.0,0.0,0.0,0.28338921743665546,0.01648686677548856,1.7081926930584512,0.05080634529305699,1.5714000000000001,0.10152457830496027,0.10326396952332825,0.0022315541063395957,2.5074463294167734e-242,0.0,0.05
1725,0.53535,False,0.0,0.21149999999999997,0.9359999999999999,19.2,0.0,0.2915446095349449,0.09425289603960862,1.8479791322047798,0.3064932759446419,1.7607032923686154,0.5404953713248679,0.1858067475293927,0.22945118122252567,0.16089992659933136,0.4826997797979941,0.05
1726,0.5439999999999999,False,0.0,0.2667,0.8756999999999999,13.6,0.0,0.38034568934647084,0.11714923337526877,1.994389601756628,0.3198498123729908,1.9590289526961802,0.8898113216680328,0.3197116277851947,0.3197398269902449,0.3217664531031553,0.7382252556723536,0.05
1727,0.501,False,0.0,0.24430000000000002,0.8664999999999999,27.2,0.0,0.31675722376533094,0.12236245120341396,2.0179809703779674,0.39039729909255216,2.3236475782281976,1.6130781977525428,0.28410574700284197,0.283465716361073,0.2608999971474467,0.5984306810970228,0.05
1728,0.6015,False,0.0,0.203,1.0,0.0,0.0,0.2850602323335368,0.013578187993320305,1.7537907204800192,0.0507538969900923,1.5059,0.013330041260251202,0.10602957292544239,0.005823799316492504,6.471316920883314e-237,0.0,0.05
1729,0.57265,False,0.0,0.24819999999999998,0.9435,11.6,0.0,0.35567065731698233,0.06357677733205526,1.8832395370430788,0.24754274201492185,1.666303819444445,0.33214122777111815,0.22921369614511522,0.21169996385088957,0.08170000000000037,0.23916021826382428,0.05
1730,0.5995,False,0.0,0.199,1.0,0.0,0.0,0.2834411882864964,0.01631515703105982,1.690865081704906,0.043809149555786325,1.5574000000000001,0.050382933618438694,0.1024549239964692,0.0009968757687243816,2.176803088112091e-242,0.0,0.05
1731,0.4565,False,0.0,0.2246,0.8724000000000001,46.0,0.0,0.3169698721578283,0.1512926609824215,1.941855244848241,0.3907250722425993,1.9689433433269905,0.7382276932699825,0.26350542232721585,0.28204416527747783,0.3514303554385961,0.7028611941284263,0.05
1732,0.50785,False,0.0,0.24159999999999998,0.8141,10.0,0.0,0.35017560921581353,0.1868196906958187,1.9899821776378972,0.4496713147302735,2.1731615378557754,1.0127560125491735,0.3081008877073028,0.32955680904962126,0.419372545172312,0.7316527400600767,0.05
1733,0.4681,False,0.0,0.2892,0.807,40.0,0.0,0.3710334793957704,0.08109256197344938,2.155402272711759,0.4351129542581639,2.13703002389714,0.9990264223038834,0.3756266904163804,0.31544947469679435,0.48887732292293606,0.8152282612275319,0.05
1734,0.49255,False,0.0,0.24379999999999996,0.8613,30.0,0.0,0.3143299563410593,0.12209553981223899,1.9384992622390136,0.3320801496529325,2.017954075593072,0.9582214567625057,0.28219316614707624,0.26428374029687957,0.2172242122901717,0.5073982788260111,0.05
1735,0.54035,False,0.0,0.18150000000000002,0.9391999999999999,10.0,0.0,0.2713412372013135,0.08675691352642223,1.8080747475807315,0.3080656588788861,1.6483555555555558,0.3369016737533045,0.14745396966586932,0.1407869914209194,0.07990000000000008,0.23970000000000025,0.05
1736,0.5719,False,0.0,0.18380000000000002,1.0,10.0,0.0,0.294941983040147,0.09520499744947854,1.728002439408619,0.08173257939296008,1.5607,0.05707021990495572,0.1062888140439282,0.02227763367560586,2.012222214494947e-237,0.0,0.05
1737,0.5349,False,0.0,0.24539999999999998,0.8644000000000001,10.0,0.0,0.319197147595489,0.04189304940722931,1.9557046362570116,0.3272887508452476,2.145256631905588,1.2720262841458385,0.27606860537033895,0.2945989825721705,0.3556375048098991,0.7157079609432958,0.05
1738,0.5463,False,0.0,0.19960000000000003,0.933,10.0,0.0,0.29316100962786595,0.09451812623360102,1.7862950904218793,0.26885047052385136,1.7915613123020964,0.648899314326007,0.17170762597462189,0.21638047437900707,0.18023983651452824,0.5407195095435847,0.05
1739,0.47705000000000003,False,0.0,0.23349999999999999,0.7862,16.4,0.0,0.3069347331047454,0.10860286192814807,1.9482445114048943,0.30584603229807866,2.238446484183508,1.1069004162426557,0.3141892651491395,0.2943667924988635,0.39351763853057853,0.6844379727183858,0.05
1740,0.40225,False,0.0,0.2853,0.6792,40.0,0.0,0.361863938474639,0.1691278353806299,2.2096717365204706,0.49641911567897834,2.7257407007375862,1.2917634784009657,0.4782232855440304,0.37228219141690144,0.7945448208035737,0.8454133921519448,0.05
1741,0.5679,False,0.0,0.24650000000000002,0.9292999999999999,10.0,0.0,0.3118171092509329,0.04377735435242578,1.836132588949378,0.17804216244658655,1.764413309285913,0.6326371734925955,0.21532489044560377,0.1994055288279381,0.15630000000104194,0.46890000000312587,0.05
1742,0.5720500000000001,False,0.0,0.21500000000000002,0.9291,0.0,0.0,0.3048866416455024,0.030903605423533556,1.7893902044789847,0.19299225117621618,1.6673837089122412,0.49783288124755587,0.168826867607823,0.18672999420746098,0.15540248338812962,0.4662074501643889,0.05
1743,0.48055000000000003,False,0.0,0.23020000000000002,0.9309000000000001,50.0,0.0,0.28873121957326536,0.12773684762874435,1.8645757702985275,0.25667631231306376,1.7000536270724929,0.4577581304884021,0.24561066593313535,0.2519489226207447,0.07999999999999996,0.23999999999999988,0.05
1744,0.57085,False,0.0,0.18170000000000003,1.0,10.0,0.0,0.26574636219251835,0.07946130409878842,1.7314986243217043,0.062444573065565424,1.5527000000000002,0.0905141425413731,0.09960778295877451,0.018104644410567337,1.8918397779681713e-242,0.0,0.05
1745,0.5764499999999999,False,0.0,0.23289999999999997,1.0,20.0,0.0,0.2998338457443792,0.03380577512729945,1.7902182376670737,0.09899689618190516,1.5966,0.056777108063021386,0.14889082705649623,0.08222297395694536,1.7123510450063512e-196,0.0,0.05
1746,0.5995,False,0.0,0.199,1.0,0.0,0.0,0.2757957375638812,0.012887972717398156,1.7591289758646333,0.04676821153754941,1.6039,0.04485409680285602,0.10344217872520589,0.0023936179851502767,3.4369361494120067e-242,0.0,0.05
1747,0.3842499999999999,False,0.0,0.2699,0.721,55.6,0.0,0.32461658781985964,0.10813369037586182,2.102485696311203,0.35503022914812254,2.5341352942644364,1.475778281565448,0.42311466578482754,0.3273230063180344,0.668695697193062,0.8277186872054534,0.05
1748,0.5268999999999999,False,0.0,0.20190000000000002,0.9286999999999999,19.2,0.0,0.2704849527612816,0.09089481571493259,1.7974839799339262,0.19757901851136123,1.786801770663633,0.7256797200147134,0.1782820683629669,0.20934095606275185,0.163408243296748,0.49022472989024396,0.05
1749,0.54405,False,0.0,0.24289999999999998,0.8596,3.6,0.0,0.3561415187443904,0.08079244345798062,1.9404588247906667,0.2173586554402639,2.029512218667267,0.9600370038616199,0.27371505228533727,0.28918771099449303,0.3274320051601882,0.6548944315604152,0.05
1750,0.61295,False,0.0,0.2259,1.0,0.0,0.0,0.29196626166742484,0.05195067166290369,1.798266054731473,0.20439612044332403,1.6223888888888898,0.11077226387704102,0.14310297469695304,0.11816718174894578,0.023500000000000597,0.07050000000000178,0.05
1751,0.5995,False,0.0,0.199,1.0,0.0,0.0,0.2983884892427207,0.019138468135035006,1.7060987770443894,0.030731394097317254,1.5698,0.05448449320678319,0.10364970678205002,0.0024744502034703473,2.3478253154283304e-242,0.0,0.05
1752,0.42779999999999996,False,0.0,0.2262,0.7302,25.2,0.0,0.3082495435702152,0.17229616242027615,2.0281195435179105,0.43029813154275004,2.2774203907386017,0.9280219076682623,0.36640219053602113,0.34910369238986694,0.6608931883410355,0.809867663611237,0.05
1753,0.47989999999999994,False,0.0,0.26049999999999995,0.8192999999999999,30.0,0.0,0.295622335016657,0.14376034104852795,2.0586597551550456,0.41583104367019486,2.295269188192104,1.2271092295454344,0.37640640292427163,0.36616508688062016,0.5454803810086668,0.8532144098757355,0.05
1754,0.57075,False,0.0,0.18150000000000002,1.0,10.0,0.0,0.24816786452073364,0.06444471857281517,1.7232814505948497,0.059392332391049615,1.5281,0.036272441329472146,0.0962599194543157,0.016195322717513422,1.3468469176191425e-242,0.0,0.05
1755,0.50135,False,0.0,0.2372,0.8055,10.0,0.0,0.3136415992992795,0.14030028209737216,2.014792534594551,0.4325141715389511,2.0999431689055035,0.912731144442746,0.33495678679585095,0.35834465962828266,0.34289394560159364,0.6105555257650442,0.05
1756,0.52955,False,0.0,0.2507,0.9283999999999999,30.0,0.0,0.32714505538665584,0.04577499844941429,1.9243554662874227,0.2079454190156587,1.7897312171472888,0.6828933692199982,0.2307013485290438,0.19195876663536104,0.1518000030327872,0.4554000090983616,0.05
1757,0.5995,False,0.0,0.199,1.0,0.0,0.0,0.2796984541527268,0.010321889344951466,1.75197975101145,0.04695331569306949,1.5347000000000002,0.05145298825141258,0.10286366924744235,0.0015730762606730377,2.4898376329788148e-242,0.0,0.05
1758,0.5058999999999999,False,0.0,0.26959999999999995,0.8894,36.8,0.0,0.3591272682128653,0.15473864052853367,2.0016871747813054,0.3744342253381931,1.9748794978582478,0.8620052460276053,0.3054582248356302,0.3133807709707616,0.37186791930064034,0.7477145651022725,0.05
1759,0.5196500000000001,False,0.0,0.3041,0.9352,50.0,0.0,0.3477476179921143,0.1711881030069251,2.047791320299996,0.27381168603156003,1.7906391105125952,0.6045611743854313,0.34105116837988675,0.23346578635721205,0.19017683169248195,0.5705304950774459,0.05
1760,0.5050999999999999,False,0.0,0.22469999999999998,0.8654999999999999,20.0,0.0,0.30828090252420737,0.11952249699374393,1.9263817922930346,0.33883010194311836,1.964220814175403,0.8714055448990768,0.25561253753296675,0.2822517275971511,0.3756821606624379,0.7560899386421374,0.05
1761,0.48105000000000003,False,0.0,0.2731,0.8089999999999999,30.0,0.0,0.38221834093757534,0.10335004591328242,2.060803889474189,0.39677792775711596,2.184079551148698,0.9722726652383493,0.34789607106001125,0.328326733416777,0.47599401824648435,0.7358941911699,0.05
1762,0.42334999999999995,False,0.0,0.315,0.6131,20.35,0.0,0.4317229956056733,0.11781657962463828,2.350619918368585,0.4713728745150846,3.0312143720277285,1.2286721555545064,0.5655069216591924,0.378285758225894,1.1053909790924676,0.9158370863860694,0.05
1763,0.36995,False,0.0,0.2515,0.7988,77.6,0.0,0.36737243731861463,0.17147729019672198,2.061176106666575,0.420283056555993,2.532309353076284,1.517280706356126,0.3960364352266153,0.3252228347368017,0.46625094082436036,0.7023535205389765,0.05
1764,0.5480499999999999,False,0.0,0.23289999999999997,0.8632,0.0,0.0,0.32643223708949937,0.04716038599327009,1.9090357661267952,0.3152465925545744,2.067930161952538,0.9707643945293993,0.25173305036117866,0.28727170918688044,0.2116180234887814,0.49134678924249064,0.05
1765,0.4569500000000001,False,0.0,0.1139,1.0,50.0,0.0,0.17586371424035224,0.1341300050543614,1.666186132862412,0.07279315143256547,1.5478,0.04676494413553808,0.0772805933321554,0.029143844436429117,3.2058199715525024e-237,0.0,0.05
1766,0.5362,False,0.0,0.2592,0.858,11.2,0.0,0.32272468567198215,0.07231633330976013,1.9461648307931085,0.2767046727701619,2.104629826824053,1.1057760822151967,0.28617119876905767,0.2600008089237607,0.34673197858029214,0.6986318307061993,0.05
1767,0.5547500000000001,False,0.0,0.2605,0.9422,23.3,0.0,0.346325020195793,0.06146586061919588,1.9547306699550426,0.28238473220203,1.7965904929686107,0.6222585284315115,0.24443159822582383,0.22738988912049884,0.19228525005109795,0.5768557501532938,0.05
1768,0.50465,False,0.0,0.19190000000000002,0.9374,30.0,0.0,0.28894053291819477,0.14322893350682542,1.842581681737967,0.3086422167092319,1.7822641251229274,0.6259281225246585,0.18667148552884108,0.250992136856516,0.1669037823022103,0.5007113469066309,0.05
1769,0.5153500000000001,False,0.0,0.24100000000000002,0.7897000000000001,0.0,0.0,0.3127408099354866,0.0443770078012944,1.9961331988108264,0.348373689291489,2.1524282183852774,0.93770249052897,0.3044031938503881,0.30794320862297664,0.5046146602949605,0.7738504344177006,0.05
1770,0.50865,False,0.0,0.2894,0.8079000000000001,20.0,0.0,0.3841778164299944,0.08183830148649873,2.075075119590843,0.39655000212766245,2.373075757694786,1.239098787861237,0.39566101073194837,0.3523320565114364,0.5602018740633713,0.8635820944764461,0.05
1771,0.45219999999999994,False,0.0,0.3121,0.7186999999999999,31.6,0.0,0.3758210754723038,0.13407915296000159,2.1711909942976555,0.2980022587818577,2.4068640469546905,1.0939965265964398,0.47709649137688875,0.27075024070521647,0.7454040811490585,0.9232516757115559,0.05
1772,0.6005,False,0.0,0.201,1.0,0.0,0.0,0.2905806557611685,0.017031884029170403,1.7302578244963474,0.05474257499835856,1.5436,0.06939337144137037,0.10517911685573596,0.005530793700317912,1.496530755062298e-237,0.0,0.05
1773,0.57945,False,0.0,0.19890000000000002,1.0,10.0,0.0,0.28249214531590294,0.09630872920192193,1.7845386117902091,0.1271112615386968,1.5708000000000002,0.0839997619044245,0.1229617993836634,0.07749421813350327,1.2024335283720014e-190,0.0,0.05
1774,0.5995,False,0.0,0.199,1.0,0.0,0.0,0.2882947780029272,0.02042691292529012,1.7480692794456778,0.05014044816369028,1.5333999999999999,0.04497154656001947,0.10256080723693302,0.0016416623771298544,3.5107921128814846e-242,0.0,0.05
1775,0.41885,False,0.0,0.2392,0.7953,49.2,0.0,0.29935543822632793,0.13963168427686437,1.9763253334185602,0.3573265266879306,2.2215104166356734,1.0577521823442073,0.3285846700314991,0.3027676089841908,0.3675964829973376,0.628620307749426,0.05
1776,0.4661499999999999,False,0.0,0.2875,0.728,20.8,0.0,0.3246322612855506,0.03902560855848172,2.1009273614847404,0.36369155939498005,2.430923867873762,1.1026172693333776,0.3837971768586335,0.29100406380595606,0.5612081872878814,0.7494615085278236,0.05
1777,0.5467,False,0.0,0.30619999999999997,0.8272,10.0,0.0,0.4011765793247409,0.10734230628099951,2.0822133247910033,0.4595758865441741,2.119650998369906,0.9058889432188468,0.40767052766748924,0.3799076738282232,0.4965972272279685,0.7607544291420647,0.05
1778,0.571,False,0.0,0.18200000000000002,1.0,10.0,0.0,0.26483202273327233,0.07950798061749911,1.7032187893903987,0.06301317089343032,1.5419000000003311,0.06029336613654029,0.09749809034178213,0.01437331923770059,2.2152997742601648e-242,0.0,0.05
1779,0.5099499999999999,False,0.0,0.1639,1.0,36.0,0.0,0.23024460236745706,0.12913899736653506,1.713362755877327,0.11682464202249859,1.56,0.07417681578498772,0.11073809059331421,0.07345178416544756,2.6755212228713563e-198,0.0,0.05
1780,0.5088,False,0.0,0.23349999999999999,0.8897,26.4,0.0,0.3131731597732007,0.18729408740273312,1.965624061448143,0.4940607875807607,1.91993952373417,0.7540461100041769,0.28716084648960005,0.3628266387818258,0.33165011769345776,0.6648751826595953,0.05
1781,0.53045,False,0.0,0.24290000000000003,0.858,10.0,0.0,0.32589034820689855,0.03862549938019123,1.8812028012339101,0.20900869831914373,2.033139647350468,0.9785382164085382,0.26110355457666234,0.2611946043528984,0.31984497494315267,0.6400092214172881,0.05
1782,0.5185500000000001,False,0.0,0.2512,0.8675,20.4,0.0,0.348676422925482,0.09652161658711612,1.9429701218413018,0.3418503248773527,1.8833546328792221,0.6760952243033278,0.29351222711828784,0.29963464026827485,0.23360775996978442,0.49565722495759446,0.05
1783,0.49675,False,0.0,0.2622,0.8609,32.4,0.0,0.35889295690627254,0.13690256672196616,2.046742845591413,0.370947510941377,2.1787556344236565,0.9273356488733996,0.34553659399727005,0.3039234895229351,0.49410727499571633,0.6936522352902157,0.05
1784,0.45524999999999993,False,0.0,0.2509,0.7891999999999999,32.4,0.0,0.3253992921732398,0.04962795132956558,1.942586622164957,0.30318846491770635,2.1987607640766065,1.0284770639415857,0.29300811909360464,0.26138948975202075,0.2544001203007613,0.47294243865385327,0.05
1785,0.5718,False,0.0,0.18360000000000004,1.0,10.0,0.0,0.25646349531754203,0.08022666927941687,1.7304219809252444,0.05703119791189643,1.5200667609898586,0.033793248326493476,0.10008252657846221,0.017839817928756767,0.0032000000000003298,0.00960000000000099,0.05
1786,0.59255,False,0.0,0.2251,1.0,10.0,0.0,0.31774564477600176,0.04388602275159575,1.7748560119350778,0.12042128466381918,1.566700000005246,0.07109015403372147,0.13841449927008326,0.09928851715496234,5.299469759353552e-170,0.0,0.05
1787,0.5473000000000001,False,0.0,0.2508,0.8678000000000001,6.0,0.0,0.3255979235090847,0.0480796299274975,1.9532244420636276,0.3328083430970091,2.0419725778010673,1.0652958920038669,0.27655611069159464,0.29114756005982717,0.3271907833840316,0.6405313094548586,0.05
1788,0.46335,False,0.0,0.24700000000000003,0.7997,30.0,0.0,0.35372769702485635,0.12311013841745622,1.981227976750909,0.393916255858917,2.0364710009315927,0.829868349687002,0.3341666409841143,0.3239771046559628,0.5197824703726568,0.7981431941113444,0.05
1789,0.5426,False,0.0,0.1652,1.0,20.0,0.0,0.2413285235864225,0.10097631744910046,1.7108282548136,0.06655215520154227,1.5997,0.10100400982139277,0.09292769306178675,0.019619982681988675,2.2572581361203164e-242,0.0,0.05
1790,0.48125,False,0.0,0.21480000000000002,0.8836999999999999,34.0,0.0,0.3061251799291802,0.1729254151602744,1.956528766662513,0.5331762213143305,2.179538231258187,1.2256168992756638,0.28558710564410095,0.37176950026381544,0.3450298979248537,0.6910964254961608,0.05
1791,0.55515,False,0.0,0.22149999999999997,0.9288000000000001,10.0,0.0,0.3125998697563702,0.03125377510395352,1.7902734703076875,0.17844333990309666,1.8176245605248682,0.8384446655291756,0.1818403306697429,0.188227836057641,0.16356284435756996,0.4906885330727098,0.05
1792,0.5995,False,0.0,0.199,1.0,0.0,0.0,0.28326345958853427,0.022885786924581195,1.7451815015659828,0.0505516699611114,1.58418888888889,0.12371548452441876,0.10455310713905985,0.005645233583147888,0.028000000000000653,0.08400000000000196,0.05
1793,0.56985,False,0.0,0.2197,1.0,20.0,0.0,0.3022732965221896,0.038606998143603403,1.7804234757616915,0.09857165700495596,1.5638999999999998,0.07193948846078901,0.13536353589380246,0.06478208991668154,4.562619707761305e-211,0.0,0.05
1794,0.5712,False,0.0,0.21300000000000002,0.9294,0.0,0.0,0.2955526391340757,0.023188874872700202,1.8119690520119285,0.2939327544941349,1.8340321226913006,0.810835872173564,0.16482499904821607,0.18319900266371705,0.05,0.15000000000000002,0.05
1795,0.56445,False,0.0,0.2481,0.8808,0.0,0.0,0.3324119020361106,0.07549944660668755,1.9403421167755213,0.427758363070718,2.1132975347317378,1.1536318891317214,0.2713605539971437,0.3206499133634375,0.321380776421652,0.6427713740666793,0.05
1796,0.53695,False,0.0,0.2202,0.9289,18.8,0.0,0.31176734241637455,0.04823302738798078,1.7959718787227512,0.18993492165508705,1.830507705732914,0.8597212006020581,0.1873089378198422,0.19523673608159547,0.19099206340071323,0.5729761902021397,0.05
1797,0.5553,False,0.0,0.285,0.9384,28.2,0.0,0.349462374643982,0.07364598912473928,1.9892352801673865,0.33245728801651214,1.8179660817830168,0.6956903891746407,0.2656590149662331,0.21593232909015644,0.20439941511635001,0.61319824534905,0.05
1798,0.5420499999999999,False,0.0,0.16410000000000002,1.0,20.0,0.0,0.23359193278269336,0.09741400322853859,1.729914171950319,0.08341120471620489,1.5675999999999999,0.05677358540730012,0.09210852257335682,0.021810637981676352,1.618237537163121e-242,0.0,0.05
1799,0.5597,False,0.0,0.2682,1.0,37.2,0.0,0.34754030585377416,0.06384328108838255,1.8963916457942385,0.1474844582347678,1.5581888888888895,0.07382869812387909,0.20972441944640643,0.10696314954835667,0.014500000000000481,0.04350000000000144,0.05
1800,0.5166999999999999,False,0.0,0.2251,0.9282999999999999,30.0,0.0,0.30528571094670337,0.12067057496733845,1.8516024543263512,0.244939031550418,1.782884915861286,0.7700352725578258,0.20805023801376077,0.22432968446235044,0.15118357236149624,0.4535507170844887,0.05
1801,0.5425499999999999,False,0.0,0.21339999999999998,0.9292999999999999,14.4,0.0,0.29918549890954005,0.09446711986842098,1.8518938840482904,0.2636741190323108,1.7134696028963439,0.5198883393611986,0.18297300110073106,0.1890957193498008,0.161287357531984,0.4729644169488209,0.05
1802,0.5426,False,0.0,0.1652,1.0,20.0,0.0,0.2342004465458413,0.10576849496142485,1.7151897538070742,0.072764877514051,1.5530000000000002,0.03940558336073712,0.09341036311081519,0.019240756659047963,1.7372211038823079e-242,0.0,0.05
1803,0.5503499999999999,False,0.0,0.22069999999999998,1.0,30.0,0.0,0.3031375695614372,0.1091290531629729,1.8073704090114269,0.10739880328053233,1.5776999999999999,0.07806670224878211,0.15514998758394521,0.08603423225581963,4.0933621476009296e-200,0.0,0.05
1804,0.5995,False,0.0,0.199,1.0,0.0,0.0,0.26359889325140823,0.007275850242897507,1.7272936850854137,0.061788528616326444,1.5413000000000001,0.0808505411237303,0.10395720897819287,0.0023663546536957427,2.6374935565152138e-242,0.0,0.05
1805,0.5978,False,0.0,0.23559999999999998,1.0,10.0,0.0,0.31419835995533785,0.05327589980954974,1.8217415554552054,0.1582102544522322,1.5638,0.09339892933005178,0.15956875353652505,0.104052722293894,4.8198396727771596e-182,0.0,0.05
1806,0.5435500000000001,False,0.0,0.25579999999999997,0.8585,6.8,0.0,0.3298825297279702,0.06873172116676843,1.9824657017551162,0.3137099156666922,2.096207573362661,1.105115432924784,0.2786491427594285,0.2524400998846076,0.3503451846172593,0.7015168051353613,0.05
1807,0.5718,False,0.0,0.18360000000000004,1.0,10.0,0.0,0.2568421885996187,0.08232236351698555,1.721709906293717,0.05939079799855472,1.5308,0.033138497250177194,0.10031021587689619,0.01747606789086924,3.5404621249114617e-237,0.0,0.05
1808,0.5580999999999999,False,0.0,0.21190000000000003,0.9442999999999999,10.0,0.0,0.29198495008142283,0.10205803342870821,1.832084642125838,0.35480346174435984,1.8183589702681604,0.8039952044547258,0.18749575424123022,0.2625789130788131,0.21462563693482703,0.6438769108044811,0.05
1809,0.44905000000000006,False,0.0,0.2239,0.858,45.95,0.0,0.30195070977575406,0.1740379658922635,1.9168726405789083,0.3872624336783894,2.2005324988845105,1.3435010863137216,0.2975665095832062,0.31164451706979646,0.3922324988845106,0.7847299946386891,0.05
1810,0.5281,False,0.0,0.2732,0.8598000000000001,19.2,0.0,0.34332713273906,0.05251172750361865,2.015678609455601,0.34981227204980514,1.912963280534973,0.7111176450670258,0.29419519511952597,0.23110840167362406,0.34725005227080297,0.6971204903502453,0.05
1811,0.4892999999999999,False,0.0,0.23409999999999997,0.8644999999999999,30.0,0.0,0.32204903840947996,0.10364013402165151,1.9320043214845324,0.33897909768939116,2.126390478855781,1.1819676774781036,0.28699780574196554,0.2986367781345331,0.302100042318703,0.6042259451785555,0.05
1812,0.5278499999999999,False,0.0,0.17570000000000002,1.0,30.0,0.0,0.24980725949091145,0.11617510265643106,1.7588263374721715,0.09346680849406386,1.5425444444465148,0.049751616391020465,0.10795099796931043,0.05823187167713647,0.006300000000000566,0.018900000000001697,0.05
1813,0.5712,False,0.0,0.18240000000000003,1.0,10.0,0.0,0.27073583940538215,0.07369654627347562,1.7129596879267548,0.05069371880528657,1.5565000000002114,0.06328704448824962,0.09903974469223784,0.014775469480439769,3.0659089730478794e-242,0.0,0.05
1814,0.4893,False,0.0,0.23820000000000002,0.8604,30.0,0.0,0.31477327319645443,0.04554519876467457,1.915972103937953,0.3199639171457641,1.924397495837915,0.8211273057332403,0.23699493672718264,0.23007783786707542,0.34062440575255554,0.6812502301381776,0.05
1815,0.45015,False,0.0,0.2578,0.8025,40.0,0.0,0.34141227091659915,0.1824116020623832,2.0519153577790887,0.39818286225183125,2.0703916282334838,0.9046744858491745,0.3932354298196428,0.333853870937493,0.42442431315822227,0.6906571440985132,0.05
1816,0.6005,False,0.0,0.201,1.0,0.0,0.0,0.30005072819562006,0.01933005020549668,1.7326222877517794,0.038101309550188665,1.5523555813259553,0.05351099248000554,0.10665010516141309,0.00538418504968335,0.0034000000000003324,0.010200000000000998,0.05
1817,0.57075,False,0.0,0.18150000000000002,1.0,10.0,0.0,0.2598445977417981,0.07081353311266964,1.7411296671034582,0.06044381804825977,1.562077870008681,0.09350974576612296,0.0971994456670293,0.01666283773799307,0.0030000000000003266,0.009000000000000981,0.05
1818,0.37045000000000006,False,0.0,0.21820000000000003,0.7227,50.0,0.0,0.30199375987095217,0.14492448772475877,2.0249241537187395,0.42179712728277763,2.9139622149263134,1.7608898934497215,0.35011312598459926,0.323296427674339,0.790331791889191,0.9696091733327449,0.05
1819,0.4365,False,0.0,0.22329999999999997,0.7905,35.2,0.0,0.30704868765061527,0.16848021569799687,1.9572837613752654,0.3130677702798209,2.2761896535714823,1.186004872781675,0.3370903603593317,0.3253290932354023,0.5325190624885335,0.819582486109132,0.05
1820,0.57105,False,0.0,0.1821,1.0,10.0,0.0,0.255296628271757,0.07381334399451188,1.702493899712659,0.05305207613332128,1.559,0.0714058821106497,0.09948907166722903,0.015825217369962064,1.842278743032562e-242,0.0,0.05
1821,0.5345000000000001,False,0.0,0.2493,0.8597000000000001,10.0,0.0,0.34443201223113745,0.026905238407098738,1.9453908342709798,0.31521082747343676,2.0047890208103327,0.8423296982026739,0.24858584216823298,0.21834606602367052,0.36786204646928977,0.7327403528842305,0.05
1822,0.54295,False,0.0,0.1955,0.9304,10.0,0.0,0.2769377817138063,0.08678682856999932,1.813695970027095,0.24359562398762377,1.757979907142867,0.5573412392953295,0.15551359376778184,0.17312419047088673,0.1616012556611336,0.4848037669834009,0.05
1823,0.54735,False,0.0,0.26539999999999997,0.8581,7.2,0.0,0.3462699114403981,0.07677582597711656,1.965658264499784,0.309644085635866,2.0220426659711084,1.001797003936371,0.2908383302350456,0.25845863439123723,0.33805124137674725,0.6765007106367609,0.05
1824,0.5424,False,0.0,0.1648,1.0,20.0,0.0,0.22499443762722757,0.0927496266596411,1.7114739332639914,0.07006268801745372,1.5550000000000002,0.04651021393199568,0.09413142520277804,0.021504545531272772,1.8945502565251175e-242,0.0,0.05
1825,0.54245,False,0.0,0.1649,1.0,20.0,0.0,0.23675959311712264,0.08011928363959028,1.7127826582779455,0.05891358583292305,1.5289000000000024,0.03626968431072793,0.09441847348977263,0.015928797107880754,2.0372393871741767e-242,0.0,0.05
1826,0.5479499999999999,False,0.0,0.23370000000000002,0.9342,18.0,0.0,0.3028351733046473,0.13008586043868245,1.8690919877665457,0.24772052947719278,1.8383972335342165,0.852046546092267,0.223548560069398,0.2354079373296508,0.1672974530749694,0.5018923592249083,0.05
1827,0.5995,False,0.0,0.199,1.0,0.0,0.0,0.2728979425380497,0.008810978041059448,1.7204456053858679,0.029774136672635846,1.5639999999999998,0.06795439647292882,0.1024768830970394,0.0014990587321133612,2.5305613916702433e-242,0.0,0.05
1828,0.57375,False,0.0,0.18750000000000003,1.0,10.0,0.0,0.27827477916600885,0.08272622242348161,1.711165551488148,0.05150405378302234,1.5492000000000001,0.056661803712906966,0.10285659705524886,0.02024142553315744,5.605306133177229e-237,0.0,0.05
1829,0.5708,False,0.0,0.18160000000000004,1.0,10.0,0.0,0.25724095879944886,0.08152091525463064,1.728159347124348,0.061364400770897984,1.5175,0.029743066418915203,0.09637756359385123,0.01594560823711894,2.1919779506882823e-242,0.0,0.05
1830,0.47,False,0.0,0.2428,0.8076000000000001,27.6,0.0,0.3151181854621723,0.11967289098388109,1.9828252978471443,0.38987315807977735,2.320846976425693,1.1906671553492918,0.3239015398321348,0.3261654709104371,0.3813348116468158,0.6546300981088177,0.05
1831,0.5995,False,0.0,0.199,1.0,0.0,0.0,0.2743536297396885,0.00942830831025555,1.7253748209730457,0.03409314569720581,1.5461000000000003,0.06262020440720392,0.1019172624827708,0.0006132059463294638,2.652694581411013e-242,0.0,0.05
1832,0.56275,False,0.0,0.2205,0.945,10.0,0.0,0.2899117564211692,0.12299780875895583,1.8682502041406082,0.35089587390061133,1.884198860938282,1.0846408390484683,0.19478407733840447,0.2505420936471845,0.22845118975276807,0.6853535692583043,0.05
1833,0.5708,False,0.0,0.18160000000000004,1.0,10.0,0.0,0.2479257161686023,0.06790464054936524,1.6833793576593248,0.05808442417716134,1.5904,0.06924911551781729,0.09679197166367078,0.01596441790254711,1.192978512225386e-242,0.0,0.05
1834,0.5279,False,0.0,0.274,0.8618,20.0,0.0,0.3422057117797893,0.10123685890585972,1.9691303196638716,0.29627962042084816,2.0456877970579734,1.0530952559587639,0.3086824010336564,0.28681036378046565,0.25759702120616346,0.5260725078120452,0.05
1835,0.5036499999999999,False,0.0,0.28280000000000005,0.8045,20.0,0.0,0.40605267687208596,0.14400973183066362,2.0622672950953636,0.3616168861018857,2.2842885952125283,1.2006132538588474,0.37553673914743435,0.3242286624158336,0.5933312738641354,0.9072843718683934,0.05
1836,0.48400000000000004,False,0.0,0.2435,0.8045,20.0,0.0,0.3217177832900918,0.13714071730143826,2.004820257146598,0.40462602411570925,2.4274398100532157,1.395642326537129,0.3227061356549557,0.3202160952251333,0.5636498170901236,0.8738501107848383,0.05
1837,0.49145,False,0.0,0.24580000000000002,0.7803000000000001,10.8,0.0,0.3690287478357753,0.044781008291706594,1.9688211408620897,0.32540723052783466,2.3101231735529493,1.0021402659685543,0.3471665208345509,0.3172945675253774,0.5180608859998206,0.6937378279436737,0.05
1838,0.47665,False,0.0,0.22350000000000003,0.7898,15.0,0.0,0.29389720926211604,0.10120385625693547,2.0054663073087875,0.42071369773522166,2.2026255653543076,0.9881769572398202,0.30073588050151395,0.31512991734542617,0.5173026211226412,0.7949213427958542,0.05
1839,0.52005,False,0.0,0.26709999999999995,0.933,40.0,0.0,0.32506950919543437,0.12497387797916068,1.9186382795478747,0.3084955772236528,1.7766617053571039,0.7700650333320151,0.25660787697752896,0.23206215495675425,0.05,0.15000000000000002,0.05
1840,0.57075,False,0.0,0.18150000000000002,1.0,10.0,0.0,0.258314999189377,0.07358820955744108,1.6985825479539671,0.050807992461122824,1.5714,0.07966956759014072,0.09759556996667673,0.01732991244089905,1.515883513576008e-242,0.0,0.05
1841,0.5376,False,0.0,0.1955,0.9292999999999999,12.4,0.0,0.27527160943462003,0.0834321027830161,1.7598725095661973,0.21366400822173023,1.7562386896135784,0.6159609895675493,0.16318317285057432,0.1996670874937556,0.18206090641045303,0.5333094899652032,0.05
1842,0.5995,False,0.0,0.199,1.0,0.0,0.0,0.2903760597139154,0.017062998082354962,1.7198472166878915,0.04534579471265725,1.547,0.06759437846448477,0.10287260009901626,0.0017262491269486916,2.004822617761973e-242,0.0,0.05
1843,0.5459,False,0.0,0.244,0.9288000000000001,20.25,0.0,0.35945857641756557,0.05368312240413427,1.8611745047961599,0.21338224043352852,1.744711827729035,0.5885247410693083,0.21455749866703208,0.18662549851944688,0.16360001275459324,0.49080003826377966,0.05
1844,0.5424,False,0.0,0.1955,0.9292999999999999,10.0,0.0,0.27621325158498455,0.0786445319559912,1.806047102478549,0.20873602210237255,1.8948809498814108,0.9901769531015041,0.16360139527110998,0.19704331730428903,0.21737905836463095,0.6521371750938928,0.05
1845,0.47329999999999994,False,0.0,0.23149999999999998,0.8686999999999999,38.4,0.0,0.29282685279590415,0.14711424049800967,1.9812942528318882,0.40782700123748017,1.8736646781509456,0.6676792668667481,0.2848069141614954,0.2887877825902661,0.32381055652783924,0.6486076658346704,0.05
1846,0.5137499999999999,False,0.0,0.14750000000000002,1.0,30.0,0.0,0.209040404410489,0.11211574785371138,1.681715024966922,0.05273344282638651,1.5626,0.08785123789679913,0.08837212796312313,0.023698300170829797,1.6897885480371029e-242,0.0,0.05
1847,0.5995,False,0.0,0.199,1.0,0.0,0.0,0.27209773687264605,0.02068610443578918,1.7246438151949484,0.05447014814394826,1.5665,0.04570393856113496,0.10369356187593148,0.002942332632898429,1.876880005487687e-242,0.0,0.05
1848,0.5682999999999999,False,0.0,0.2166,1.0,20.0,0.0,0.30352853769674115,0.10177361715129099,1.8413652186784044,0.16924987599356492,1.646011111111116,0.22212474223083123,0.16746353371340564,0.11506224583112833,0.05460000000000091,0.16380000000000272,0.05
1849,0.5424,False,0.0,0.1648,1.0,20.0,0.0,0.22404719283947863,0.10320887701031162,1.7144904801636618,0.07395333496248759,1.512000052049425,0.025459747658572417,0.09261228005358081,0.02040026948372779,2.8400092296033204e-242,0.0,0.05
1850,0.4827,False,0.0,0.19660000000000002,0.8775999999999999,27.2,0.0,0.271861092146019,0.12437081379784308,1.8951655630596183,0.38892952969716577,1.9935272297618891,1.1353580932504235,0.2524854600782124,0.3232658184554909,0.2717716742063335,0.5984376748889564,0.05
1851,0.53775,False,0.0,0.21339999999999998,0.9420999999999999,20.0,0.0,0.3117254173910501,0.12595730254707324,1.8492748929946412,0.3466686798148358,1.836461075992166,0.8940384239068084,0.18951657969815744,0.2541130125152418,0.1642710552187811,0.4928131656563433,0.05
1852,0.49174999999999996,False,0.0,0.2679,0.8596,36.0,0.0,0.3651375376338578,0.052432312128214247,1.9802839335946547,0.27577785120872483,2.0320740667717754,0.9444021107765205,0.30819660612693933,0.2738779173803069,0.22003980684980737,0.5154782658237858,0.05
1853,0.5386000000000001,False,0.0,0.2372,1.0,40.0,0.0,0.33576205649294444,0.10430231539541882,1.8221522871868552,0.16485911774030026,1.6103,0.13097026380060484,0.1862635363262888,0.11805945844266386,3.024166972657188e-183,0.0,0.05
1854,0.48765,False,0.0,0.2626,0.7927,20.0,0.0,0.35930792888248725,0.055972369136100215,2.0402678181489398,0.3698156401481784,2.2954980479444775,1.1131886372512356,0.31744113211183095,0.2660210599038797,0.4233988872647009,0.746732609295135,0.05
1855,0.58195,False,0.0,0.20390000000000003,1.0,10.0,0.0,0.299989116071269,0.036994047119833694,1.7379852156055862,0.041463807368608885,1.5539021808334528,0.05825375856977264,0.11412213048900713,0.02498593443968348,0.0014000000000003042,0.004200000000000912,0.05
1856,0.5155000000000001,False,0.0,0.22149999999999997,0.9295,30.0,0.0,0.28530520746687776,0.1380087774222216,1.908633816575134,0.2883460885672975,1.9192061119940873,0.7444105811484306,0.23774688434663852,0.20958938086492324,0.2673949983804491,0.5865996496885458,0.05
1857,0.5269,False,0.0,0.3093,0.9381,48.4,0.0,0.3772444775872572,0.07934985988132538,2.024810231640701,0.29224503607689983,1.7442814240653721,0.5654408322778437,0.30011926299388625,0.22485678925125213,0.16110014827679292,0.4833004448303788,0.05
1858,0.54185,False,0.0,0.265,0.8187000000000001,0.0,0.0,0.3547269626774897,0.05502871705597301,2.0799343618226365,0.5031040157085013,2.3760166102387377,1.2833866450096914,0.3343275577364195,0.3383836793168076,0.4360313635387018,0.7628201421760337,0.05
1859,0.562,False,0.0,0.2088,1.0,21.2,0.0,0.28858119524158715,0.09489997393198249,1.7919824864420018,0.12134141145976261,1.5297,0.03870155035654257,0.13594740020798207,0.08574617560503175,1.1767186677017706e-185,0.0,0.05
1860,0.5709,False,0.0,0.18180000000000002,1.0,10.0,0.0,0.27316693788201807,0.0807765785292324,1.7126285837526118,0.06482109503268728,1.6334000000106113,0.1282116999365822,0.09846681793626902,0.01560728773544408,1.7047537206117943e-242,0.0,0.05
1861,0.61185,False,0.0,0.2237,1.0,0.0,0.0,0.34797074793642,0.0642321682255912,1.8142394014313072,0.12216112669449847,1.5245000000000002,0.041483129100876655,0.14728794337660775,0.07131611648662615,9.168956806388582e-199,0.0,0.05
1862,0.4915000000000001,False,0.0,0.18930000000000002,0.9297000000000001,34.0,0.0,0.2611867786858257,0.11474214275392161,1.80845077232261,0.27308834398645554,1.8362893791733081,0.7412554137185923,0.1701103133731694,0.18868739433928272,0.20064890609349165,0.6019467182804749,0.05
1863,0.54765,False,0.0,0.2391,0.9362,20.0,0.0,0.3143324451566622,0.04531879919228527,1.877444480583217,0.31662578150481097,1.862074224808102,0.979308838292518,0.21051786386816168,0.2281264908882657,0.18557422480810185,0.5567226744243055,0.05
1864,0.6009,False,0.0,0.24179999999999996,1.0,10.0,0.0,0.3236064809303108,0.06501663343121437,1.8374844353037498,0.1907366986732808,1.5613,0.07053375078641433,0.16383889106087135,0.09869141101947371,2.4381429986152436e-168,0.0,0.05
1865,0.47619999999999996,False,0.0,0.25759999999999994,0.866,42.8,0.0,0.32046187308011415,0.12777019063487685,1.9703488651884151,0.3033511644899969,1.9168980709414138,0.8115608357258747,0.296161508312098,0.2819686314932597,0.3165274099859885,0.6330622901688436,0.05
1866,0.4678,False,0.0,0.1852,1.0,62.4,0.0,0.24726640198464733,0.18505246559528557,1.8042568447932936,0.2165885181794057,1.57,0.09359700849920369,0.15908015379592028,0.12275976228088582,1.1983638763212644e-182,0.0,0.05
1867,0.5254,False,0.0,0.21680000000000002,0.938,26.0,0.0,0.31641245638625176,0.1490768406397566,1.857468041187295,0.32558867184993634,1.7853831095082753,0.5488382544464748,0.20910615834356835,0.2552159380941148,0.18892792999874353,0.5667837899962306,0.05
1868,0.57125,False,0.0,0.18250000000000002,1.0,10.0,0.0,0.26739451232008415,0.07463891321694523,1.7349994426710176,0.0662523275563231,1.5530000000000002,0.062119240175649286,0.09830367574149282,0.013819776435332115,1.988653790837662e-242,0.0,0.05
1869,0.516,False,0.0,0.2239,0.8785000000000001,17.6,0.0,0.29042227399645776,0.09392462476742743,1.9409767533173643,0.30864704355635797,1.924284633941403,0.8292608484693916,0.23899492635860198,0.2360960901090955,0.2794222926508035,0.6146197737110087,0.05
1870,0.57095,False,0.0,0.1819,1.0,10.0,0.0,0.25629939108122335,0.07052027978572835,1.7314776260328792,0.07080293133304447,1.5730000000058795,0.06351692688465146,0.0975740882836286,0.015173728389052125,2.1321630122674654e-242,0.0,0.05
1871,0.5431999999999999,False,0.0,0.2064,1.0,30.0,0.0,0.29226750813229135,0.0898641393648506,1.759191062160048,0.10907271545878329,1.5938000000105363,0.10221721969191122,0.13553074888474934,0.07464186100036233,2.805515920006253e-192,0.0,0.05
1872,0.5995,False,0.0,0.199,1.0,0.0,0.0,0.27222496390048595,0.016708199084782382,1.7260805695410693,0.03673830460228648,1.5425,0.03780542289143184,0.10290054213528943,0.002291599296259693,1.910874280653607e-242,0.0,0.05
1873,0.5709,False,0.0,0.18180000000000002,1.0,10.0,0.0,0.2651930278899583,0.06190605742853354,1.736730678972298,0.06231588974662173,1.5596,0.10289820212229174,0.09775061118076796,0.015667648907844965,2.027355534556079e-242,0.0,0.05
1874,0.5333,False,0.0,0.2142,0.9324,20.0,0.0,0.2842221669031034,0.08068298343770108,1.817470140719066,0.2190431638551308,1.779955406002366,0.6064044953182042,0.19313693016110367,0.2220707109085881,0.17595378954278967,0.527861368628369,0.05
1875,0.5822,False,0.0,0.225,0.9394,0.0,0.0,0.3172715617707625,0.06259634659553345,1.871323977024911,0.33165357862743544,1.7666337550967235,0.704654834002654,0.19087617025796225,0.25424889333671735,0.1848924820067857,0.552015932208081,0.05
1876,0.6005,False,0.0,0.201,1.0,0.0,0.0,0.26651224593886286,0.02093987102099614,1.6971723472896525,0.027017388110492604,1.5479,0.0812520153596205,0.10319244087808259,0.004556693189482161,3.1450137087234713e-237,0.0,0.05
1877,0.51215,False,0.0,0.18430000000000002,1.0,40.0,0.0,0.2651986456152927,0.12763741838695614,1.765506305039996,0.13145736108355177,1.6328,0.19055015087897478,0.1334870845412171,0.09374653132954838,3.2660503926386135e-202,0.0,0.05
1878,0.5521,False,0.0,0.26649999999999996,0.8681000000000001,7.6,0.0,0.34967285397485404,0.08561823293159353,1.9705839059253687,0.34249543850008907,1.8794299044503038,0.6399079555161944,0.3004387291179493,0.2935665956194961,0.3086373533658894,0.6174686654015925,0.05
1879,0.5578,False,0.0,0.2633,0.8699,4.4,0.0,0.33182710140216665,0.053751045909519464,1.9660876434269947,0.3528209023560459,1.963320321548662,0.8597380015592875,0.29176895351945714,0.30017288193584707,0.23240714501596696,0.4904630815355439,0.05
1880,0.5135000000000001,False,0.0,0.2841,0.8629,30.0,0.0,0.3636880363039302,0.08014017141558868,1.985793232128795,0.24756786488661175,2.007535046042767,0.8793396691151496,0.3264528857259158,0.2812232026996147,0.3290211228308398,0.6593817334172002,0.05
1881,0.5556,False,0.0,0.2186,0.9326000000000001,10.0,0.0,0.2998540779519561,0.09790879089151425,1.8857342532473038,0.2582356952392283,1.7051526491289561,0.49382430128640153,0.19108659964320843,0.20038381593133656,0.16601984724513383,0.4980595417354015,0.05
1882,0.60875,False,0.0,0.2223,1.0,1.2,0.0,0.3030508606055868,0.05657706443380791,1.799665845472277,0.13533770728735403,1.5451000000000001,0.052673427836054124,0.13055036429301425,0.07819955369047579,8.754153966718367e-180,0.0,0.05
1883,0.5995,False,0.0,0.199,1.0,0.0,0.0,0.3032563538725018,0.03844031350022562,1.7387295504274518,0.030319209662512364,1.5572,0.0653403397603655,0.10631133143827205,0.00884329485200548,2.17903201359635e-242,0.0,0.05
1884,0.57075,False,0.0,0.18150000000000002,1.0,10.0,0.0,0.256893933514108,0.0727490441960557,1.7041553452366678,0.06258339565807303,1.638877777777779,0.18878930348701606,0.10216442666688597,0.024952668398604883,0.04800000000000095,0.14400000000000285,0.05
1885,0.60445,False,0.0,0.2089,1.0,0.0,0.0,0.2762282939306713,0.01601029395466083,1.7425750358631145,0.06352885866636221,1.5137,0.023388244910638314,0.11949530925754075,0.04786248098999981,1.2177412787664907e-216,0.0,0.05
1886,0.48475000000000007,False,0.0,0.253,0.7965,20.0,0.0,0.3291306525754529,0.11581818174715106,2.0182323297095777,0.3841621617443918,2.4358029317666716,1.4634730462865533,0.34513023140853105,0.32771811983124444,0.530825659532897,0.8158246801286658,0.05
1887,0.5836,False,0.0,0.2072,1.0,10.0,0.0,0.30718338530270667,0.04207518824900755,1.7743326259688146,0.037166865134688365,1.57572222222224,0.0938154512268281,0.11740062106529484,0.03218173249807783,0.01660000000000052,0.04980000000000156,0.05
1888,0.58215,False,0.0,0.24429999999999996,1.0,20.0,0.0,0.3266585556110714,0.07918636199652379,1.8292077720708797,0.20283799494596777,1.5453,0.06424025217883257,0.16707163078297843,0.13854295307805184,2.0020830772697816e-147,6.006249231809345e-147,0.05
1889,0.57195,False,0.0,0.1839,1.0,10.0,0.0,0.27009049744254043,0.07670034759098308,1.715132006134949,0.05940922032638006,1.601741847398546,0.07444311987729436,0.10098993119402513,0.017926642442693343,2.000771273751279e-237,0.0,0.05
1890,0.5379999999999999,False,0.0,0.2015,0.9289,13.6,0.0,0.26194650627654875,0.08569074232350156,1.8260720830886783,0.23051000542686576,1.7604215609930598,0.709309475327687,0.17071071932474796,0.19589348941551127,0.18829990151786777,0.5648997045536034,0.05
1891,0.6005,False,0.0,0.201,1.0,0.0,0.0,0.29519397758996824,0.024675949788228,1.7246899408677159,0.05037158302135792,1.573900000000039,0.08350742481962951,0.10624483902778603,0.006852344359002978,5.472379506936129e-237,0.0,0.05
1892,0.57195,False,0.0,0.1839,1.0,10.0,0.0,0.26234724144541693,0.07313285186615746,1.7291660285659547,0.06298459871171784,1.5708,0.07984459906593559,0.09954285069889254,0.01643395892214156,2.022600178052192e-237,0.0,0.05
1893,0.5995,False,0.0,0.199,1.0,0.0,0.0,0.28574265524897735,0.024555189059520328,1.717680456966751,0.05449894893519647,1.5732000000000002,0.10084820276038638,0.10244986507528231,0.0015495004786605178,1.9014453949107036e-242,0.0,0.05
1894,0.5547,False,0.0,0.2144,0.9286,8.4,0.0,0.29241430634603155,0.021089444892148545,1.7977823681213074,0.20403411664943602,1.7843084319768074,0.7365917573623785,0.17397368862396023,0.19831670911557636,0.15300700855050722,0.45902102565152164,0.05
1895,0.50205,False,0.0,0.28989999999999994,0.8134,24.8,0.0,0.3651818296433861,0.17267852646750342,2.084415912540259,0.4402017658430114,2.1491020859460876,0.9325221206014817,0.37590884498763755,0.3466111346636592,0.5319079140937578,0.8138222718942227,0.05
1896,0.5995,False,0.0,0.199,1.0,0.0,0.0,0.2789430521825819,0.008776436660490458,1.7254166821082646,0.03557775203989865,1.561261284796397,0.0714305547320772,0.10213981202940906,0.0011618309433996214,2.4112869587124694e-242,0.0,0.05
1897,0.5404,False,0.0,0.16620000000000001,1.0,21.35,0.0,0.24947844736710242,0.11774161792948298,1.7476619158625328,0.1011077231426205,1.5266,0.030855145437997843,0.09813556411512032,0.02835064153670361,4.1156338830936536e-237,0.0,0.05
1898,0.5902000000000001,False,0.0,0.24,0.9404,0.0,0.0,0.34812240534494204,0.12940458683684358,1.8688823469751057,0.3110717918052858,1.7595543283300974,0.7451700945900285,0.21736911879239001,0.26432993821508366,0.19748766166343062,0.5924629849902919,0.05
1899,0.5995,False,0.0,0.199,1.0,0.0,0.0,0.2772345363637031,0.011801829630844586,1.716971884153184,0.042323796251836146,1.5514,0.06178381665128822,0.10305666964669473,0.0023140451321722014,2.438466640857466e-242,0.0,0.05
1900,0.41535,False,0.0,0.2556,0.7943,54.8,0.0,0.2964169757655301,0.14956847671287554,2.0591664428743686,0.40313870499904536,2.1344473491212557,0.9317622284938116,0.3158393948508495,0.24283999361684136,0.5193559777344439,0.7964009979896706,0.05
1901,0.4748000000000001,False,0.0,0.33710000000000007,0.7581,36.4,0.0,0.4109004681936909,0.08246511968502085,2.2057101004536994,0.38879387176402697,2.3792231495937535,1.0761509648329446,0.5092497042006097,0.35451647405789266,0.7141357986667691,0.8802328834192666,0.05
1902,0.5502,False,0.0,0.21150000000000002,0.9289,10.0,0.0,0.2921126083189799,0.10058051955377473,1.8203765532744498,0.18734367383111566,1.708714623914983,0.5059219689667344,0.1849101447451415,0.1956307484811846,0.1543447599045347,0.4630342797136041,0.05
1903,0.49854999999999994,False,0.0,0.25129999999999997,0.8002,13.6,0.0,0.3629949769109539,0.123399032225627,1.98200655687307,0.3664338057946391,2.275459180805729,1.1221379432268774,0.33814261180877747,0.3478980495039725,0.3905463652563296,0.6533879360424935,0.05
1904,0.5212,False,0.0,0.2057,0.9311,23.6,0.0,0.29338499562563986,0.087254183319672,1.7930340427776916,0.2050885809429593,1.821608120433329,0.812760442655236,0.18570986816354648,0.22786545432809494,0.071,0.21300000000000002,0.05
1905,0.5187999999999999,False,0.0,0.198,0.9132,18.4,0.0,0.27129468719447075,0.08819452247421204,1.816651292407681,0.21919915101430568,1.943698156231137,0.8663453413648294,0.20069101774297488,0.2179526951015321,0.23810608336363362,0.5075372433275869,0.05
1906,0.54635,False,0.0,0.2036,0.9291,10.0,0.0,0.2690709030884831,0.07957188976730438,1.7964766867110693,0.1914829130727705,1.8336043526587076,0.8777774722037823,0.17270333990315254,0.19862167728763064,0.17189460670948542,0.5156838201284563,0.05
1907,0.5549,False,0.0,0.18980000000000002,1.0,20.0,0.0,0.268839218041386,0.0787357452141294,1.7498470876314136,0.07204588365854873,1.5558000000000491,0.05718181529133871,0.1094519258712501,0.04039143240823875,3.626044353099428e-218,0.0,0.05
1908,0.4805500000000001,False,0.0,0.19310000000000002,0.9280000000000002,40.0,0.0,0.2734566023258823,0.11474495970991161,1.8075302078084055,0.2199326729177424,1.7944075316386676,0.6897947087017384,0.18303527829677468,0.20622838675745364,0.17994555748895072,0.5398366724668521,0.05
1909,0.5124,False,0.0,0.22319999999999998,0.8815999999999999,20.0,0.0,0.296612175764569,0.16286541826502746,1.9161237433120135,0.38116632048549504,2.0422879231956497,0.9241936615363127,0.26631581757182315,0.31962660446572894,0.2382065576205299,0.5388445116136638,0.05
1910,0.5789,False,0.0,0.1978,1.0,10.0,0.0,0.2726334318915016,0.09196436511479864,1.7786571416151407,0.1460517467077665,1.5733000000000001,0.09583011009072252,0.12280219689337853,0.07648296062183017,8.67768410875047e-195,0.0,0.05
1911,0.51315,False,0.0,0.17310000000000003,0.9332,20.0,0.0,0.2584350175392093,0.11966786308187365,1.747629322474641,0.18363245614980023,1.6632481991453723,0.3375387436557202,0.16304476206257004,0.2118684442143689,0.08450000000000038,0.2385612080787655,0.05
1912,0.48295000000000005,False,0.0,0.34190000000000004,0.8244,50.1,0.0,0.4109363947216205,0.10142504065630642,2.252977777301753,0.4839615049024355,2.4858172512792267,1.4668910164524753,0.4425823599360994,0.3141453130006766,0.6403020181048825,0.9951783523459217,0.05
1913,0.44375,False,0.0,0.1532,0.9343,50.0,0.0,0.21689977989134795,0.14515065225042034,1.7689503363814787,0.25413309638443876,1.7530205892003434,0.57322251714915,0.16758909604201425,0.2426059405432501,0.18083230498168978,0.5424969149450694,0.05
1914,0.5695500000000001,False,0.0,0.2111,0.9280000000000002,0.0,0.0,0.2956314814622595,0.024844044591503845,1.827385255553533,0.16740460226245132,1.8336911906380955,0.7117798724780575,0.17759710291582181,0.20814296854025385,0.18761316992852622,0.4546483543000035,0.05
1915,0.4901499999999999,False,0.0,0.28250000000000003,0.8033999999999999,26.4,0.0,0.3524791807390425,0.08091767842167165,2.0781842632312157,0.41439571433889383,2.294727414258141,1.1795623919073257,0.355184657683016,0.3124280221646517,0.5471924982511582,0.8368529024569242,0.05
1916,0.42375,False,0.0,0.2071,0.7908,37.6,0.0,0.26960653466037354,0.11956981108440086,1.9037115064670822,0.34120065802349464,2.326789597774315,1.3277670850699428,0.3054475234685131,0.33164987134695617,0.5126823840578562,0.7876491977427309,0.05
1917,0.5189,False,0.0,0.2717,0.8733000000000001,26.8,0.0,0.3818913552064212,0.13218162891795318,2.049624241380905,0.34850651231443797,2.0006257209538343,0.9665344619898995,0.3207580141196377,0.32587735757148273,0.3194999731591258,0.6404859550261026,0.05
1918,0.5995,False,0.0,0.199,1.0,0.0,0.0,0.2751659721178504,0.00934104301847104,1.725652118617295,0.03962383724687491,1.5688,0.06786427631677801,0.10165339418949407,0.00140715028291119,2.762811737509801e-242,0.0,0.05
1919,0.5219499999999999,False,0.0,0.19560000000000002,0.9282999999999999,20.0,0.0,0.2692804662033731,0.08573270458256878,1.7814360574719017,0.2100089102184145,1.842905348763112,0.8998033732226636,0.1651572878985636,0.19747678105277433,0.16594427701492012,0.4978328310447603,0.05
1920,0.5995,False,0.0,0.199,1.0,0.0,0.0,0.28433073183215185,0.007537182345753067,1.7383402187953472,0.04271914147889822,1.6004,0.09819796331900171,0.10177025459234643,0.0012701364385829242,1.9334847516261104e-242,0.0,0.05
1921,0.5708,False,0.0,0.18160000000000004,1.0,10.0,0.0,0.2720738424627026,0.07394462727274229,1.7116101720086174,0.05716573601126317,1.5483,0.04695114482097325,0.09908611636801556,0.017156958283395727,1.8582536038541681e-242,0.0,0.05
1922,0.5504,False,0.0,0.21140000000000003,0.9294,10.0,0.0,0.30060713352539326,0.04019820350717767,1.7911051667513767,0.19983075652934576,1.7808528031701911,0.693824353683837,0.17190155478548785,0.20339343720686828,0.17992495273052264,0.539774858191568,0.05
1923,0.46240000000000003,False,0.0,0.26339999999999997,0.8614,50.0,0.0,0.34232506430562004,0.13249231811712395,2.058759860804384,0.4047666714923834,2.2083234127936295,1.420973357717407,0.31390906386167416,0.2562112098365085,0.40238123953822297,0.8047801035717315,0.05
1924,0.5215,False,0.0,0.19080000000000003,0.9321999999999999,20.0,0.0,0.24989753032562123,0.10637454476520994,1.8086275310396878,0.2702801181336842,1.7529690114543885,0.6318813860282044,0.1829668948221169,0.22878327453334635,0.1961251922860298,0.5883755768580893,0.05
1925,0.4435,False,0.0,0.282,0.805,50.0,0.0,0.39111811288382087,0.06301509285275983,2.0928595252854043,0.42102108556031415,2.403964898356629,1.4302410600895568,0.3666609940433306,0.32093939601240473,0.5681260645338279,0.8750872138277515,0.05
1926,0.5132999999999999,False,0.0,0.28479999999999994,0.8618,30.0,0.0,0.37161696718469006,0.07889920662472961,1.9942911385310318,0.32445065679358925,2.0593717641730445,1.0280977740230075,0.32456673676564374,0.2502749174949076,0.27197996198619956,0.5754611793718807,0.05
1927,0.46065,False,0.0,0.3255,0.6902,23.6,0.0,0.42697083250371637,0.15131343526309615,2.245572792270395,0.4569587709288149,2.6578599783085592,1.1914501755175033,0.5189983440261557,0.3711752596032855,0.8074144247901869,0.9076697942905945,0.05
1928,0.5093,False,0.0,0.2283,0.8703,20.0,0.0,0.33050462256674296,0.1479579698840743,1.9352589308639616,0.32415339650784647,1.8423858318087158,0.6524500684264456,0.2766778015829639,0.310702268750007,0.24210002997065927,0.5181514851685143,0.05
1929,0.57535,False,0.0,0.1907,1.0,10.0,0.0,0.2786003594259342,0.09284152296121562,1.750080340778417,0.09116665958414603,1.5594999999999999,0.07345100407754819,0.11400904701715345,0.0528316876697241,2.6149603283597336e-216,0.0,0.05
1930,0.5444,False,0.0,0.1688,1.0,20.0,0.0,0.25114647827368597,0.11070404979388024,1.6949862797435462,0.059172010698983195,1.5599,0.04977840897417274,0.09697160022123205,0.024668938801964326,4.783797615377194e-231,0.0,0.05
1931,0.4936,False,0.0,0.1472,1.0,40.0,0.0,0.19210389993102955,0.1301470904826122,1.7205960562010525,0.18740481794695085,1.5333999999999999,0.04171138933193188,0.10599966886522874,0.0784352724742921,1.736978385209211e-202,0.0,0.05
1932,0.49349999999999994,False,0.0,0.305,0.7908,27.2,0.0,0.35971602544466974,0.1261796933210217,2.1131262284554135,0.39783482403287573,2.311395434044179,1.2725753878858865,0.37618558010669856,0.29387872060695347,0.5427561160323192,0.829317430355404,0.05
1933,0.5984999999999999,False,0.0,0.23699999999999996,1.0,10.0,0.0,0.3145632111968562,0.06034301951593731,1.8127899068713553,0.15746005614135572,1.5485000000000002,0.07468500518845803,0.15704595005736016,0.1076808037554426,3.437931105965015e-175,0.0,0.05
1934,0.5995,False,0.0,0.199,1.0,0.0,0.0,0.27851495861904957,0.011686872307883601,1.7453387459275522,0.04029716030806103,1.5786000000000002,0.07827924373676586,0.10258790224885055,0.001234136779005207,3.0288587813813067e-242,0.0,0.05
1935,0.5034,False,0.0,0.29379999999999995,0.8065999999999999,23.4,0.0,0.3561589519599949,0.0787088366859687,2.145666882287213,0.4457232284345638,2.0730690950049553,0.8255340173776589,0.38821938523560184,0.3441397004670778,0.4177743512840017,0.6522447705439023,0.05
1936,0.4729999999999999,False,0.0,0.31029999999999996,0.7957,40.0,0.0,0.41097442234445836,0.10001629126546925,2.124666300724034,0.2983285955792564,2.2233554635468793,1.0541702474308183,0.4192100794066899,0.2742203014399385,0.5326304333544915,0.8191361033445052,0.05
1937,0.42490000000000006,False,0.0,0.2669,0.7285,36.4,0.0,0.36745231262923655,0.13546843621268861,2.1230614096282574,0.4232669529489809,2.5899414083746506,1.336006880271651,0.43226995790534006,0.3369218731729528,0.6198131586338724,0.861257844753398,0.05
1938,0.48214999999999997,False,0.0,0.2843,1.0,80.0,0.0,0.35090608646539817,0.1313307191690651,1.9202482079350456,0.1793008431832326,1.5393,0.04195247310946041,0.24679946899335997,0.11725193998667001,6.342137835064469e-177,0.0,0.05
1939,0.6015,False,0.0,0.203,1.0,0.0,0.0,0.30263429870140496,0.022017684271396342,1.7489163394289347,0.041497867964470185,1.5607000000000002,0.0696147254537429,0.10638389423363274,0.006366412789449855,3.829359765056775e-237,0.0,0.05
1940,0.5592,False,0.0,0.2743,0.8841000000000001,10.0,0.0,0.3744077228827465,0.11042245893236408,1.9824329156439926,0.3843653146149901,2.008256637506856,0.88453961349241,0.31694723252552104,0.32795705249947654,0.3752703527462215,0.7556823763245416,0.05
1941,0.5520499999999999,False,0.0,0.2729,0.9032,18.0,0.0,0.36960876689158384,0.1470944653923753,1.9892282411494144,0.48656857892644706,1.9850552253680083,0.9235628269287256,0.29501786001910524,0.3416749848425985,0.17080005509329715,0.34251690339172935,0.05
1942,0.5609999999999999,False,0.0,0.24609999999999999,0.8759,0.0,0.0,0.3282915279491968,0.11999231873772108,1.955240827686628,0.3360483934018416,1.8866784926085658,0.7582000765563268,0.2778388905330556,0.3032232156245246,0.27868960371967666,0.6175315945349115,0.05
1943,0.54205,False,0.0,0.1649,1.0,20.2,0.0,0.24241974434426922,0.11325109019693623,1.7204338797465062,0.07888140530246385,1.5564,0.042783641733728124,0.09738844899051535,0.026349457873046097,1.4803395905795627e-242,0.0,0.05
1944,0.44114999999999993,False,0.0,0.294,0.8603,68.0,0.0,0.3781054938118716,0.05937150433577338,2.053692263723151,0.2644464892543301,2.052070878599014,0.7793960564244176,0.3375654005783243,0.22710349409551328,0.3859791319040317,0.6572473105211585,0.05
1945,0.5073,False,0.0,0.2138,0.8648,16.0,0.0,0.29640246977592516,0.0983953323529593,1.8866642070242787,0.30927130787654195,2.05841680898967,1.0044122635961676,0.2248306194638486,0.2576025154532439,0.25022561840665863,0.6027355328469477,0.05
1946,0.49784999999999996,False,0.0,0.2525,0.8632,30.0,0.0,0.3389740086132532,0.11836087924136118,1.9484058315454316,0.2544403542595388,2.062258416283034,0.94005448670929,0.30161963405074516,0.2778147861671497,0.4050414327412682,0.7217443707625019,0.05
1947,0.6005,False,0.0,0.201,1.0,0.0,0.0,0.2826182821098756,0.026342959878277984,1.7624361193200275,0.04964775515199432,1.5992000000000002,0.09020399104252544,0.10555791277284003,0.005248882815049936,3.9774163210734117e-237,0.0,0.05
1948,0.5119500000000001,False,0.0,0.21390000000000003,0.93,30.0,0.0,0.3061083114956482,0.10015217344541066,1.8510646862884457,0.3060997645615859,1.7265040036996002,0.6263279301044032,0.18514144776476954,0.19724100086158394,0.17283733703293347,0.5185120110988004,0.05
1949,0.5083,False,0.0,0.2041,0.9324999999999999,30.0,0.0,0.3223815384135545,0.16227245526419778,1.8589599931877117,0.24433979953139634,1.6663200661749387,0.3799316141152482,0.20370949671750488,0.2287213646490143,0.16253995371929336,0.4876198611578801,0.05
1950,0.55795,False,0.0,0.19590000000000002,1.0,20.0,0.0,0.29378128964217687,0.08552784317117057,1.7541452827300206,0.07781646652878021,1.5655000000000001,0.05628010305605347,0.12220760788919513,0.05351377466563206,3.0417464681640935e-211,0.0,0.05
1951,0.5418999999999999,False,0.0,0.22669999999999998,0.8571,0.0,0.0,0.3309558831843774,0.03622683901285764,1.8635946806973471,0.2671090888459012,2.115370545206237,0.9657505375805505,0.24322514995209804,0.26936981559754425,0.321755861138072,0.6448943973784896,0.05
1952,0.5023500000000001,False,0.0,0.1871,1.0,45.6,0.0,0.2646100311523095,0.1726395482670451,1.790477764380594,0.16004476703611284,1.5539999999999998,0.07019829057747776,0.1459248602516926,0.10281166974663213,5.388997717475841e-191,0.0,0.05
1953,0.5594999999999999,False,0.0,0.2444,0.8745999999999998,0.0,0.0,0.3362423860596759,0.09795270124394574,1.938233149991131,0.424413181730146,2.1321062971101243,1.2149195149677703,0.2687937892883322,0.32070269093805526,0.3291367907487134,0.6582939060320626,0.05
1954,0.58215,False,0.0,0.2043,1.0,10.0,0.0,0.3013714251771542,0.09758228628532166,1.7560753894793244,0.1896428117679274,1.5414999999999999,0.07289753082238108,0.13148071981554119,0.09394613381405144,3.6615488464210796e-175,0.0,0.05
1955,0.4609500000000001,False,0.0,0.2318,0.8009000000000001,27.7,0.0,0.2919363308433828,0.10273039309056892,2.055322246772541,0.4900002353978499,2.2639674582491525,1.0420630148031405,0.31552683355731914,0.3361156073076532,0.471030338885112,0.7547959170434725,0.05
1956,0.5267499999999999,False,0.0,0.20390000000000003,0.9296,20.0,0.0,0.30886441974863577,0.10019341761985401,1.852078336048082,0.27290810965664086,1.97812010047087,1.1897361410710534,0.17389628005934937,0.19540024708326528,0.2201201004708695,0.6603603014126085,0.05
1957,0.5253000000000001,False,0.0,0.17060000000000003,1.0,30.0,0.0,0.24327648018301598,0.11093196762604404,1.7070139843512941,0.06276611354514146,1.5215000018618252,0.022522210639123234,0.10165546091335764,0.037252881459162945,0.001200000000000415,0.0036000000000012446,0.05
1958,0.5419999999999999,False,0.0,0.164,1.0,20.0,0.0,0.23426223871815735,0.09573243625310283,1.720135399534015,0.07869420681447305,1.5557,0.046741951178785865,0.09259863627671658,0.022443837878573847,1.8313562697717621e-242,0.0,0.05
1959,0.5995,False,0.0,0.199,1.0,0.0,0.0,0.28597210287329594,0.012982417556289929,1.7174770122196974,0.05259078075841865,1.5308102106094361,0.02949822437128267,0.10365970216258988,0.002237313728792883,1.3581579112167675e-242,0.0,0.05
1960,0.53905,False,0.0,0.219,0.9404999999999999,20.35,0.0,0.2925365943520322,0.10248713639296812,1.890099756241448,0.38910672563927745,1.7623126660551276,0.6774511987587029,0.20172103228978638,0.2552069634508917,0.16861990603253002,0.50585971809759,0.05
1961,0.5423,False,0.0,0.16460000000000002,1.0,20.0,0.0,0.23900164084960157,0.09847181014416774,1.6859044251055173,0.056371297891145276,1.5593,0.06073886729269825,0.0951442456662305,0.022773181006072427,8.888828518874383e-243,0.0,0.05
1962,0.51195,False,0.0,0.2444,0.8595,20.0,0.0,0.3263100216298787,0.0443641494962261,1.8707734979540256,0.2543500486438027,2.0729484076057973,1.049124501102231,0.2550695750689874,0.24066711298090532,0.3676706872802648,0.7461401564840754,0.05
1963,0.5995,False,0.0,0.199,1.0,0.0,0.0,0.2748003466333672,0.020425233351000084,1.7390699736337552,0.08439107143541213,1.6607555555555567,0.3260895991390541,0.11646545678315456,0.04503251577698573,0.07720000000000085,0.23160000000000255,0.05
1964,0.52845,False,0.0,0.2607,0.8762000000000001,20.0,0.0,0.3547816865511361,0.15035380926505454,2.0243579518486152,0.42754819726815135,1.9375369873464081,0.7602341571733178,0.2940076942412412,0.32619504867742866,0.35795906092281293,0.7177856948748772,0.05
1965,0.48860000000000015,False,0.0,0.2842,0.7378000000000001,11.2,0.0,0.36386442691597826,0.07415677388117908,2.1374896818120295,0.45871436705168595,2.544468684443017,1.2708248705024172,0.42470785285073476,0.3691230179585866,0.6517908711532805,0.8602361129046143,0.05
1966,0.57115,False,0.0,0.18230000000000002,1.0,10.0,0.0,0.2540798371010547,0.07796542064497215,1.6940559983855141,0.0521359971284176,1.5498000000000107,0.05652574634623522,0.09776226248315298,0.014324198448829348,2.0793621075158305e-242,0.0,0.05
1967,0.54655,False,0.0,0.233,0.8600999999999999,0.0,0.0,0.30679837603920374,0.03872132488851771,1.9003023341357737,0.30454007640279424,2.0273254569832404,0.9627978482196277,0.24487115224443926,0.2726165440668015,0.2540575181213833,0.5534051629291281,0.05
1968,0.39175,False,0.0,0.3147,0.5968,32.0,0.0,0.4474060671174794,0.13151818758036893,2.2890891455040685,0.4009329723253891,3.125211510706128,1.4934471085183523,0.5706692726608191,0.3116008775416812,1.1043150283627716,0.9152566704658989,0.05
1969,0.5015499999999999,False,0.0,0.21980000000000005,0.8633,20.0,0.0,0.27598943540629445,0.09055935383789203,1.910558741781647,0.31465832888194145,2.0115337637794632,0.9804692077683015,0.27997458856253926,0.33509515294153597,0.3264595386006318,0.6530051158011408,0.05
1970,0.49484999999999996,False,0.0,0.29589999999999994,0.7993999999999999,26.4,0.0,0.4022584881469268,0.11362480033643416,2.114119043229187,0.3903930216774242,2.290609002837747,1.169544251173921,0.3978562572160012,0.319188477112025,0.5315450332804369,0.8165276215835955,0.05
1971,0.5167999999999999,False,0.0,0.25739999999999996,0.869,23.2,0.0,0.37090015788323094,0.13225220026538362,1.9508473170423983,0.304799809697475,2.1736168123796764,1.2732811186808406,0.288365713837888,0.29301270112920813,0.40194490279549705,0.8040570453905254,0.05
1972,0.40764999999999996,False,0.0,0.3605,0.6724,54.4,0.0,0.463574387695968,0.08847781913993194,2.297455559020094,0.3753812839651701,2.590068995921039,1.0576815702225246,0.5739502202383951,0.29534840974386073,0.8684335231034976,0.8746702300403619,0.05
1973,0.4904,False,0.0,0.26670000000000005,0.7941,20.0,0.0,0.337997706449994,0.060281403964683955,2.019161262919165,0.36403397500979473,2.2007177673364953,0.9764652400878626,0.3513401323767669,0.310985563075169,0.41356337264602183,0.7212045668062314,0.05
1974,0.4058,False,0.0,0.2814,0.7206,47.6,0.0,0.336748652250786,0.1153248889801352,2.1816380304327607,0.43716575341174563,2.3353398535224663,0.968882002140219,0.3975368973162857,0.2702045339278422,0.6860392829210682,0.8509298458632818,0.05
1975,0.54445,False,0.0,0.1689,1.0,20.0,0.0,0.23331976536195326,0.0994728407265264,1.7044229475421389,0.06968173675050073,1.5780000000028012,0.09888983770050067,0.09706588044790468,0.02305702367913784,5.045867286635584e-237,0.0,0.05
1976,0.45694999999999997,False,0.0,0.2987,0.8008,46.4,0.0,0.3920746578528391,0.11807837072463304,2.121484202526303,0.42177400866004555,2.44781199391523,1.4949910237959279,0.39853388403747225,0.3139504131579437,0.627912586632022,0.9650548329541546,0.05
1977,0.5444,False,0.0,0.2488,1.0,40.0,0.0,0.32903834200852294,0.11255354171855406,1.8523235352203424,0.14024894364069493,1.5417999999999998,0.044180991387699736,0.20214069507997875,0.10066789097064234,2.8064871099710886e-192,0.0,0.05
1978,0.5650999999999999,False,0.0,0.2343,0.9359,10.0,0.0,0.32155027887552917,0.05106819520051024,1.855858488580863,0.3199320572073123,1.9379952517620975,1.0573229528311086,0.20627463807231847,0.23504248282756904,0.17689184903308494,0.4767109266818234,0.05
1979,0.51775,False,0.0,0.2819,0.9296,44.0,0.0,0.3669139942977874,0.07140147558920652,1.9537490047611183,0.1668030539163468,1.7300500695580734,0.5389544851696152,0.280116604592927,0.19181576544588574,0.16861231157903492,0.5058369347371048,0.05
1980,0.5065500000000001,False,0.0,0.20210000000000003,0.931,30.0,0.0,0.2792891823977456,0.09556134528137204,1.804448213952412,0.2704468422985794,1.796740050194496,0.7071262545581908,0.18537780803495024,0.2359670095291152,0.15852564531389707,0.4755769359416911,0.05
1981,0.42210000000000003,False,0.0,0.24139999999999998,0.8028000000000001,50.0,0.0,0.3199618223132795,0.1561314504075963,2.0803596624908414,0.43809081714026976,2.3836294874086654,1.3758340116652596,0.3448225843025732,0.3235984940911322,0.5585557719943698,0.855830216228728,0.05
1982,0.5419999999999999,False,0.0,0.164,1.0,20.0,0.0,0.23711511877081262,0.10497886964310763,1.701871033025475,0.0732862620479002,1.5559,0.05691476082704739,0.09356668665648497,0.021862448542556895,2.229000609893144e-242,0.0,0.05
1983,0.5016499999999999,False,0.0,0.253,0.8703,30.0,0.0,0.3210038595911468,0.16147601146355453,1.9875115749910421,0.3215157132428897,1.9873542362767598,0.849439965520029,0.31384233558388097,0.28667734290792646,0.3680685916614567,0.7195688721058979,0.05
1984,0.57535,False,0.0,0.2474,0.9433,10.0,0.0,0.33221733691844574,0.07408367167006183,1.9154581453685335,0.39896649149755736,1.85512419858629,0.8780120310093372,0.23223007723437075,0.2728397450063161,0.17859086525295692,0.5357725957588708,0.05
1985,0.5135,False,0.0,0.23679999999999998,0.8702,20.0,0.0,0.3109536596946426,0.05946468325885497,1.9120838971615204,0.33759255090607865,1.9848523856298659,0.8736681711839672,0.24609414824616546,0.2791102552694078,0.36440979941580526,0.7312095856549339,0.05
1986,0.57265,False,0.0,0.217,0.9282999999999999,0.0,0.0,0.29863851848115525,0.031118157631610206,1.7981424136138913,0.13830893960210175,1.7427805319552836,0.44821922849654716,0.17371921721025083,0.19646332340190353,0.16395913106668247,0.4545283836393525,0.05
1987,0.4949999999999999,False,0.0,0.23969999999999997,0.8606999999999999,27.6,0.0,0.33410628012859106,0.14842502949533057,1.9491092796733174,0.3294419845808458,1.9902461535679372,0.9104195377215429,0.3012551551803909,0.29888059105789266,0.33890168010486266,0.6779838867324572,0.05
1988,0.5609,False,0.0,0.20180000000000003,1.0,20.0,0.0,0.3010817468081818,0.09161637707156726,1.7696323298620584,0.08207494077702059,1.561000000000353,0.08753627819400318,0.12346437822768319,0.05132653081614769,1.5208732276201635e-211,0.0,0.05
1989,0.43724999999999997,False,0.0,0.3054,0.7434999999999999,43.6,0.0,0.37686938108741996,0.13677042006631376,2.201764882812221,0.43745954921154756,2.4539510201132657,1.146951086973093,0.4536230842386355,0.3317183315742107,0.5542352613243304,0.7564742750944252,0.05
1990,0.5026999999999999,False,0.0,0.255,0.8704000000000001,30.0,0.0,0.32214922987680455,0.11143700263766716,1.979641042603486,0.3981192229265458,2.120764008304002,1.0872475231332552,0.3160564283525136,0.3208583250706633,0.36391880093676177,0.7358780114581192,0.05
1991,0.47459999999999986,False,0.0,0.2032,0.8675999999999998,30.4,0.0,0.27868575408601054,0.13042886870169204,1.9146587569376396,0.3680526125225695,2.013153186951362,0.9252443099945042,0.23874652672000307,0.2906028755085919,0.36145489904555234,0.7311115440364259,0.05
1992,0.4709499999999999,False,0.0,0.2556,0.8062999999999999,30.0,0.0,0.35474542034096734,0.18035485567271103,1.9915168099664295,0.3827353983680401,2.2839784399043594,1.1449864246386308,0.3489346426338794,0.34464469992640107,0.4277541566422373,0.7175426807691133,0.05
1993,0.4472,False,0.0,0.25179999999999997,0.7226,20.0,0.0,0.35502028580824907,0.11977199622344402,2.0343060228693224,0.4095336356327895,2.665666881682607,1.4693911725587836,0.39048374767101307,0.35282751010912766,0.7404187360006297,0.919604421367162,0.05
1994,0.5503,False,0.0,0.24910000000000002,0.9315,20.0,0.0,0.3507308067120978,0.09548109372269856,1.8811118490576733,0.22444007759865664,1.8248809965338986,0.7013575186607652,0.23914563824912977,0.2399321624727302,0.19288547206051046,0.5786564161815314,0.05
1995,0.5995,False,0.0,0.199,1.0,0.0,0.0,0.27105703927015157,0.019152715458049113,1.7373497914000933,0.04279276165709847,1.5322,0.04664289870923548,0.10235563579583362,0.002281182896451537,2.357482508824314e-242,0.0,0.05
1996,0.5479499999999999,False,0.0,0.2476,0.9282999999999999,20.0,0.0,0.3506121131879921,0.05561058510048461,1.8816695735707065,0.23824842600860685,1.847224493453885,0.7650602889653196,0.227610049459199,0.21033979891367258,0.06999999999999999,0.21000000000000002,0.05
1997,0.57075,False,0.0,0.18150000000000002,1.0,10.0,0.0,0.27068866798620844,0.07482151893065724,1.7127800627259204,0.060095283960853195,1.5414999999999999,0.0494818148414142,0.09752011297354744,0.016826171320411105,1.4099696767783776e-242,0.0,0.05
1998,0.4696,False,0.0,0.28409999999999996,0.8023,36.8,0.0,0.39859982628325086,0.10195051401467366,2.006261269230832,0.2986104356084471,2.3815878115674156,1.4421997225957912,0.3801730132684491,0.3256952549573205,0.52060607858299,0.8019700844268797,0.05
1999,0.5117,False,0.0,0.2612,0.8022,10.0,0.0,0.3464189300589805,0.08746992498175983,1.9765081688751394,0.38703187947917517,2.0651478205501457,0.8373194410768189,0.33736256355006145,0.3334668538017565,0.5410419837029166,0.8198494827166384,0.05
2000,0.466,False,0.0,0.2562,0.7958,30.0,0.0,0.3164755301551355,0.03003204530229474,1.9909585138601016,0.3546440159894019,2.152350043153319,0.921220839543313,0.3145383416417102,0.2944595414230569,0.5056266016708422,0.7787554026866874,0.05
2001,0.59085,False,0.0,0.2617,1.0,20.0,0.0,0.33607927856473585,0.049725420198002385,1.8593962105041588,0.1868456571581855,1.5657,0.08579283186840264,0.18983137047876197,0.116327645218076,6.624337223536425e-171,0.0,0.05
2002,0.5534,False,0.0,0.2765,0.9423,28.0,0.0,0.3890332332430698,0.1024537217821882,1.9528173060756615,0.3051750035990108,1.673725600571506,0.3938402424793208,0.2726849022693646,0.23871287761316384,0.15130216791482257,0.45390650374446767,0.05
2003,0.5335,False,0.0,0.2156,0.9314,20.0,0.0,0.3147586962422373,0.11428452464003924,1.8443560631781035,0.23843675581927537,1.8095054972127176,0.7205161926283256,0.20433398655857618,0.23877917571194637,0.1812054972127175,0.5436164916381525,0.05
2004,0.505,False,0.0,0.22129999999999997,0.9487,40.0,0.0,0.3115907705210101,0.1987721354254738,1.8828414663737232,0.37163850463045495,1.8588047574665836,0.8327185182257836,0.2218441691143472,0.27189637237820025,0.13599999999999998,0.408,0.05
2005,0.5005499999999998,False,0.0,0.2617999999999999,0.8593,30.0,0.0,0.3237566078998051,0.11284828586480808,1.9897020498860414,0.2950869917997356,1.9927530038250119,0.8681747256494946,0.27896517868182746,0.2243496116893317,0.3391795870742874,0.6811222161213203,0.05
2006,0.47405,False,0.0,0.2756,0.7925,30.0,0.0,0.3971130217015074,0.07246849681768823,1.979021768466577,0.25094841583196953,2.1760944612421294,0.981552019807989,0.3576100012104313,0.2828645845965999,0.5383077750194082,0.8147924948453846,0.05
2007,0.5710999999999999,False,0.0,0.1822,1.0,10.0,0.0,0.2520550891442668,0.07164728668214171,1.7003525262322796,0.04970529847623808,1.5777,0.09016102262064254,0.09961508782304591,0.015285918364541152,1.3551045049353924e-242,0.0,0.05
2008,0.48810000000000003,False,0.0,0.23440000000000003,0.8618,30.0,0.0,0.3245491485928226,0.03909703938590674,1.9187653492195706,0.32912902196044114,2.0565181695453565,0.9372453514767345,0.2466186498443729,0.25235746743545295,0.2342442677832441,0.5564073374071637,0.05
2009,0.5708,False,0.0,0.1816,1.0,10.0,0.0,0.26924080770103664,0.0841748002534693,1.7262752518517022,0.0651242549757936,1.5366,0.04341013706497597,0.09896842923900835,0.016907580189318625,2.286061625953945e-242,0.0,0.05
2010,0.4195000000000001,False,0.0,0.23369999999999996,0.8053000000000001,50.0,0.0,0.29390667787143104,0.15092225305588222,2.0848510513041973,0.5132276905969769,2.7700492968480708,1.8842247666584815,0.361497130748435,0.36463553793132836,0.6062675912913922,0.8645881804988077,0.05
2011,0.497,False,0.0,0.2387,0.8625,26.8,0.0,0.30643489437950777,0.10660788529421376,1.9279534301340344,0.3331383844093256,2.0687401094135875,0.988707278519416,0.2785611018555162,0.2717590665921047,0.30353845276398983,0.6070972504330131,0.05
2012,0.5147999999999999,False,0.0,0.26969999999999994,0.7998999999999999,10.0,0.0,0.3575702539128299,0.07259799813942719,2.0381145085019474,0.3672429671216339,2.040375158385837,0.7939283125120955,0.3563190114093854,0.31156568333921786,0.39236604959828464,0.6310778207900929,0.05
2013,0.6005,False,0.0,0.201,1.0,0.0,0.0,0.29838712382865723,0.015416038964823011,1.7421323874056327,0.05219775716343129,1.6000000000000019,0.09920181449953575,0.10755700274576943,0.008900269745319154,2.825826334468609e-237,0.0,0.05
2014,0.42005000000000003,False,0.0,0.23490000000000003,0.7908,46.4,0.0,0.3077308298693982,0.1031820300834714,2.0235587396570427,0.3823192446655061,2.6873322661340167,1.7722200822773075,0.32761810129071883,0.3066534112909889,0.5671534506824817,0.8704824584278609,0.05
2015,0.57075,False,0.0,0.18150000000000002,1.0,10.0,0.0,0.2738110681399637,0.07958393917899102,1.741530030441983,0.09228632724479777,1.5715999999999999,0.07898252971385508,0.10790336699822282,0.03677615854150626,2.6584507112700616e-242,0.0,0.05
2016,0.5995,False,0.0,0.199,1.0,0.0,0.0,0.2797498086079419,0.018262035051223625,1.7309814262027696,0.042156322209404996,1.5096,0.01566014048468273,0.10145969097015381,0.0007799746250562529,1.242497280233399e-242,0.0,0.05
2017,0.5995,False,0.0,0.199,1.0,0.0,0.0,0.27740199725525116,0.015902179017006895,1.7331974761189852,0.015634751104439966,1.5417,0.04237463864152706,0.10211919152698923,0.001327056775610852,2.3042701082247757e-242,0.0,0.05
2018,0.5127499999999999,False,0.0,0.17660000000000003,0.9289,20.0,0.0,0.238628308873941,0.10098101396721845,1.7569259696816644,0.1493933220878995,1.753384204619906,0.6540289227274753,0.15468310364320983,0.18969850868259136,0.16424714745467664,0.49274144236402984,0.05
2019,0.5386000000000001,False,0.0,0.3095,0.8861000000000001,29.6,0.0,0.3921246348098677,0.11356668121390699,2.0791203076105234,0.40419965571704836,1.9989740052975886,0.7259482980804147,0.36807065379404336,0.3272508984809465,0.3636277600495367,0.6532173296379352,0.05
2020,0.55955,False,0.0,0.1991,1.0,20.0,0.0,0.2785579809548234,0.08240963415119873,1.7725278616825553,0.1214554707013749,1.5418948676215278,0.05073143942210925,0.12567208609713348,0.08627327848532873,1.4364241637026455e-189,0.0,0.05
2021,0.5864,False,0.0,0.21280000000000002,1.0,10.0,0.0,0.302808604218494,0.057087993006493434,1.814143599132425,0.14299467575637334,1.5555013047960071,0.07311833192844767,0.14285956906840083,0.08763488647902651,2.587727820999238e-186,0.0,0.05
2022,0.4869,False,0.0,0.2192,0.8618,26.8,0.0,0.3203923579308911,0.12386648203426644,1.8906167654053463,0.359925756974141,2.101241352804301,1.0664461755231358,0.2660679893989289,0.2961315437946916,0.3703968974206401,0.7415323238682429,0.05
2023,0.49399999999999994,False,0.0,0.22409999999999997,0.8615,24.4,0.0,0.3051887324064809,0.10463645420132259,1.9209405749259798,0.34147667068064746,2.0490074288861733,1.0689034095322858,0.24383043310007232,0.2527635530725393,0.34800612075540743,0.6980960392931875,0.05
2024,0.49355,False,0.0,0.22469999999999998,0.8664,26.0,0.0,0.3339916130049771,0.2050918921392155,1.9394677250619252,0.36633709744750137,1.9654412639732797,0.8067119889671244,0.2794041127546671,0.30836938018379795,0.3135631981619561,0.6272989960033856,0.05
2025,0.53885,False,0.0,0.357,0.9621000000000001,60.35,0.0,0.43200273597064165,0.10106979378425554,2.1203947532876013,0.4116016933479587,1.8207444918802576,0.7610748877088622,0.3811985321302247,0.294224133563832,0.20719999895246838,0.5979854147418389,0.05
2026,0.49665,False,0.0,0.2618,0.7891,14.4,0.0,0.36036546631482247,0.09979664080454424,2.0131063946584855,0.3044266163346615,2.405830772286228,1.3475186666392767,0.3476646071802829,0.3141748048466519,0.5098941704334907,0.7819060395870124,0.05
2027,0.51665,False,0.0,0.27359999999999995,0.8797,30.0,0.0,0.3483060900276677,0.12083592089568736,2.002467670039066,0.42433435194425045,2.1834522050784075,1.3543660388733634,0.30586250116894553,0.3117741192087461,0.3539897847691036,0.7154086375829316,0.05
2028,0.5708,False,0.0,0.18160000000000004,1.0,10.0,0.0,0.25212992669790946,0.07334797112103074,1.711155614821428,0.059336285560980355,1.5692,0.08586827120654061,0.09786155358276147,0.016678543302469286,2.6093566106172124e-242,0.0,0.05
2029,0.5430999999999999,False,0.0,0.16620000000000001,1.0,20.0,0.0,0.2333560457718685,0.10233762469468788,1.7057673639351176,0.058090584442775935,1.565,0.06830226936200583,0.09495062484219059,0.02355504785183511,3.554557991404561e-237,0.0,0.05
2030,0.57275,False,0.0,0.18550000000000003,1.0,10.0,0.0,0.2780384834935776,0.08401241269596259,1.7394625242422452,0.07296043867308549,1.5512,0.05008752339655056,0.10033089435577103,0.018350040787405788,5.53146876187776e-237,0.0,0.05
2031,0.541,False,0.0,0.225,0.857,0.0,0.0,0.3036627505101732,0.03191106700966057,1.8390829946827107,0.24124803206200932,2.027320692571891,0.9658553880099614,0.23694157923825987,0.2683634352127395,0.2372328036851859,0.5316126254221807,0.05
2032,0.4999,False,0.0,0.23580000000000007,0.8039999999999999,10.0,0.0,0.30178939538660327,0.09838596131471145,2.0003318131674863,0.43561085927215143,2.2601891731533543,1.101852650476279,0.3443626331237518,0.3775010661429628,0.5949559102014889,0.9114612878263763,0.05
2033,0.46815,False,0.0,0.1879,0.9308,45.6,0.0,0.26285466723553164,0.1660766024322467,1.7903731862725525,0.21209385833183234,1.8058045778341145,0.7829471334326498,0.20153734195425277,0.23531467156139374,0.18820457783411443,0.5646137335023432,0.05
2034,0.5995,False,0.0,0.199,1.0,0.0,0.0,0.2821006517798358,0.019276212845953215,1.7459384143580974,0.05693633094578819,1.59128888888889,0.16276996719979808,0.10552117316438517,0.01096897005014262,0.038800000000000834,0.11640000000000249,0.05
2035,0.57085,False,0.0,0.18170000000000003,1.0,10.0,0.0,0.2602664730173741,0.07548755917313335,1.7027517626459159,0.051983326632400365,1.5609,0.05747947459745954,0.09842940125615227,0.016653784506823918,7.730076010348307e-243,0.0,0.05
2036,0.4172,False,0.0,0.3175,0.7969,70.0,0.0,0.45314167374619635,0.08148782413036991,2.1043437743192484,0.3236823826850183,2.23544067860552,1.0296266975530923,0.4281347748431129,0.28151850233229914,0.40766711251000454,0.7086548306731979,0.05
2037,0.5727,False,0.0,0.21500000000000002,0.9304,0.0,0.0,0.29479747406093426,0.027313616121937667,1.7930606330180225,0.22309404335284805,1.770772772905057,0.6647904053419713,0.15801103994065704,0.16060962737628154,0.1761128740714966,0.5283386222144898,0.05
2038,0.42250000000000004,False,0.0,0.23929999999999998,0.8041,49.6,0.0,0.3167961378926539,0.15365482672272457,2.017115451920083,0.4327096993918185,2.153840080576763,0.9502877650289082,0.3226043855612562,0.30880491184687864,0.39698397440834493,0.6875776455066962,0.05
2039,0.57085,False,0.0,0.18170000000000003,1.0,10.0,0.0,0.26360683894831716,0.0754566905112089,1.717453597654412,0.06284450560904482,1.5318999999999998,0.04062868444830574,0.09861664265855566,0.01667179864796808,1.3420079322139285e-242,0.0,0.05
2040,0.34580000000000005,False,0.0,0.2953,0.5947000000000001,49.6,0.0,0.3840427786243773,0.13655693767486585,2.2727011945131745,0.38978319071506057,3.1268880656093883,1.5775477969355263,0.5921013957642007,0.3393415756294651,0.9386302514168714,0.8196818455997378,0.05
2041,0.47364999999999996,False,0.0,0.2683,0.799,30.0,0.0,0.3655596679269614,0.14306471581882083,2.1333661333903744,0.41518449344134917,2.452451433432127,1.4371945640661068,0.3930445324296067,0.3394337490779709,0.5055541493664848,0.8153827336923752,0.05
2042,0.51465,False,0.0,0.14930000000000002,1.0,30.0,0.0,0.22354694082409443,0.11558009981384249,1.7198582701626104,0.08748053571584019,1.588000000000002,0.09324912868225708,0.0928977652457352,0.028581869112327487,3.645956188701944e-237,0.0,0.05
2043,0.5419999999999999,False,0.0,0.164,1.0,20.0,0.0,0.23339288005796271,0.09596176172877968,1.6924822960229051,0.04909698722396515,1.5746,0.06493412046066381,0.09147573728456757,0.021449531438281086,1.5649900223097024e-242,0.0,0.05
2044,0.4757,False,0.0,0.1914,1.0,60.0,0.0,0.2527236886332806,0.13669020463976084,1.7931806480660888,0.16635086210133015,1.5731,0.11225279506542371,0.1524211426485098,0.1121262040853492,2.4677579064692455e-179,0.0,0.05
2045,0.5602,False,0.0,0.221,0.9362,9.2,0.0,0.30607003506289976,0.04255677728744893,1.8452911423821867,0.26649880093887307,1.7703161942265795,0.6895660864878399,0.17768457398235019,0.22366017950562328,0.15090745547027667,0.4527223664108301,0.05
2046,0.5136499999999999,False,0.0,0.14730000000000001,1.0,30.0,0.0,0.22268097258794578,0.12289644645162867,1.7122194484371458,0.07307411643830641,1.5432,0.05334566524095469,0.08719539766450805,0.024010196600981054,1.9677389027383377e-242,0.0,0.05
2047,0.56965,False,0.0,0.2593,1.0,30.0,0.0,0.33680169931178305,0.19839963239943414,1.9382526799737458,0.34231705680001956,1.5810000002086162,0.0750799574788131,0.22605464066084385,0.1908401375534975,6.913946343650944e-136,2.0741839030952828e-135,0.05
2048,0.5534,False,0.0,0.26680000000000004,1.0,40.0,0.0,0.3601454383056186,0.058740820107687705,1.863176508039689,0.10934166842519821,1.5665,0.05152717729509351,0.20411582195058017,0.09874177539149438,1.3698809049634453e-195,0.0,0.05
2049,0.54325,False,0.0,0.1665,1.0,20.0,0.0,0.23452660393737693,0.09994985733904921,1.693149110154862,0.06698667373070297,1.5310000000000001,0.03114482300479486,0.0955836338270808,0.017760171777926274,1.6627094659000254e-242,0.0,0.05
2050,0.5588,False,0.0,0.2206,0.937,10.0,0.0,0.2826149976984036,0.10094948947791371,1.8796670942052167,0.33647187960987524,1.7181284517667144,0.5130502720157678,0.1995515081763984,0.2375020834697519,0.16142050528143287,0.48426151584429866,0.05
2051,0.5126499999999999,False,0.0,0.2387,0.8666,20.0,0.0,0.3304819715266091,0.1414511484903803,1.9430088837053454,0.3407727902950324,2.034469076200791,1.003867611950707,0.27543921524113607,0.2950940146617429,0.24381734893573417,0.5120155365125832,0.05
2052,0.57175,False,0.0,0.18350000000000002,1.0,10.0,0.0,0.26298314743760504,0.07167989654997216,1.7336678302458934,0.054783700882136,1.5562355902785021,0.05437685383749852,0.10042746836325767,0.019091559813616186,9.517783055211216e-240,0.0,0.05
2053,0.42085000000000006,False,0.0,0.2505,0.7224,32.8,0.0,0.28860897694145454,0.1436998169329046,2.150705534292019,0.42271580815059767,2.760589114363346,1.3864771588148646,0.45773896020506416,0.36292410098315686,0.7488936762242877,0.7904778097255445,0.05
2054,0.5708,False,0.0,0.18160000000000004,1.0,10.0,0.0,0.2922524639546131,0.09566745463916618,1.7328517060032493,0.07399254807973359,1.5591000000000097,0.08478142485239736,0.10331055994769467,0.022546562222191303,2.4959364130547733e-242,0.0,0.05
2055,0.5710999999999999,False,0.0,0.1822,1.0,10.0,0.0,0.28487029152070165,0.08719457964067,1.7120297507127713,0.0642101928940328,1.5716999999999999,0.07046708451468672,0.10082362670550815,0.016187451758505736,1.7991664123130612e-242,0.0,0.05
2056,0.5154000000000001,False,0.0,0.24569999999999995,0.9451,40.0,0.0,0.33323230984349317,0.15438073065392227,1.9510023425791996,0.42325841367337225,1.9440702059651698,1.2113010024066027,0.24916618019668232,0.3008018301590706,0.22252638679681125,0.6675791603904337,0.05
2057,0.5468000000000001,False,0.0,0.20329999999999998,0.9303000000000001,10.0,0.0,0.290579856721341,0.10231372909331346,1.8276322085379069,0.1802701397937105,1.7662685088098264,0.6432181403049486,0.1743162871068975,0.198531573666817,0.17145184772031383,0.5143555431609416,0.05
2058,0.5995,False,0.0,0.199,1.0,0.0,0.0,0.29222098582384126,0.015096610319813727,1.760294203836936,0.037966985784066716,1.56,0.07062011045021101,0.10717026124544264,0.016370492838265593,2.483642660318364e-242,0.0,0.05
2059,0.515,False,0.0,0.19000000000000003,1.0,40.0,0.0,0.24516927155674045,0.14386585895827714,1.8032792824023882,0.19772562507337899,1.521,0.035318550366627455,0.14288114416421804,0.11654099070143195,7.636477924111506e-162,2.2884701977341138e-161,0.05
2060,0.46265,False,0.0,0.2939,0.825,48.4,0.0,0.3891715435909796,0.17749487135922545,2.105450414871357,0.44119152439014797,2.312871611286305,1.1683726524736362,0.39908079157054016,0.37292874389714964,0.5419743485500385,0.8367995870455919,0.05
2061,0.5652,False,0.0,0.23929999999999998,0.9311,10.0,0.0,0.32920735833720527,0.06449058789720373,1.8679452498087499,0.2512418992188051,1.686205585789753,0.49826119141624603,0.20960512946321191,0.22430583510226135,0.15906558773753124,0.4771967632125937,0.05
2062,0.577,False,0.0,0.2752,0.8788,0.0,0.0,0.38163425333495515,0.14220260345364694,2.037117895929014,0.4096682139833704,1.9180041492527518,0.8560218013100523,0.32843570031065017,0.3508191252540706,0.2687079073094043,0.5887325078274489,0.05
2063,0.5553999999999999,False,0.0,0.24430000000000002,0.8760999999999999,2.4,0.0,0.35479520322008473,0.11460999936230461,1.9472414503095237,0.38872561385874593,2.111755892115948,1.0611111901202979,0.2700679831517879,0.33207482000475996,0.3397550019939432,0.6826814683985303,0.05
2064,0.57075,False,0.0,0.18150000000000002,1.0,10.0,0.0,0.24819747892512045,0.07792470354571347,1.715060002216807,0.06424768470136433,1.5311,0.04949636350278674,0.0962373863359587,0.015965679964113882,1.6904922564987716e-242,0.0,0.05
2065,0.5135000000000001,False,0.0,0.147,1.0,30.0,0.0,0.20969931177464232,0.10946068340983574,1.675752397523515,0.0655555703721787,1.5993717900594073,0.08694722808061056,0.08816299015784661,0.024912510317332645,1.547849355956777e-242,0.0,0.05
2066,0.5424,False,0.0,0.1648,1.0,20.0,0.0,0.2467060802159935,0.10421228832610911,1.7111977847053494,0.07027172745399063,1.6149777777777792,0.2550046274089983,0.10317161961508063,0.03767007744092991,0.06060000000000091,0.1818000000000027,0.05
2067,0.5721499999999999,False,0.0,0.18430000000000002,1.0,10.0,0.0,0.2817345477657519,0.07791798317552849,1.696534941896843,0.05585079166771457,1.5687000015503831,0.06560800360751698,0.1020055063741214,0.016311952154062247,5.202585114763986e-237,0.0,0.05
2068,0.5505,False,0.0,0.2304,0.9362,16.4,0.0,0.3107315552412531,0.055125498974462665,1.8424213405232492,0.31660435407157733,1.7391962435362303,0.6338474599838525,0.19778750864588776,0.22957359161054736,0.16316260621015882,0.4894878186304765,0.05
2069,0.48334999999999995,False,0.0,0.2547,0.7968,21.2,0.0,0.29495350671447895,0.09720026727653136,2.0518696786910056,0.39393035406429433,2.2733207943186735,1.1434216321834967,0.3552605490569572,0.330959155072037,0.5171305338484707,0.7834164125243281,0.05
2070,0.5432,False,0.0,0.16640000000000002,1.0,20.0,0.0,0.2595374819472692,0.10859780074782559,1.7268351462998286,0.07430827816600462,1.5703,0.06691494601357757,0.09585527839136766,0.02356391202558728,4.671510809744729e-237,0.0,0.05
2071,0.51125,False,0.0,0.2933,0.79,15.2,0.0,0.3506352023508505,0.06941327991346424,2.113333883919243,0.33567211251255236,2.173827313964945,1.1197773344014283,0.39449477469444505,0.28608432017343166,0.4533175418010913,0.7512212311745036,0.05
2072,0.57075,False,0.0,0.18150000000000002,1.0,10.0,0.0,0.2683218540304101,0.07090481216668523,1.7045497581627358,0.04887366171252548,1.6077,0.07766859082022806,0.09723328620556974,0.01687749928564978,2.3315447141595653e-242,0.0,0.05
2073,0.43375,False,0.0,0.2780000000000001,0.6695,20.0,0.0,0.36637439974622543,0.15403020220285535,2.1683567012678813,0.4324096610733943,2.9708429110740084,1.5321834057602215,0.48345417582990613,0.3615508907002508,0.8502255908686553,0.8605312232793794,0.05
2074,0.56935,False,0.0,0.21060000000000004,0.9281,0.0,0.0,0.3311869040023538,0.03882172489978499,1.7892680019706664,0.16679555615447209,1.8812686584636578,1.0619483886249688,0.1755254512523031,0.21215920279911454,0.16060079614978673,0.4818023884493601,0.05
2075,0.5708,False,0.0,0.18160000000000004,1.0,10.0,0.0,0.2622070906397321,0.08123220044005433,1.7018367275517172,0.05362473449785655,1.5561,0.07471740091839388,0.09818373250040799,0.016347504489186294,1.911812465077969e-242,0.0,0.05
2076,0.5136000000000001,False,0.0,0.14720000000000003,1.0,30.0,0.0,0.2154558604953174,0.12431267016321233,1.6969018539567848,0.07419917703755594,1.5287000000000002,0.03090323607650176,0.08751731775930922,0.025062132262273124,2.1901941146121735e-242,0.0,0.05
2077,0.4636000000000001,False,0.0,0.2609,0.8823000000000001,54.0,0.0,0.34454985087115597,0.19782329314707067,2.0451820524426747,0.47620726125628016,2.076217131951001,1.0134477904253596,0.32360895025310843,0.33226417372464284,0.3620659794146531,0.7304067948345163,0.05
2078,0.5198499999999999,False,0.0,0.2536,0.8661,20.0,0.0,0.32694135183496326,0.04840962918137688,1.967722606196586,0.3346386009206731,2.069213067118207,0.9344445588994221,0.27932316834755627,0.2672077882107125,0.366147452750618,0.6334238997448461,0.05
2079,0.6015,False,0.0,0.203,1.0,0.0,0.0,0.290282437502403,0.02180789511198596,1.7611930186669746,0.03570997802912642,1.590711111111112,0.14564712302151858,0.10940794395712405,0.011881640261901198,0.03480000000000078,0.10440000000000234,0.05
2080,0.5113499999999999,False,0.0,0.24319999999999994,0.8594999999999999,20.0,0.0,0.3202673142174285,0.049685265678911905,1.9363608327209636,0.3059658412656196,2.1725169694114563,1.3406826916566037,0.2685974112030044,0.27381744480515935,0.24999706265012117,0.6020711912665117,0.05
2081,0.47705,False,0.0,0.2802,0.8035,32.4,0.0,0.3757028523222854,0.08278171110644046,2.081709872959232,0.39497132257172557,2.277322174341975,1.0754980786306592,0.37920496192695513,0.3489305637261028,0.45173534715253594,0.7678574090378987,0.05
2082,0.5636,False,0.0,0.21100000000000002,0.9289999999999999,3.2,0.0,0.28999230356737843,0.02944987984976467,1.8119821786887371,0.24896025475073807,1.8293523793428363,0.9516583339380071,0.16880974698804693,0.19596395802943165,0.17540032027375774,0.5262009608212732,0.05
2083,0.5718,False,0.0,0.1836,1.0,10.0,0.0,0.27232035928528886,0.08138948193332037,1.7041069389979786,0.04952282787065511,1.5701000017909008,0.04579399723016585,0.09969559896006829,0.01667951849228297,4.766608478074498e-237,0.0,0.05
2084,0.48479999999999995,False,0.0,0.2044,0.8708,26.4,0.0,0.27305293811580167,0.1358846578240299,1.8991830589139576,0.38224320064399253,2.102969775384522,1.0353753239992765,0.25324298460065275,0.3175870953801526,0.343721256050802,0.6875288979462152,0.05
2085,0.5858,False,0.0,0.2116,1.0,10.0,0.0,0.29059691263158466,0.1120741724997159,1.7860910275914286,0.189001210588724,1.5192999999999999,0.036946041736564954,0.14172162152376533,0.10549193611701689,1.8756206843213429e-171,0.0,0.05
2086,0.6005,False,0.0,0.201,1.0,0.0,0.0,0.294914142455016,0.025523485289371553,1.7456890245951147,0.06939357606586892,1.550350199381511,0.06448100625451121,0.11914726118578316,0.04178093775096176,4.0751654597854714e-237,0.0,0.05
2087,0.45854999999999996,False,0.0,0.25639999999999996,0.7359,18.8,0.0,0.3304036212319934,0.13414272983903303,2.0178099597242882,0.40379183116225875,2.3984693736064195,1.0491533101806987,0.3990310398884223,0.37035365464214287,0.454475871422188,0.644867703845404,0.05
2088,0.5995,False,0.0,0.199,1.0,0.0,0.0,0.26789612697897325,0.0099570206680659,1.7204029438276915,0.05397648942616932,1.5569000000139175,0.05773465164563639,0.10224927848444917,0.0012877515116452409,1.822513611723009e-242,0.0,0.05
2089,0.5995,False,0.0,0.199,1.0,0.0,0.0,0.28286987393519814,0.013165941895362515,1.713241776526111,0.036450916019420576,1.5328,0.05586018259905707,0.10329517886658997,0.002559427264342515,1.791994328696144e-242,0.0,0.05
2090,0.57075,False,0.0,0.18150000000000002,1.0,10.0,0.0,0.26428442538497315,0.0841212886653941,1.7506101894713217,0.0787940271730445,1.5537,0.055762083892193275,0.10076276172436052,0.020085200004664357,2.9718399649879775e-242,0.0,0.05
2091,0.51935,False,0.0,0.29510000000000003,0.8236000000000001,20.0,0.0,0.4127617524961522,0.15702018915982133,2.1701709097307846,0.5272314527464972,2.393934262329678,1.2488315654143889,0.38635797162580066,0.3621667560274844,0.5408094860406554,0.8284113855290649,0.05
2092,0.5995,False,0.0,0.199,1.0,0.0,0.0,0.275302673615277,0.022591564236597278,1.7505205069727154,0.04083542073843696,1.5406,0.06525519136436582,0.10351315837492676,0.0031253645256885372,1.7270803566643624e-242,0.0,0.05
2093,0.54225,False,0.0,0.1645,1.0,20.0,0.0,0.23005877910484784,0.09672872632695295,1.697868418188516,0.05774074864814215,1.5474,0.06281273756173981,0.09303497669345692,0.01846823197460864,1.2022381307779698e-242,0.0,0.05
2094,0.51545,False,0.0,0.1799,0.931,20.0,0.0,0.2890069846224599,0.15370927000534332,1.7639464846222936,0.2119541646087849,1.6541000091604459,0.3367754566880676,0.178220122359605,0.22049649465016716,0.07980001533585566,0.23940004600756698,0.05
2095,0.5408999999999999,False,0.0,0.231,0.8585999999999998,1.95,0.0,0.3213457181718034,0.06943915310954499,1.9157226691629767,0.2453260965886877,1.965118542510686,0.8229115780150491,0.24508873324847716,0.25458847710471355,0.2044930967828556,0.47102414259114733,0.05
2096,0.4979,False,0.0,0.21739999999999998,0.8568,19.6,0.0,0.3081407803904937,0.09636649453364665,1.8896239059495339,0.2972248360778812,1.9924437650905311,0.9199645863027525,0.24857936589154842,0.2678261444761901,0.30389646033310064,0.6077964950013173,0.05
2097,0.5406,False,0.0,0.1686,0.9926,20.0,0.0,0.2477092416874555,0.10586883589625665,1.7283116778958323,0.103644821257843,1.6804555555555567,0.32827640961712967,0.11445667419958243,0.06115536809493805,0.07990000000000086,0.23970000000000255,0.05
2098,0.52675,False,0.0,0.27290000000000003,0.8606,20.0,0.0,0.37302211099285876,0.1224098319175692,2.0450608343529995,0.35331367993463114,2.0629129337753076,0.824733889313783,0.32853981614278155,0.2815517889446413,0.4174679866293577,0.678814611565316,0.05
2099,0.5995,False,0.0,0.199,1.0,0.0,0.0,0.27301361231733445,0.01927308823099075,1.7514642843520263,0.04224617862272208,1.5265564236118354,0.03968014485401754,0.10288122526583172,0.0012809530608660954,2.839166725884003e-242,0.0,0.05
2100,0.5183,False,0.0,0.2833,0.8732999999999999,30.0,0.0,0.36510371322272145,0.18772329595341766,2.030810365018331,0.35392369709873595,1.990503342740467,0.9106732583061915,0.34241758237664144,0.313362093288083,0.36047073594355805,0.7252459752316321,0.05
2101,0.49535,False,0.0,0.22119999999999998,0.9295,40.0,0.0,0.3239200708243344,0.10992289845620157,1.827728538985135,0.2133516814166573,1.7995531309902824,0.739477673829307,0.2032564700348527,0.20430114562928287,0.20130113900964583,0.5848257902778454,0.05
2102,0.49165000000000003,False,0.0,0.2878,0.8027,26.8,0.0,0.35413293149639885,0.07407291986111048,2.0254378526722774,0.34966919461991186,2.2520906574287918,1.0565943221390546,0.3573081823723216,0.3099910111302653,0.4987377736051055,0.7667190047200186,0.05
2103,0.5064500000000001,False,0.0,0.20339999999999997,0.9295,30.0,0.0,0.27523581225532395,0.12013735619593811,1.8596188471626411,0.2279205214204067,1.8167206411257957,0.7514771486040032,0.1991467857089086,0.2047764861274013,0.05,0.15000000000000002,0.05
2104,0.5417,False,0.0,0.225,0.8583999999999999,0.0,0.0,0.3075233281142208,0.05098349530995442,1.8696233208956934,0.28439562034830257,1.9189218893234703,0.8115138276023559,0.23572996233374752,0.26257030442493084,0.2136650661756867,0.49720194927117745,0.05
2105,0.58635,False,0.0,0.21270000000000003,1.0,10.0,0.0,0.3014105630420015,0.031103920169198062,1.7575998799617873,0.05556115403719685,1.5540002057202986,0.062328345314260965,0.1239236596920276,0.04598087853428176,2.376364420772361e-213,0.0,0.05
2106,0.54075,False,0.0,0.24139999999999998,0.8801,10.0,0.0,0.35111929241042883,0.1419850008805287,1.9522804562529554,0.40382511166512935,2.1804812401507925,1.3275493403465284,0.2624559302019335,0.3196341318515439,0.35936395789704667,0.7244287334750404,0.05
2107,0.5183,False,0.0,0.287,0.8168,16.8,0.0,0.3959948485869395,0.09261794507247056,2.1109128839115376,0.4581384805839295,2.0649173204233717,0.8438846746607488,0.3876812639247873,0.3458371265819597,0.31686287900247356,0.5813683833501782,0.05
2108,0.5751499999999999,False,0.0,0.221,0.9292999999999999,0.0,0.0,0.331808356575243,0.0423502310756566,1.8147215291902086,0.21364239787639605,1.8528955904510944,0.8381313408639988,0.18522326161594233,0.19605647350257524,0.09,0.27,0.05
2109,0.5995,False,0.0,0.199,1.0,0.0,0.0,0.28803485927516304,0.02179975398516298,1.724817934521986,0.04101057449457741,1.5396,0.06268843593518669,0.10331651231221517,0.0018867149649706796,2.2297743647167145e-242,0.0,0.05
2110,0.5464000000000001,False,0.0,0.23300000000000004,0.8598000000000001,0.0,0.0,0.30279605675517596,0.04721166371280654,1.8894864961686526,0.2505242326664878,2.05877009458547,1.089791254379149,0.23968152678650903,0.2443108986700323,0.377130661611107,0.7690457112704996,0.05
2111,0.5475,False,0.0,0.20610000000000003,0.9289,10.0,0.0,0.26679507254095564,0.08106521863030865,1.8218690077034914,0.23653887248674157,1.8114755807762346,0.6292537132407667,0.1874293682608906,0.2198235943884206,0.16430047474024428,0.49290142422073285,0.05
2112,0.49279999999999996,False,0.0,0.2515,0.7917,14.4,0.0,0.32893502824915644,0.08872900783985221,2.018937338165124,0.2922660082806122,2.2778741025687914,1.358156368527629,0.3104931663165914,0.2780820308308116,0.4317025315598312,0.7126797912981944,0.05
2113,0.46170000000000005,False,0.0,0.28709999999999997,0.7163,20.0,0.0,0.4103604796494585,0.12402499791554661,2.149014117689495,0.39769342538574853,3.0281169188188137,1.6801085256781203,0.46269726715563675,0.3466879414736647,0.8695448793374781,0.9406775533116631,0.05
2114,0.5710999999999999,False,0.0,0.2439,0.9382999999999999,10.0,0.0,0.32494305526500633,0.06036349484833779,1.8866951550980045,0.2926915212224483,1.7585895712183486,0.6557503094787558,0.21565951840694764,0.24817856209430142,0.15857450479056612,0.47572351437169835,0.05
2115,0.4998000000000001,False,0.0,0.2171,0.8625,20.0,0.0,0.3018516555648116,0.10510117411073806,1.9047261197964542,0.3212089247483818,1.8804118921492996,0.6833011522332747,0.24933441726312874,0.26645664973471017,0.2718341007349146,0.5987967769855521,0.05
2116,0.5708,False,0.0,0.18160000000000004,1.0,10.0,0.0,0.26141518639481853,0.0685200691907931,1.6928865776113944,0.041101744749834,1.5311,0.045306622032546186,0.09639579215876756,0.015074269257176547,1.4755289237095814e-242,0.0,0.05
2117,0.5421,False,0.0,0.1642,1.0,20.0,0.0,0.2316150786288614,0.09481027848509349,1.722337854966348,0.07001902147683225,1.5457999999999998,0.07129628321308204,0.09546629441331393,0.01680019412067772,2.308245427939903e-242,0.0,0.05
2118,0.516,False,0.0,0.2651,0.8069000000000001,10.0,0.0,0.3431151597435719,0.1114027329419003,2.0532904564427428,0.3846056578912251,2.3458193405668615,1.099416382118598,0.35995462529837,0.3394424802953249,0.49185817517817404,0.7028822796172427,0.05
2119,0.52515,False,0.0,0.252,0.8831,21.2,0.0,0.3033901836032449,0.15254545449582146,2.0513537038213285,0.47030109752132754,1.9945399500983227,0.8595462052564167,0.2961938956979925,0.3191918341982674,0.33276551752855543,0.6656542629150145,0.05
2120,0.5995,False,0.0,0.199,1.0,0.0,0.0,0.2813913111860356,0.014946696202157357,1.7529684414651012,0.06180732364564423,1.5656999999999999,0.04815610034045531,0.10203946267756274,0.001759825447490475,2.2825703168438676e-242,0.0,0.05
2121,0.5995,False,0.0,0.199,1.0,0.0,0.0,0.2860032714814011,0.01382146448972054,1.7106584195460055,0.05655693409894067,1.5417,0.04136193902611431,0.10223985329325871,0.0008285163597281559,1.847995503945679e-242,0.0,0.05
2122,0.52735,False,0.0,0.23010000000000003,0.8645999999999999,10.0,0.0,0.32315343319739975,0.06377278179201204,1.910085225611168,0.32432952535078846,2.0238885146929757,0.9052899383323666,0.24013461784290965,0.27455845896622527,0.24991027205272678,0.6018189301147683,0.05
2123,0.5441,False,0.0,0.16820000000000002,1.0,20.0,0.0,0.2456598877717297,0.10731387536966297,1.6973956773844634,0.0625530971805385,1.5581,0.0552439136919172,0.09594466556966477,0.024351532606393365,5.143005837618931e-237,0.0,0.05
2124,0.57115,False,0.0,0.18230000000000002,1.0,10.0,0.0,0.24552131616884054,0.0729486786004828,1.6963096705075233,0.04713877145987808,1.6073,0.06676533531706405,0.09673055270763474,0.01433025583857072,9.12172019765241e-243,0.0,0.05
2125,0.39195,False,0.0,0.27849999999999997,0.7454000000000001,60.0,0.0,0.3549368423767138,0.19453470872025821,2.134008827843034,0.4159253461416338,2.6711254136195928,1.5811837789071392,0.47194038285154755,0.3517172757289354,0.7637156600456005,0.9423791739722469,0.05
2126,0.5423,False,0.0,0.16460000000000002,1.0,20.0,0.0,0.23440906163979366,0.10513577957779915,1.70431204447022,0.0766884824694012,1.5985750000002865,0.08540418973930816,0.09286200769170677,0.021209637106952686,1.4256583286263546e-242,0.0,0.05
2127,0.5174,False,0.0,0.22750000000000004,0.8649000000000001,14.4,0.0,0.31817233416796326,0.06855775510675136,1.930723433206047,0.3656491127384688,1.9080270329664573,0.7754711041718059,0.24908365998669532,0.29403835509314885,0.31370717035014783,0.6281627435965352,0.05
2128,0.57085,False,0.0,0.18170000000000003,1.0,10.0,0.0,0.25290923214205185,0.07967484515972052,1.7042956368044024,0.052216018844193225,1.5722999999999998,0.06206778552518207,0.0965096492957739,0.015452667022553553,2.903336148979505e-242,0.0,0.05
2129,0.5995,False,0.0,0.199,1.0,0.0,0.0,0.27614187838961246,0.008239166192746006,1.7229094642443303,0.039743132620219584,1.5501999999999998,0.07289965706366527,0.10231641763111225,0.0014295468274826471,2.5877529218497786e-242,0.0,0.05
2130,0.5739500000000001,False,0.0,0.21700000000000003,0.9309000000000001,0.0,0.0,0.30036542389930326,0.02584351841955148,1.8338959644929225,0.18301607554225388,1.7969592945139055,0.7558393093435958,0.16187318770543807,0.16364473484204933,0.05460000000000035,0.14909875921683585,0.05
2131,0.47689999999999994,False,0.0,0.2435,0.8703,40.0,0.0,0.3142440608908025,0.10202527550613553,1.9273951107089515,0.3062013722254121,2.0093744449448336,0.9027649303896442,0.2839873177371076,0.2777342593149699,0.38468542373453457,0.7451316202903441,0.05
2132,0.4396,False,0.0,0.25179999999999997,0.7922,41.2,0.0,0.30466918351021177,0.10332891955479086,1.9894012127649485,0.33568196435179837,2.2142204116955533,1.0353309438336329,0.3438765626284089,0.30377629561354563,0.4896372430997108,0.7480140389495731,0.05
2133,0.5709,False,0.0,0.18180000000000002,1.0,10.0,0.0,0.27883663508385614,0.07863441234700401,1.6988751397566564,0.050566233776724576,1.5507000000000004,0.07080543764429519,0.09879303146166181,0.01596301086508596,1.7974950517676302e-242,0.0,0.05
2134,0.58555,False,0.0,0.2111,1.0,10.0,0.0,0.30870806825523794,0.03106636797128396,1.7658254136558704,0.08600078219148298,1.5733000055573085,0.06840036904658532,0.12432425269137126,0.05093599898021426,3.9868779245433403e-206,0.0,0.05
2135,0.57085,False,0.0,0.18170000000000003,1.0,10.0,0.0,0.2519654349412524,0.07651516150150812,1.724749900236262,0.05863584507304444,1.5172,0.02667508200549718,0.09759610576124586,0.015602990715131718,2.2219660691773005e-242,0.0,0.05
2136,0.46675000000000005,False,0.0,0.25429999999999997,0.7912,28.0,0.0,0.3472926050890296,0.07066327365017214,2.051141217001317,0.3665564076407565,2.540094790816189,1.5868985039911503,0.3369668890157269,0.3070346446380715,0.5963014211740558,0.9119192160612489,0.05
2137,0.5181999999999999,False,0.0,0.2549,0.8614999999999998,20.0,0.0,0.33629029454349063,0.06984914960098593,1.9742701778460767,0.3076048767926741,2.2141402679453086,1.329758369107097,0.27704115394298207,0.25556916669156904,0.43300169169446223,0.866013579605045,0.05
2138,0.4751,False,0.0,0.23149999999999998,0.7939,18.8,0.0,0.3214666065868024,0.1341823916742552,1.970638743653847,0.33307811727051406,2.4162203797237662,1.3373764919044304,0.3225471793192486,0.3140702555448705,0.5467836922186713,0.8364914881137938,0.05
2139,0.51005,False,0.0,0.24369999999999997,0.93,38.4,0.0,0.3275792295607597,0.1128893595108725,1.9194976350234643,0.2613648458760137,1.793251613115843,0.6751664612172545,0.22519666346019948,0.18807826423646298,0.209151612900087,0.627454838700261,0.05
2140,0.5989,False,0.0,0.201,1.0,0.8,0.0,0.2823465523267787,0.03494641204876927,1.7445997088485108,0.05709014559621035,1.557,0.07631382574606,0.10838309040974954,0.012899447653736063,4.7327071942489286e-237,0.0,0.05
2141,0.54235,False,0.0,0.1647,1.0,20.0,0.0,0.23782424237202554,0.10894909796647455,1.7253561940162008,0.08571557973431608,1.5425,0.0913764192776233,0.0920336093714715,0.020731376799945973,1.8094248387942536e-242,0.0,0.05
2142,0.4707,False,0.0,0.2798,0.7928,32.8,0.0,0.40235931480876924,0.07851591465848956,2.0809056700510964,0.3742586613730099,2.3355138427931075,1.1945768797700724,0.3679568971620585,0.29630097332646804,0.5949658539071396,0.9094287266103874,0.05
2143,0.56155,False,0.0,0.22299999999999995,0.9289,7.2,0.0,0.3154494874316349,0.026220239998920064,1.8226953565620634,0.1728258167524223,1.7314881266720548,0.5569544449235377,0.17745167320600616,0.18132863822535356,0.15400000018258359,0.46200000054775076,0.05
2144,0.5741499999999999,False,0.0,0.2283,1.0,20.0,0.0,0.282914673033681,0.0829622786400712,1.849784562678534,0.23103220153470722,1.5529000000000002,0.05265064102173877,0.16514815250928558,0.12242742482804653,1.2611079726468262e-178,0.0,0.05
2145,0.57085,False,0.0,0.18170000000000003,1.0,10.0,0.0,0.26967449168284174,0.08751779134600372,1.7071990593990716,0.04229328152774622,1.5586000000000002,0.06878400976971316,0.09873079830046201,0.016525347263362904,1.5188629531462419e-242,0.0,0.05
2146,0.5900000000000001,False,0.0,0.2523,0.9277000000000001,0.0,0.0,0.3437600131439097,0.07056015376789879,1.8809511457321366,0.21950757014239916,1.8301136723986855,0.8191066876395781,0.2409232599382697,0.21223467687693395,0.2125671452670786,0.6377014358012357,0.05
2147,0.5085000000000001,False,0.0,0.2973,0.7965000000000001,19.2,0.0,0.37100044372273594,0.10218978554621716,2.091286339957999,0.3715041886253966,2.345925853162419,1.2275398006325937,0.40529753119301726,0.29727627974094584,0.4758020765716776,0.7906195115556667,0.05
2148,0.5995,False,0.0,0.199,1.0,0.0,0.0,0.2847584014389805,0.012478220592893809,1.7486057496951097,0.04159796135517751,1.6032,0.07429374132455575,0.10226503335467811,0.0009536292997384525,2.369258823342028e-242,0.0,0.05
2149,0.5795,False,0.0,0.22959999999999997,0.9294,0.0,0.0,0.3168076215691682,0.05302514828817027,1.8616935024051622,0.2396134639376938,1.7853521080740467,0.7102340839855684,0.19790246702541509,0.210702373213285,0.16766330254359427,0.5029899076307829,0.05
2150,0.5714,False,0.0,0.18280000000000002,1.0,10.0,0.0,0.26326543276504843,0.06711085214353528,1.7019574341053716,0.05439215421522229,1.576500000003163,0.06251599795649598,0.0983753278662571,0.011634183518411225,1.725960731940383e-242,0.0,0.05
2151,0.5066999999999999,False,0.0,0.19970000000000004,0.9337,30.0,0.0,0.250668900021429,0.12080691838419984,1.8443679102586663,0.2729429269492999,1.7098362234764508,0.5580162186379936,0.1918357485180253,0.22818362714885784,0.16617083252895792,0.4985124975868738,0.05
2152,0.57175,False,0.0,0.18350000000000002,1.0,10.0,0.0,0.26126529091185213,0.08455546781070547,1.7146313198346488,0.06822342320438814,1.5734,0.1075994423777373,0.09997025627211767,0.01881491975185384,9.549813050928495e-240,0.0,0.05
2153,0.5873499999999999,False,0.0,0.21469999999999997,1.0,10.0,0.0,0.30559256821294756,0.12335845917940028,1.8035390677445438,0.17285287060388,1.5757000001075359,0.07349972800667494,0.1440605320528468,0.12076728343122313,3.3518445255066478e-167,0.0,0.05
2154,0.56985,False,0.0,0.21100000000000002,0.9286999999999999,0.0,0.0,0.29866759909083784,0.025621842727648513,1.7661610850788194,0.2028172224829699,1.7610592760279755,0.5906244482727321,0.1675988245982646,0.19202871946698813,0.16320963527119814,0.48962890581359436,0.05
2155,0.49034999999999995,False,0.0,0.3014,0.8793,50.0,0.0,0.38285822399703984,0.15456508559825397,2.0660410690822424,0.41484230091811675,1.9033581856312456,0.7447575557225495,0.3705699138930941,0.3247863837739382,0.32610465938759725,0.6532275045932034,0.05
2156,0.5257,False,0.0,0.25789999999999996,0.8734999999999999,20.0,0.0,0.36455386720461924,0.12929516192833074,1.9828996620581507,0.35615429179347324,1.9244757624106907,0.8286974632423422,0.31389940747075207,0.2758115283147264,0.26083131796624576,0.568657018257887,0.05
2157,0.55355,False,0.0,0.2766,0.8705,10.0,0.0,0.35030570583784004,0.0695049942079781,1.9989324487183655,0.28724249857433787,1.8176371282583914,0.5795473147595885,0.31799278741622794,0.2953692369513328,0.26250876082960417,0.573052219063665,0.05
2158,0.57125,False,0.0,0.227,0.9379,5.6,0.0,0.36197137949473923,0.13305099007854398,1.8359038862619268,0.2794461481601004,1.7369830875496608,0.605648037790225,0.19980453564582068,0.24833323393195075,0.16970411228842902,0.509112336865287,0.05
2159,0.53565,False,0.0,0.2618,0.8895,20.0,0.0,0.36815542348027847,0.17725177662862174,1.9832603315951125,0.3934729212011569,1.9682238952513686,0.8834633671864071,0.2915489482905204,0.3150691247159149,0.3432319201078484,0.6879447381504784,0.05
2160,0.60715,False,0.0,0.21430000000000002,1.0,0.0,0.0,0.31768918312388966,0.034836425259532566,1.7459689289695763,0.03790606241212715,1.5323999999999998,0.027568822970885032,0.1266339116020793,0.04644422814434322,1.50807490567147e-216,0.0,0.05
2161,0.5995,False,0.0,0.199,1.0,0.0,0.0,0.26084918669131657,0.007745937043839746,1.747041132695988,0.03855944359843413,1.5774000000000001,0.08313867932557027,0.10238664394376892,0.0013975065004679633,2.805040353605362e-242,0.0,0.05
2162,0.5529999999999999,False,0.0,0.21389999999999998,0.9320999999999999,10.0,0.0,0.3142145023078705,0.0362365924246636,1.790037851023771,0.22543124164574693,1.8144138800273688,0.7727278987821565,0.1671156539455874,0.18803438899108438,0.05,0.15000000000000002,0.05
2163,0.50105,False,0.0,0.24729999999999994,0.8780000000000001,30.8,0.0,0.35837352474116013,0.1848142048537348,1.9691720847088259,0.41039278403502977,2.0678626595734158,0.9507779769172524,0.2892736421747043,0.3078501974602049,0.101,0.20201237585851023,0.05
2164,0.5424,False,0.0,0.1648,1.0,20.0,0.0,0.21713285287769102,0.09603041605343239,1.6914701131746672,0.07351203758245849,1.5662,0.07224098559682035,0.09140604219440158,0.01971765792695944,8.931118756025929e-243,0.0,0.05
2165,0.58865,False,0.0,0.2173,1.0,10.0,0.0,0.3028343904561419,0.03244883289008151,1.7871725172752826,0.08534890921015385,1.6177000000001267,0.08408097287744275,0.12560717715161862,0.05373090533159521,1.594751169762234e-205,0.0,0.05
2166,0.5758,False,0.0,0.19160000000000002,1.0,10.0,0.0,0.28619137130201466,0.08260660711050564,1.740526298604743,0.060240920846874754,1.5917000000236567,0.06568264613271106,0.10579559095027198,0.02516896000991407,1.1002991892090085e-225,0.0,0.05
2167,0.5790500000000001,False,0.0,0.219,0.9391,0.0,0.0,0.32055698253934184,0.08866118521301383,1.8072113891871204,0.3085541019809561,1.7528682325389817,0.6916417970600357,0.18969513413845732,0.25563941714801697,0.1962682325389815,0.5888046976169445,0.05
2168,0.54235,False,0.0,0.1647,1.0,20.0,0.0,0.23710249325794247,0.09471706906948948,1.7081758224024306,0.06689337015490522,1.5525,0.06507418843135887,0.09261701263826098,0.020528487547028868,1.4841597804012253e-242,0.0,0.05
2169,0.47564999999999996,False,0.0,0.2637,0.7992,27.9,0.0,0.37009083688760985,0.07839254241789906,2.0721770465670817,0.47325642767813325,2.237410795404693,1.0429542317341103,0.3744049531539791,0.3735190451377477,0.4581487366153903,0.7885021622713911,0.05
2170,0.53775,False,0.0,0.24180000000000001,0.9440999999999999,27.6,0.0,0.32087198145282025,0.13921815164777457,1.9170263771490113,0.37348013637870114,1.7078112847233569,0.4575142985431401,0.23931709780032087,0.2637902156648645,0.08240000000011807,0.23801310888303612,0.05
2171,0.5310999999999999,False,0.0,0.196,0.9301999999999999,16.0,0.0,0.26743611238937864,0.08269936179873631,1.7988665992207817,0.30280630241588113,1.7230849576446494,0.5125015760342115,0.15449537836191593,0.17123531636311573,0.16545490150361447,0.49636470451084336,0.05
2172,0.4771,False,0.0,0.2846,0.7496,20.0,0.0,0.41380379865170547,0.10250254556217059,2.1139012948997893,0.4194782625426493,2.5659820785659377,1.4550581691080673,0.428288060817742,0.36342153621558165,0.5893458756500628,0.772172971924682,0.05
2173,0.4456,False,0.0,0.2945,0.6143,4.4,0.0,0.38436770998478315,0.1183646179014284,2.2441284496517575,0.4090218834942495,2.7711225314950605,1.1052059556968985,0.5134783960598176,0.3401753459303263,0.931304479603131,0.8271825055682324,0.05
2174,0.56295,False,0.0,0.20590000000000003,1.0,20.0,0.0,0.31799686542804884,0.11772442634322035,1.752438734904964,0.11390708005381897,1.5527,0.04571225218691372,0.13427037608707257,0.07406625487085873,3.0184452194148747e-186,0.0,0.05
2175,0.4930999999999999,False,0.0,0.24289999999999998,0.8633,30.0,0.0,0.31326490518319217,0.10238006666296241,1.9489700824563099,0.32241103902536816,1.9461346617531958,0.7597125077878849,0.2783232960069399,0.25943854897304297,0.3464542670375508,0.6932325385477618,0.05
2176,0.4515,False,0.0,0.25070000000000003,0.8675,53.8,0.0,0.3085291609989632,0.1575482060727295,2.038351038317197,0.44259452663200644,2.0852911083057535,1.1387608365870725,0.32457781373840583,0.2892049574294486,0.3862667109641578,0.7731290766403971,0.05
2177,0.5709,False,0.0,0.18180000000000002,1.0,10.0,0.0,0.26321362208351085,0.08014725997839058,1.710717993042881,0.051173771674820366,1.5376999999999998,0.03461228105745124,0.09769664575134435,0.015390780768632756,1.120370164072218e-242,0.0,0.05
2178,0.49905000000000005,False,0.0,0.2166,0.8615,20.0,0.0,0.28425298906604535,0.08459052519093842,1.8679107909995523,0.316636653210352,1.9983632407725846,0.8454373635395802,0.2431707905397879,0.2754668761054659,0.3738859386715436,0.7478463729211144,0.05
2179,0.57075,False,0.0,0.18150000000000002,1.0,10.0,0.0,0.2589737503021183,0.08283101845957644,1.7436446743041962,0.06444029939304613,1.5595,0.04378641341786288,0.0980274893921435,0.016771040527378944,2.209789059555375e-242,0.0,0.05
2180,0.5424,False,0.0,0.1648,1.0,20.0,0.0,0.23791977372612613,0.10145534295398627,1.7038770088927595,0.05795884534561203,1.5534000000000001,0.06215496762126101,0.09311886068264459,0.020611348708720494,1.944960749970696e-242,0.0,0.05
2181,0.4838,False,0.0,0.329,0.6786,10.0,0.0,0.41313601506274555,0.07880033436839678,2.2159218957523885,0.3549467819955177,2.503453790048425,1.0049538407364953,0.5490646357085044,0.34251628133186574,0.7243108815413686,0.7627426494492066,0.05
2182,0.48515,False,0.0,0.2681,0.7998000000000001,24.4,0.0,0.375419954836821,0.11364362309363321,1.982883754710858,0.3569772127323186,2.361063859451565,1.3012717180603433,0.34626324379382045,0.31636269112250054,0.3735648632065504,0.6295302188663741,0.05
2183,0.57095,False,0.0,0.1819,1.0,10.0,0.0,0.25298506234052487,0.07610313652154625,1.7162676107253838,0.061146057707642934,1.5639,0.08377046018734773,0.09836718352335748,0.015418400652386423,2.7168395166385753e-242,0.0,0.05
2184,0.55315,False,0.0,0.21630000000000002,0.93,10.0,0.0,0.29598764989377596,0.11399530435295946,1.917127541042613,0.3564246641272485,1.9363962401003412,0.8730426250494574,0.21487843849492277,0.2615687076741709,0.28096281429167436,0.6142302345510855,0.05
2185,0.57105,False,0.0,0.1821,1.0,10.0,0.0,0.24792924074287073,0.07309512085349995,1.7169388543048925,0.0743485190639047,1.5366,0.06620755243927995,0.09772462187375532,0.014442287244780803,2.8822884127944758e-242,0.0,0.05
2186,0.571,False,0.0,0.18200000000000002,1.0,10.0,0.0,0.25901256179762006,0.0788269877703098,1.7177307481893578,0.055223628427159235,1.6011555555555568,0.1390799769916608,0.10042656842332878,0.018233165582059965,0.03490000000000078,0.10470000000000233,0.05
2187,0.5277,False,0.0,0.19360000000000002,0.9305999999999999,17.2,0.0,0.27645740962570753,0.09548918845016122,1.795416625688982,0.23228808808188287,1.9396698178564602,1.1480699750757306,0.16160002327608936,0.19449018238595847,0.1990593320214345,0.5971779960643036,0.05
2188,0.5995,False,0.0,0.199,1.0,0.0,0.0,0.27845221724524755,0.010553210512359261,1.7431166689210076,0.050865649851540316,1.5256,0.03989034971017427,0.10208229019284898,0.001835965375601738,2.212126269405391e-242,0.0,0.05
2189,0.5213,False,0.0,0.19060000000000002,0.932,20.0,0.0,0.2543552457020595,0.1148234864751396,1.790213338213735,0.2331443054401908,1.6861504431657732,0.45545856070497115,0.16924810563071632,0.20970382921254083,0.14986554927938397,0.449596647838152,0.05
2190,0.4604500000000001,False,0.0,0.23200000000000004,0.8089000000000001,30.0,0.0,0.29201386240353233,0.15651864088261366,1.9857994979179625,0.40862986235193766,2.4084840415609596,1.3411309780564278,0.3447891049203976,0.3587494323649781,0.5301126045987653,0.8105982244010792,0.05
2191,0.57075,False,0.0,0.18150000000000002,1.0,10.0,0.0,0.26824017238807657,0.07222195009796871,1.7043835857344447,0.046998719390382644,1.564100000002258,0.05526563127635832,0.0979013258305955,0.01717645621782559,1.6648498121019916e-242,0.0,0.05
2192,0.45120000000000005,False,0.0,0.22739999999999996,0.875,50.0,0.0,0.3189419080688105,0.19340111128989523,1.9411207507072934,0.42217553723315326,1.9799617408468244,0.9406483187624409,0.2667048101508825,0.2977674466422029,0.3703817126287381,0.7508029242943491,0.05
2193,0.5459499999999999,False,0.0,0.2408,0.9311,20.0,0.0,0.31804727560014767,0.04619781302821463,1.874838242211413,0.19406542641982627,1.7960294117398892,0.7143484536672553,0.21750334967895352,0.22909981444347854,0.16101322364291343,0.4830396709287403,0.05
2194,0.5995,False,0.0,0.199,1.0,0.0,0.0,0.2903525794951827,0.017598683686390885,1.7486393884330957,0.04712775109362847,1.6644000094144882,0.24813149544584967,0.11414592862107724,0.03108868249421552,0.061100000000001,0.18330000000000296,0.05
2195,0.5708,False,0.0,0.18160000000000004,1.0,10.0,0.0,0.2419026672361963,0.07654660096320379,1.6895733216269626,0.04560469455039468,1.5376,0.05551432247627635,0.09764582688381218,0.015989878733630968,1.569851008826157e-242,0.0,0.05
2196,0.5995,False,0.0,0.199,1.0,0.0,0.0,0.2937807124999106,0.027653217565606562,1.7324967902921706,0.047843936568160335,1.5392,0.07137478546377564,0.10658216486028593,0.010850251814180895,1.0973236280977821e-242,0.0,0.05
2197,0.5995,False,0.0,0.199,1.0,0.0,0.0,0.2739210205273862,0.020625927487262403,1.7402949164181614,0.047966890110876105,1.572100000000056,0.06910636728995029,0.10309402298369907,0.0014658384832699693,1.7758813568992367e-242,0.0,0.05
2198,0.5522999999999999,False,0.0,0.21620000000000003,0.9283999999999999,10.0,0.0,0.29412084266179817,0.08045783713816432,1.853211587500999,0.20656268747905476,1.8096500039790413,0.8126213890101207,0.19481180583424038,0.20287636917699284,0.20251667064570794,0.6075500119371239,0.05
2199,0.5581,False,0.0,0.2723,0.8839,10.0,0.0,0.3602782151045871,0.11552377959452981,2.0172994967377873,0.46629228690502544,2.03170812794755,0.9758505440655615,0.31616613385381737,0.3472912992946332,0.41683621836337015,0.835559847596573,0.05
2200,0.5151999999999999,False,0.0,0.23889999999999997,0.8714999999999999,20.0,0.0,0.359040565613426,0.09347770333018363,1.9418913118055223,0.4173444366505243,2.4082198961553005,1.6970603793584647,0.2695214397066785,0.314591630619627,0.39922419103524664,0.7984502664756656,0.05
2201,0.42239999999999994,False,0.0,0.3063,0.6904999999999999,38.0,0.0,0.35966391500993,0.13772709250472642,2.227803735380708,0.48250880698349746,2.948461580402811,1.5715731168605607,0.4994378004999004,0.38059120167573457,0.9390360199531618,0.9498931242398314,0.05
2202,0.5414000000000001,False,0.0,0.2773,0.8743000000000001,17.2,0.0,0.3430568732503653,0.0821421895863478,2.017491606487357,0.42379281144070824,1.9883746134600169,0.9480309471927726,0.3029908730023871,0.2891386901966687,0.2995170639027845,0.6535084405766859,0.05
2203,0.5608,False,0.0,0.265,0.9366,20.0,0.0,0.34508994341307375,0.0675302026842398,1.918600758718198,0.2894391970606334,1.7659462001189397,0.6873915700238669,0.2503611966976471,0.23749110276637633,0.05,0.15000000000000002,0.05
2204,0.54205,False,0.0,0.21050000000000005,1.0,31.6,0.0,0.3190269857167344,0.10076439854617704,1.777764524649599,0.09283813475883229,1.5483999999999998,0.05619110249852729,0.14156658472833067,0.0645153118801508,1.1881910319080864e-213,0.0,0.05
2205,0.50175,False,0.0,0.217,0.9404999999999999,38.5,0.0,0.3085196637769691,0.15146911304323513,1.8760619060978108,0.32495776275310584,1.7237751370585923,0.6108115562534521,0.21969852267861825,0.2537855573899121,0.16631484893122292,0.4989445467936688,0.05
2206,0.5210499999999999,False,0.0,0.26409999999999995,0.858,20.0,0.0,0.35565472613648663,0.05977767055906772,1.929788445245184,0.2033856770679337,2.043476874234724,0.9413062951803783,0.2967592692102241,0.26312928520685835,0.31970002487436244,0.6401550360351311,0.05
2207,0.53705,False,0.0,0.2051,0.9282,14.8,0.0,0.2822643548553107,0.09563878042264005,1.7851799020627996,0.1765268569453989,1.8009123406570122,0.7057383882757777,0.1825043251426559,0.2044037038205772,0.15060000145623875,0.45180000436871626,0.05
2208,0.57075,False,0.0,0.18150000000000002,1.0,10.0,0.0,0.25622024242849295,0.0709276667537487,1.6949094136210827,0.04788638668532545,1.5393999999999999,0.05473609412444407,0.0968584742720283,0.01672753146209381,1.2167304320770794e-242,0.0,0.05
2209,0.4285,False,0.0,0.2892,0.739,42.8,0.0,0.3612879920032367,0.09037540460592185,2.1651430876260256,0.456387749117748,2.478162107808437,1.2356017053953463,0.4159362510573189,0.33511013680023993,0.7016311436293909,0.8767310210794805,0.05
2210,0.5258499999999999,False,0.0,0.24899999999999997,0.8587,14.0,0.0,0.3442300868554827,0.05117713706815437,1.9183026404556105,0.2784978852128881,1.9899118331452612,0.9606704599099402,0.26171842468448436,0.24591480049076128,0.3774426934466793,0.7639762504128461,0.05
2211,0.45239999999999997,False,0.0,0.22199999999999998,0.7948000000000001,28.0,0.0,0.2790651449494456,0.13842347388026024,2.0153826893191544,0.4348657655357663,2.1895151454662964,1.0004074043731892,0.314999017560849,0.3298049573750334,0.560800171903882,0.8577734979380341,0.05
2212,0.5995,False,0.0,0.199,1.0,0.0,0.0,0.27996260099583425,0.012554561836113773,1.7305639134271733,0.04897193657591409,1.5797999999999999,0.07586804333841751,0.10280037003801434,0.001391996830695417,2.0123986449082427e-242,0.0,0.05
2213,0.5995,False,0.0,0.199,1.0,0.0,0.0,0.2940200236735847,0.014647199566060315,1.7218542824892336,0.04280071757356755,1.5258000000000003,0.04601260696809188,0.10258567829922441,0.001547366467781153,1.3452634634995529e-242,0.0,0.05
2214,0.5995,False,0.0,0.199,1.0,0.0,0.0,0.28448957741315917,0.013924486269799748,1.7010488685508538,0.04765116904439369,1.5652223468356663,0.06468231978221438,0.10238304883755481,0.0012163451896069254,2.2590294705294085e-242,0.0,0.05
2215,0.4947500000000001,False,0.0,0.20929999999999999,0.8602000000000001,20.0,0.0,0.2692548986378026,0.08779079577624317,1.9084278177624179,0.3296818662207045,1.9881576564098187,0.8815162055910597,0.21782687014422622,0.23714743883304656,0.21765608413973014,0.5086368591909569,0.05
2216,0.5773,False,0.0,0.19460000000000002,1.0,10.0,0.0,0.2822117930393107,0.10454721662067233,1.749331348723794,0.08464905016116943,1.5497,0.07492269349135817,0.11802350051012804,0.06016318659840865,1.2432102837644396e-204,0.0,0.05
2217,0.57235,False,0.0,0.21400000000000002,0.9307000000000001,0.0,0.0,0.2959413839087494,0.024640667444454114,1.7989365861540314,0.20875399607490813,1.8394838818139896,0.8381144045788606,0.17839277982975177,0.2171988548584043,0.18855927108918497,0.5656778132675548,0.05
2218,0.39914999999999995,False,0.0,0.2655,0.584,12.8,0.0,0.31058826297682474,0.08970832863066325,2.2648238069023257,0.44074065036022536,2.870534628671005,1.059155477097317,0.4833245671239629,0.32966188475547725,0.7671623242625139,0.7584930350995559,0.05
2219,0.5716,False,0.0,0.21300000000000002,0.9301999999999999,0.0,0.0,0.3028816172954475,0.0263696142033544,1.7986227820812548,0.18110092098705388,1.818125810610238,0.8993162189374596,0.17780614647047427,0.21076110385737404,0.17191464060531442,0.5157439218159432,0.05
2220,0.5105500000000001,False,0.0,0.2378,0.8568999999999999,18.4,0.0,0.30113519762319607,0.09267961682529413,1.879810523316238,0.23722357030590344,2.0575642987155716,1.021198366501033,0.2721829431749366,0.2653178875625461,0.377283091043454,0.757418119107432,0.05
2221,0.5145500000000001,False,0.0,0.14909999999999998,1.0,30.0,0.0,0.20231587168680107,0.11785499515871574,1.6713926097669751,0.05970820448841724,1.5331000000000001,0.0543165720567858,0.09077313968349912,0.024928707125083355,3.3939245404199733e-237,0.0,0.05
2222,0.5995,False,0.0,0.199,1.0,0.0,0.0,0.284967790169712,0.01446043230105471,1.7298871886320442,0.06237796600169585,1.5899284722222222,0.07828773631366572,0.10449528092506333,0.003080118043645464,1.6788525756281668e-242,0.0,0.05
2223,0.5184500000000001,False,0.0,0.2548,0.8621000000000001,20.0,0.0,0.3321453490465719,0.0538550538232496,1.9797180179889213,0.3361302342724204,2.2683046148605905,1.4406542279407835,0.2837584242967027,0.2724828663138736,0.37110142483981046,0.742723791055914,0.05
2224,0.51845,False,0.0,0.2724,0.8765000000000001,28.0,0.0,0.3651148887637642,0.081688567059848,2.0395856015541187,0.3351261789319636,1.915601176129287,0.790243939580749,0.3376589663079164,0.30524392915447585,0.327644096002189,0.656293982627995,0.05
2225,0.5995,False,0.0,0.199,1.0,0.0,0.0,0.2960829479637484,0.014193467938350142,1.730322419471984,0.039165122262895966,1.5529,0.0842204844441066,0.1046834119418871,0.003708769124397956,1.2960619662844066e-242,0.0,0.05
2226,0.5475,False,0.0,0.17500000000000002,1.0,20.0,0.0,0.2559426897299666,0.12096058941956772,1.716916023209544,0.08793521943343534,1.5280999999999998,0.030611925780649557,0.11096614651087663,0.0569146030967943,2.702462072527282e-216,0.0,0.05
2227,0.5207000000000002,False,0.0,0.233,0.9284000000000001,30.0,0.0,0.31705467510030994,0.18070993202313443,1.893459230256774,0.33820208360285625,1.934035424158256,1.2005064203215587,0.24370301180342535,0.26128588678768133,0.2006608942038412,0.6019826826115237,0.05
2228,0.57075,False,0.0,0.18150000000000002,1.0,10.0,0.0,0.24642587499410734,0.06862526680693702,1.7295082492811296,0.05418093364752554,1.5811,0.08184063782742654,0.09641466763414054,0.01617192834343492,1.0154104997079103e-242,0.0,0.05
2229,0.5689,False,0.0,0.2474,0.9304,10.0,0.0,0.33334641111599844,0.03355235896796011,1.9011344769594243,0.24568732396834525,1.7260508469134084,0.5453338282248665,0.20455842106415606,0.16484477919357182,0.16606822361780957,0.49820467085342873,0.05
2230,0.5621999999999999,False,0.0,0.20439999999999997,1.0,20.0,0.0,0.2882889048531366,0.08684243796433921,1.7799182059801388,0.115547056656094,1.5417527777777777,0.04480370845886159,0.12852282244544933,0.06612882989663989,1.0206407486335503e-203,0.0,0.05
2231,0.54315,False,0.0,0.1663,1.0,20.0,0.0,0.23696936494561785,0.09253934822611054,1.707622310007661,0.05835836075432901,1.585200000000005,0.06972058519548567,0.09379463658609595,0.017565528941159994,2.0912453244223375e-242,0.0,0.05
2232,0.4729999999999999,False,0.0,0.24330000000000002,0.8626999999999999,40.0,0.0,0.3160618506301095,0.1063556785243977,1.931780725359037,0.3243518145081888,1.9851437708256667,0.844648342584528,0.27935013143428,0.2716803864053661,0.31533037287753685,0.6312435983339802,0.05
2233,0.5521999999999999,False,0.0,0.23889999999999997,0.9295,16.0,0.0,0.30921146253216764,0.03327576447262372,1.8409928856826934,0.20609568810617065,1.7471234965383124,0.6365927875138987,0.20174477931743726,0.19105028020238993,0.1817515869540453,0.5452547608621359,0.05
2234,0.5650499999999999,False,0.0,0.2101,1.0,20.0,0.0,0.28788318714318495,0.11291626223001551,1.7801844880682345,0.13069081117688203,1.5524999999999998,0.06048842864548553,0.14415821688524266,0.09750757460054342,3.220564692487266e-195,0.0,0.05
2235,0.45625,False,0.0,0.24609999999999999,0.7288,15.6,0.0,0.33363926968904467,0.14036925256624194,2.033045091924521,0.3887946552458874,2.64615968675949,1.4131053339069928,0.3917861487205988,0.3574612626350074,0.6576625296919394,0.8216844170615111,0.05
2236,0.56285,False,0.0,0.2057,1.0,20.0,0.0,0.29068653664909494,0.08913832452193621,1.7482132970433373,0.10387151642534509,1.5606,0.07347679905929493,0.13654347071811884,0.07802485844456335,2.6128403215084713e-201,0.0,0.05
2237,0.51095,False,0.0,0.23019999999999996,0.7917,0.0,0.0,0.31003838598376365,0.05248131185296131,1.9445162285253275,0.33979810160342677,2.2816571714641016,1.2276141096044475,0.30930686944097213,0.3126316930924554,0.42181854449008893,0.6858497688491653,0.05
2238,0.56735,False,0.0,0.24609999999999999,0.9286,10.0,0.0,0.3445423686734429,0.053647529082950514,1.8516691325354728,0.1871616121181608,1.8491670456354654,0.9781097446878326,0.2236642872102627,0.2100912271451812,0.21333371230213202,0.6400011369063962,0.05
2239,0.5412999999999999,False,0.0,0.1942,0.9283999999999999,10.0,0.0,0.2783588155092416,0.08408896999741268,1.7630094466007467,0.234121500054163,1.8350006283903433,0.8293986461925867,0.17110894060773213,0.21836811999656117,0.16160516550343368,0.48481549651030115,0.05
2240,0.5422,False,0.0,0.16440000000000002,1.0,20.0,0.0,0.231341304525403,0.08417888970069858,1.7100424502438631,0.06447556606690047,1.526,0.04472806725088844,0.09236809518761867,0.021135799627550387,2.3289897389925132e-242,0.0,0.05
2241,0.57075,False,0.0,0.18150000000000002,1.0,10.0,0.0,0.26177355886193027,0.07194772577395159,1.692595864673304,0.047644627251312334,1.5583,0.06225600372654829,0.097487926613791,0.01660301776310169,2.3336521961155274e-242,0.0,0.05
2242,0.5653,False,0.0,0.2673,0.9385,18.8,0.0,0.367214511329799,0.0841478818445896,1.9864647736840766,0.37712863448918604,1.779606720039864,0.6453999763586391,0.24303218311009625,0.22066332331039187,0.21427925490012859,0.6408402614272808,0.05
2243,0.55035,False,0.0,0.24359999999999998,0.8571,0.0,0.0,0.31729850329644343,0.0415423018737371,1.8914594560198676,0.2390492667377288,2.0809565422629617,1.1248617864978208,0.26299419378101685,0.26226280405663543,0.32842110629194715,0.6569530753654924,0.05
2244,0.5099,False,0.0,0.18430000000000002,0.9362999999999999,25.2,0.0,0.22795940172646922,0.10437451622032692,1.8048339625206513,0.2920746329654318,1.8193727724040536,0.7363381714087122,0.17063994526382975,0.24030403925269186,0.16246239349831545,0.48738718049494634,0.05
2245,0.39864999999999995,False,0.0,0.25,0.7473,50.0,0.0,0.2948406178391811,0.1964139048340513,2.130859446782023,0.5318520311347378,2.385381457756438,1.0520332470231213,0.41794367742846,0.39163270053121063,0.6715869289818823,0.8288066048791529,0.05
2246,0.5134000000000001,False,0.0,0.14679999999999999,1.0,30.0,0.0,0.21443466823868293,0.10848755480641162,1.7124050657590744,0.08504770778927047,1.5730000081772624,0.07850223343435425,0.09012433621246221,0.027895282258785545,1.1675057989967856e-242,0.0,0.05
2247,0.49485000000000007,False,0.0,0.24539999999999998,0.8643000000000001,30.0,0.0,0.30986546017340194,0.10506339724174041,1.9889882260066958,0.3946747663810776,2.0252957995985548,0.9365878135080298,0.29392472325319374,0.28916576083810097,0.35390094204960587,0.7152685661805271,0.05
2248,0.5246000000000001,False,0.0,0.2933,0.8615,26.4,0.0,0.39741754475350966,0.09910580662367412,1.9750468068363598,0.20083410720387102,1.888977378988922,0.695284788686241,0.33592249986080636,0.24459596582924303,0.31721717516438713,0.6350598403119708,0.05
2249,0.5432,False,0.0,0.1983,0.9281,10.0,0.0,0.28173921099815935,0.0787738315354051,1.749993292827559,0.17539185825878092,1.7686153022180346,0.6532917905530164,0.16726658044121762,0.1984495359940567,0.15020062667412487,0.4506018800223745,0.05
2250,0.4807,False,0.0,0.23869999999999997,0.8603,34.4,0.0,0.32039673966235815,0.10561394243879282,1.895809111293051,0.2625113491077339,2.2617566719121256,1.3418807440553329,0.2861121812196286,0.27071026383480995,0.3374630146686609,0.7379613990577552,0.05
2251,0.6066,False,0.0,0.2132,1.0,0.0,0.0,0.27859359434433395,0.017633922739354664,1.788940972056847,0.11563035173534576,1.5358000000081258,0.048850383843869756,0.12253006721142931,0.05850491433138392,4.5699445288018404e-201,0.0,0.05
2252,0.5311,False,0.0,0.233,0.8638,8.65,0.0,0.3312201344000623,0.06793800100573127,1.8971928644875171,0.33473019500818857,2.123847459382565,1.1324245774238693,0.2623524683284403,0.31146630884963,0.3271862490031892,0.654858900000925,0.05
2253,0.5995,False,0.0,0.199,1.0,0.0,0.0,0.2985918029386634,0.014333519313702666,1.7360810354585883,0.0422472194231143,1.5930000000000002,0.06688796603276263,0.10458371965476591,0.006818194740790542,1.2030561445802553e-242,0.0,0.05
2254,0.49895000000000006,False,0.0,0.25880000000000003,0.8591000000000001,30.0,0.0,0.3220399551476917,0.14438110839556578,1.974561803936354,0.27510802681701674,2.090929551203343,1.1904196829230798,0.2980902394260302,0.26362883311513763,0.3573297935902885,0.7208352020581181,0.05
2255,0.5105,False,0.0,0.2667,0.8743000000000001,30.0,0.0,0.33110084034206,0.1156277372104387,2.04212832617666,0.37730075251602285,2.2168639124993588,1.4145345872306982,0.33043865794382976,0.318510777982123,0.3846200933307137,0.7700085494910631,0.05
2256,0.5419,False,0.0,0.225,0.8588000000000001,0.0,0.0,0.288543560363238,0.033644599095979284,1.8696953010203998,0.24656468152398706,1.9752224252469932,0.9254761658417172,0.22195696978349125,0.24183082487401378,0.20940000822655042,0.4850105800711608,0.05
2257,0.59275,False,0.0,0.22549999999999998,1.0,10.0,0.0,0.3121057910899413,0.059124844044795885,1.809461683792907,0.12203073175511238,1.5452,0.0550650524380028,0.14055384020507317,0.08493597752459181,7.354491696486898e-187,0.0,0.05
2258,0.5595,False,0.0,0.21300000000000002,0.93,6.0,0.0,0.2979940803186404,0.035408456162171,1.8091493931447271,0.17026375706242214,1.739108584791989,0.6332118600019557,0.16863571906592287,0.18610974052208445,0.1842752514586557,0.5528257543759671,0.05
2259,0.5841,False,0.0,0.2082,1.0,10.0,0.0,0.30391238646548996,0.032543421137980026,1.7819376039698724,0.043714288631526314,1.581722225952149,0.06610433516939333,0.1182057120324693,0.03268655216438077,0.004000000000000341,0.012000000000001022,0.05
2260,0.5608,False,0.0,0.1819,0.9797,10.0,0.0,0.26395801000105207,0.06412498758609125,1.7535756518895043,0.05560173517208994,1.6671111111111123,0.3336739592942691,0.11994593336573996,0.048598177781935925,0.07980000000000084,0.23940000000000253,0.05
2261,0.55065,False,0.0,0.22069999999999998,0.9526,18.0,0.0,0.31252748632054456,0.13440213603385143,1.8478505388168507,0.36140690297936345,1.6253805555555771,0.34880622296713854,0.20228694310860923,0.25555067281354293,0.0799000000000001,0.23970000000000027,0.05
2262,0.5716,False,0.0,0.1832,1.0,10.0,0.0,0.2829802593692224,0.07576157466217964,1.7263228583018773,0.05170059159393526,1.5648,0.06791730265550894,0.10516892594349284,0.017948016506805935,2.449703459427225e-242,0.0,0.05
2263,0.57095,False,0.0,0.1819,1.0,10.0,0.0,0.2757604753757198,0.07271909124622813,1.7168547106491914,0.05692734138848503,1.5425999999999997,0.06450147285140083,0.09755668335929468,0.015394137227311038,1.8987634928792275e-242,0.0,0.05
2264,0.5341,False,0.0,0.2158,0.9356,20.8,0.0,0.2965132135861636,0.10371029800456129,1.8204934317910482,0.28130876467616395,1.7525923544437212,0.5940101789404423,0.1924515653544262,0.2128866605123427,0.16770027488574035,0.5031008246572211,0.05
2265,0.57075,False,0.0,0.18150000000000002,1.0,10.0,0.0,0.23933703254804253,0.07221577107114507,1.7174568235696994,0.06789585062253048,1.5547,0.0691650923515613,0.09665229959697735,0.01620464445445205,2.4376872773701584e-242,0.0,0.05
2266,0.45635,False,0.0,0.20070000000000002,0.8719999999999999,40.0,0.0,0.24066370932141395,0.13631747939013125,1.898492948306346,0.4011938950938754,2.195809656591649,1.3663623443759931,0.26863990242586483,0.3264762578953581,0.3372829170581736,0.675300369938043,0.05
2267,0.5137,False,0.0,0.14740000000000003,1.0,30.0,0.0,0.2266203760099444,0.11999832094124811,1.714722432826018,0.08888568354663556,1.5395999999999999,0.06742877723939537,0.09194037965609676,0.028274505335025665,2.105963216677991e-242,0.0,0.05
2268,0.53765,False,0.0,0.22319999999999998,0.9320999999999999,20.0,0.0,0.30894884594382865,0.09508390935832661,1.8982340688992312,0.2512560925624583,1.7438951415443504,0.4829616397531336,0.20158541029064092,0.20702346081747697,0.16078699860908985,0.48236099582726955,0.05
2269,0.5307,False,0.0,0.16440000000000002,0.977,20.0,0.0,0.23641123047808552,0.09923947672282607,1.7260733129920312,0.12508519285863523,1.6599111111111124,0.3359980224809568,0.11704553555500974,0.07808010922212658,0.07980000000000084,0.23940000000000253,0.05
2270,0.5710999999999999,False,0.0,0.2222,1.0,20.0,0.0,0.3168197315022471,0.1131059454305656,1.7882380014259063,0.12529215162310678,1.5393,0.04758791863488043,0.1546100604248349,0.08442699509516825,3.3025837813682545e-201,0.0,0.05
2271,0.49859999999999993,False,0.0,0.2617,0.8074999999999999,18.0,0.0,0.36335257820522926,0.13890529849967925,2.029443172805227,0.4308063221976393,2.1823713134642158,0.8860606894099047,0.363841447516588,0.3479647750322146,0.5111697431490307,0.781829527638694,0.05
2272,0.4595000000000001,False,0.0,0.2378,0.8012,30.0,0.0,0.30203252696898836,0.1126012312177891,2.013751078784696,0.38430170604973585,1.9924435170419954,0.7603360712318928,0.35886072727101337,0.3628408083876598,0.34669975672023884,0.5597828493985713,0.05
2273,0.5422,False,0.0,0.16440000000000002,1.0,20.0,0.0,0.22315654751429065,0.10190401256145847,1.7021752630365046,0.06672941059993494,1.545,0.06781887642832195,0.0924988023701261,0.021185671473021233,1.9662728108382648e-242,0.0,0.05
2274,0.47905,False,0.0,0.27959999999999996,0.8193000000000001,35.2,0.0,0.33069616274558516,0.12218295860473234,2.111208527841412,0.5341475628575452,2.2833679547760295,1.0964578373798028,0.3764406007888123,0.3620403222709052,0.5553303747221203,0.8505214141187877,0.05
2275,0.57185,False,0.0,0.18370000000000003,1.0,10.0,0.0,0.26755616988908626,0.0749870156871606,1.7234233493688318,0.055872611091259135,1.6091000000000002,0.06878001163128726,0.09856473775959976,0.01653704288124939,1.9793229692789655e-237,0.0,0.05
2276,0.5995,False,0.0,0.199,1.0,0.0,0.0,0.293741688871043,0.02152044846581354,1.734496221376365,0.07051223638177978,1.5966999999999998,0.11175692372287283,0.11930043382147895,0.04508322226975531,3.061555410007295e-242,0.0,0.05
2277,0.5467,False,0.0,0.17340000000000003,1.0,20.0,0.0,0.25491732482143037,0.10188324368053377,1.7136737938207933,0.0673226243257428,1.5279,0.02820088651088825,0.10228217179890435,0.026316706370452476,5.1618637531593585e-225,0.0,0.05
2278,0.4871999999999999,False,0.0,0.2557,0.8786999999999999,40.0,0.0,0.33473650139951927,0.17263704989239792,2.011912376514956,0.4255494271163371,2.0326509976588363,0.9597376147744462,0.3238192763261181,0.333306936556314,0.3506031670746509,0.7027207135992068,0.05
2279,0.50145,False,0.0,0.1942,0.9286999999999999,30.0,0.0,0.2556527756442998,0.11436543490157716,1.818166490568928,0.23342812396361645,1.7398397009316409,0.6061790371217418,0.17652843284082065,0.1912135381574445,0.15300258953745727,0.45900776861237186,0.05
2280,0.5995,False,0.0,0.199,1.0,0.0,0.0,0.28812787627304487,0.020098122981902136,1.702303896410164,0.03910645411107565,1.5551666695064974,0.05391582948918219,0.10324904768420577,0.0016517617940166958,0.004100000000000335,0.012300000000001006,0.05
2281,0.5748500000000001,False,0.0,0.2509,0.9582,14.85,0.0,0.3656925826502536,0.10678509283480643,1.9150198258529758,0.41673893038948195,1.8935075917312325,0.9373740426788172,0.2213193074300368,0.2789406215336126,0.21480759173123234,0.644422775193697,0.05
2282,0.5843,False,0.0,0.23819999999999997,0.9304,0.0,0.0,0.3207865759752652,0.052490506560376404,1.8742331487772048,0.2847240772121943,1.769831483025299,0.7835152128495607,0.19504096139173682,0.1848632254464448,0.19313639830008328,0.5794091949002499,0.05
2283,0.5243499999999999,False,0.0,0.29769999999999996,0.8709999999999999,30.0,0.0,0.3513406045472949,0.07448114487351788,2.0549888010144945,0.3360929713435647,1.9579820421581147,0.8333970008367848,0.3527919079444991,0.2915243731849399,0.3265834240808962,0.653168324867606,0.05
2284,0.5995,False,0.0,0.199,1.0,0.0,0.0,0.2983128206094742,0.017798112896735444,1.7243469761384334,0.042250862816766606,1.6180000000000152,0.12992998114370122,0.1041514711511344,0.002996092045856198,2.2876556201913024e-242,0.0,0.05
2285,0.5422,False,0.0,0.2044,1.0,30.0,0.0,0.2759068051294272,0.09394177649797608,1.7630338948995266,0.08659264789486872,1.5354689292066628,0.0405592818789903,0.13248447133058222,0.07132718973082966,3.2660504052207314e-202,0.0,0.05
2286,0.57075,False,0.0,0.18150000000000002,1.0,10.0,0.0,0.25375466317111744,0.08091598357946649,1.7149307496616437,0.05473102985038756,1.5824000000000003,0.08131445136013656,0.09762353751881672,0.016627931326376848,1.8109164828536651e-242,0.0,0.05
2287,0.5181500000000001,False,0.0,0.2556,0.8655000000000002,21.2,0.0,0.3159032690199649,0.11285080783609439,1.9896705894266797,0.3779111097749768,2.071988736382994,0.9799240214000146,0.2882809195098008,0.26783494388093976,0.1,0.20000000000000004,0.05
2288,0.43449999999999994,False,0.0,0.24930000000000002,0.8724999999999999,63.2,0.0,0.30457414046968806,0.13729307067827348,2.02256517114855,0.4385687877234937,1.9454491777781975,0.7568831154976338,0.3170565927475174,0.30455729757082417,0.3240721942736763,0.6486430208710299,0.05
2289,0.50305,False,0.0,0.23379999999999995,0.8587,21.6,0.0,0.30429654736156275,0.12098549706857353,1.9304399345084917,0.3333544352032898,2.361088176843965,1.6007150260963883,0.27989063279962967,0.295365155704827,0.36182614309996497,0.7286692282655364,0.05
2290,0.48689999999999994,False,0.0,0.23479999999999998,0.859,30.0,0.0,0.28042508171178937,0.12351669854501313,1.9311543305420102,0.2837097050708226,1.9785184318911984,0.9124034771011937,0.271107732903676,0.2445583346467398,0.30449439822732066,0.6090059314584446,0.05
2291,0.54225,False,0.0,0.1645,1.0,20.0,0.0,0.2371402828964139,0.10016609204687771,1.7020426354099485,0.06809554764894284,1.5762501993815106,0.07889328133391246,0.09261613173061718,0.021155852193395625,1.3713039662243004e-242,0.0,0.05
2292,0.55315,False,0.0,0.2384,0.8679,0.0,0.0,0.35735309253029096,0.09017187018816762,1.8986614067367846,0.3116324620067763,2.0752991425053655,1.0445688767430696,0.2513102579476763,0.28314890615544996,0.3435544574059533,0.6888953958705419,0.05
2293,0.5020000000000001,False,0.0,0.24830000000000002,0.8805000000000002,31.2,0.0,0.32407206777145714,0.15683349262998664,1.973027595302343,0.3899499003863721,2.0405122578922716,0.9481122516671425,0.3029657517755874,0.3243687651884798,0.2518000000000026,0.5389073760861021,0.05
2294,0.5709,False,0.0,0.18180000000000002,1.0,10.0,0.0,0.2580595640966391,0.07672354025641119,1.7184559770444938,0.06275209774442127,1.5789,0.0523133826090418,0.09885150820724213,0.01612047389641292,1.894071269525565e-242,0.0,0.05
2295,0.5711,False,0.0,0.21100000000000002,0.9312000000000001,0.0,0.0,0.3215921830916395,0.11556171104930214,1.7700534755624133,0.18919407846997838,1.7195705808253543,0.5573770712579874,0.17328741664620687,0.20775750437356505,0.17590000916205414,0.5277000274861624,0.05
2296,0.45064999999999994,False,0.0,0.23349999999999999,0.8645999999999999,49.2,0.0,0.2892643917243382,0.12885890871921848,1.9408035424456482,0.32674398329073323,1.8969808567980162,0.7231242102902274,0.2925578996430525,0.2807039904230125,0.27437704737825885,0.6061336775471681,0.05
2297,0.5560999999999999,False,0.0,0.1922,1.0,20.0,0.0,0.27770191980137104,0.08908813740377643,1.7245484780548312,0.07025244679991137,1.5691,0.07605977912142525,0.1181194236972466,0.049084058570817386,1.1881822147916242e-213,0.0,0.05
2298,0.5863,False,0.0,0.21260000000000004,1.0,10.0,0.0,0.3160109500223161,0.027773623615270113,1.7533349036290062,0.045295388951368754,1.5427,0.0647905085641408,0.1217707548378403,0.04177301112530094,1.133138861157023e-219,0.0,0.05
2299,0.51505,False,0.0,0.2854,0.8647,30.0,0.0,0.37091226685309586,0.07329337541185815,1.982275018814607,0.2834001918807263,1.9689025239561193,0.9456126975245562,0.3344364434675243,0.2412492132299471,0.24794277572282208,0.5334530336793706,0.05
2300,0.50025,False,0.0,0.2747,0.8593999999999999,33.4,0.0,0.3775491852666799,0.09230563306067449,2.0189225175801617,0.29434002951544563,2.0884388240750433,1.061152566717371,0.3150559943078553,0.25817470896911754,0.4082721574083763,0.8253332942696203,0.05
2301,0.5247999999999999,False,0.0,0.2849,0.8815,29.2,0.0,0.36741867805288664,0.0638512022733591,2.018270569098078,0.4157250113985102,1.9244071899943145,0.8113168884457191,0.3394150813560528,0.32492072451925036,0.23115154999561746,0.4896358808644849,0.05
2302,0.4892,False,0.0,0.2386,0.8598000000000001,30.0,0.0,0.3138988188013583,0.08841628113891586,1.9556247409477447,0.35005039587344583,1.9806375729869277,0.902787075264445,0.2659310053597569,0.24919278493334474,0.3940908233381089,0.7922387565908497,0.05
2303,0.5428000000000001,False,0.0,0.19560000000000002,0.93,10.0,0.0,0.27927262752858634,0.08160315169533032,1.7705614421184332,0.21994148776557013,1.780831889640567,0.6647763411715621,0.15800520558157005,0.18611221200332345,0.17918481413079382,0.5375544423923814,0.05
2304,0.4761,False,0.0,0.17509999999999998,0.9371,40.0,0.0,0.2512709884857928,0.14370999793815273,1.8232885488939665,0.3257283923902688,1.9997330709274501,1.3362034291066842,0.17979624327002747,0.2508675949325306,0.1999997375941166,0.5999992127823497,0.05
2305,0.4605000000000001,False,0.0,0.28900000000000003,0.7904,39.6,0.0,0.3702877624140982,0.06503706479503905,2.1289296951900143,0.35876131991470483,2.4001971632119923,1.4023842647816476,0.3621425487169505,0.2590576354881573,0.5388818178067284,0.8279004694116865,0.05
2306,0.486,False,0.0,0.17600000000000002,0.9288000000000001,33.2,0.0,0.25636016443626736,0.11586308848867972,1.7759131792837253,0.25030906930539953,1.7557590672363965,0.6321589889128455,0.16276513726141745,0.20795103780350374,0.18578715765221682,0.5573614729566504,0.05
2307,0.57085,False,0.0,0.18170000000000003,1.0,10.0,0.0,0.256708809199207,0.07170215602269822,1.7007019856675512,0.04836544796100409,1.5568000000000002,0.06694594834640848,0.09680022777975268,0.01538033910930616,1.6367429404608799e-242,0.0,0.05
2308,0.5420499999999999,False,0.0,0.16410000000000002,1.0,20.0,0.0,0.22420089890107692,0.10205476580281181,1.7061398065393927,0.05983599495235157,1.5847,0.09384034313662762,0.0917686425043224,0.02160865006945637,1.8367422891923238e-242,0.0,0.05
2309,0.6005,False,0.0,0.201,1.0,0.0,0.0,0.2914794120578299,0.018182850645381506,1.7355396411766322,0.03186353884323258,1.5623,0.04975952170188136,0.10577280435216566,0.004787329477131274,6.083245648017916e-237,0.0,0.05
2310,0.56205,False,0.0,0.2089,1.0,21.2,0.0,0.3172482273034556,0.1348916814664512,1.8251702916856296,0.14715107099192282,1.5346,0.029641862289674022,0.1493592033319881,0.0922580200817562,3.5513516961769284e-196,0.0,0.05
2311,0.57185,False,0.0,0.18370000000000003,1.0,10.0,0.0,0.2695990307819891,0.0787603652588857,1.7572509681103974,0.06826411410109022,1.5859,0.0864146399633766,0.09978664539398624,0.01757400460202076,3.001402328887454e-237,0.0,0.05
2312,0.53175,False,0.0,0.26639999999999997,0.8771000000000001,20.0,0.0,0.34614447084824707,0.05780167136837329,2.0308842079801397,0.4503581062435404,2.2320249228140256,1.4991209364595475,0.295771632672901,0.30887179900188894,0.38610631893399044,0.7728373229038723,0.05
2313,0.45415000000000005,False,0.0,0.18870000000000003,0.8652,36.4,0.0,0.25796744774699326,0.15311618989161618,1.8809956949774567,0.3288217532466604,2.0365774664163006,0.8838424123788905,0.2431844159348971,0.28033956635950297,0.3827107997496339,0.7669599109529267,0.05
2314,0.46625000000000005,False,0.0,0.2898,0.7355,23.2,0.0,0.36265297621972015,0.07620866419241469,2.1765296032951236,0.47057231181313164,2.4354728888115593,1.1120469417990353,0.4080620988489757,0.31276243984871577,0.6221718132923617,0.8554762745291661,0.05
2315,0.58635,False,0.0,0.21270000000000003,1.0,10.0,0.0,0.3223882379357196,0.029431525993594276,1.7420108239169647,0.06414553804567723,1.5505,0.05740426813399854,0.12378053814840215,0.05327846789911219,2.491798702316966e-207,0.0,0.05
2316,0.45870000000000005,False,0.0,0.26839999999999997,0.7994,37.6,0.0,0.3154072409939509,0.10482136089862874,2.089028386544753,0.4229266586096405,2.3949926229750247,1.271858863189942,0.37057670601446074,0.3286736215948455,0.5581570708552706,0.8627130247455523,0.05
2317,0.43790000000000007,False,0.0,0.19880000000000003,0.8002,30.8,0.0,0.2786213167086111,0.2047696385842526,1.9756200607215255,0.4682523900597383,2.3744096735458973,1.16932196733645,0.2992324959533595,0.3391365344574798,0.4326758525678162,0.7559127222614788,0.05
2318,0.44630000000000003,False,0.0,0.2742,0.8724000000000001,63.5,0.0,0.35955936944500677,0.11840772389210738,2.0185771297874124,0.3954387309172829,2.3156774223780516,1.6113514170679362,0.3474522111089667,0.3013901797032424,0.38247966295683317,0.7659618590137159,0.05
2319,0.6015,False,0.0,0.203,1.0,0.0,0.0,0.294763345394807,0.03034295245595382,1.744590717838475,0.037214214491461436,1.5413000000000001,0.07384991536894273,0.10736121668342191,0.010922452640233499,4.5164495047654035e-231,0.0,0.05
2320,0.43965,False,0.0,0.217,0.9327,67.6,0.0,0.25837691824873915,0.1530376020475838,1.8982054824282852,0.298806608011233,1.7103265312016092,0.5052845808314669,0.21366743564164076,0.19171068349110604,0.1549898428885343,0.4593308262345363,0.05
2321,0.43125,False,0.0,0.188,0.8745,50.0,0.0,0.2557943413118685,0.20552901947880686,1.9102467429336087,0.39956484401746145,2.062155602416172,1.1401050424808112,0.27455243290316045,0.3282383251342033,0.3370111153954155,0.6749723729462224,0.05
2322,0.49510000000000004,False,0.0,0.2023,0.8679,20.0,0.0,0.27110165490958205,0.13238141423566005,1.8935202285832404,0.39411910075682416,2.1255710428179446,1.0563013573788038,0.2445514412449521,0.30983819448745065,0.3240007437144042,0.6482759501366447,0.05
2323,0.55095,False,0.0,0.21280000000000002,0.9291,10.0,0.0,0.2896442196209673,0.09976731619529511,1.8098122966929964,0.21200752842011544,1.8557152197937115,0.8641989970516752,0.1859405844478278,0.19480037366804548,0.20924003368297434,0.6277201010489231,0.05
2324,0.46605,False,0.0,0.25570000000000004,0.8828000000000001,51.6,0.0,0.298088182690691,0.14860525477020942,1.9955976125629131,0.4275914169536557,2.192757142905736,1.325932119721432,0.31165851455921995,0.3100164986682324,0.3585653545448934,0.7204464147176397,0.05
2325,0.5287000000000002,False,0.0,0.24710000000000001,0.9303000000000001,30.0,0.0,0.3048921039832937,0.12179646009234628,1.9446660209534745,0.33351495339868586,1.7675537238094503,0.6821542651565713,0.21846734417235797,0.19924539732430976,0.1847758538007696,0.5444010416064458,0.05
2326,0.49290000000000006,False,0.0,0.25279999999999997,0.7986000000000001,16.4,0.0,0.3286290632354968,0.05252101435263104,1.9977167324438867,0.38643586245049594,2.2552871341790803,1.0862795820878715,0.3005224283463944,0.30212453144283397,0.5559083185404914,0.861595429452738,0.05
2327,0.571,False,0.0,0.18200000000000002,1.0,10.0,0.0,0.25720691509006605,0.07263861154848744,1.7138647947007695,0.07437468876287776,1.5725000000000002,0.07983764776094046,0.09746772677717355,0.015077614041075627,8.015185340304517e-243,0.0,0.05
2328,0.5465,False,0.0,0.2591,0.8739000000000001,10.0,0.0,0.3722733995070756,0.10382501880681347,1.9442972712142121,0.33926002535945904,1.9831001991025143,0.8246329635850018,0.28518077761975114,0.29171000408997627,0.2594626456932165,0.6282934296428292,0.05
2329,0.5420999999999999,False,0.0,0.22469999999999998,0.9395,20.0,0.0,0.29677920692489407,0.12278342654874141,1.8782385793492875,0.3030339996286302,1.7642531855280434,0.6954253672860788,0.20574522166098821,0.2549779304644097,0.1960531855280434,0.5881595565841302,0.05
2330,0.5111,False,0.0,0.2219,0.8755,18.8,0.0,0.28357491507536253,0.11312637146036779,1.9204604089785704,0.3952804056198831,2.1608801316085784,1.211755564721607,0.25839227994180225,0.323836423584627,0.37830045716090915,0.7567703716809846,0.05
2331,0.5288,False,0.0,0.23970000000000002,0.8579000000000001,10.0,0.0,0.34075444048300846,0.05796460124156243,1.920671767517313,0.24757410304524777,2.1699042943859395,1.2558361466746795,0.25952057858370364,0.25410719604112253,0.3835277950746689,0.7698891079844469,0.05
2332,0.51155,False,0.0,0.24479999999999996,0.9382999999999999,40.0,0.0,0.3089649300756349,0.10403415403145956,1.9496726647092057,0.3215972147992795,1.8519864023007284,0.9476659913972633,0.2390461927594018,0.24752166483948823,0.16105852060623374,0.4831755618187012,0.05
2333,0.5443,False,0.0,0.19760000000000003,0.931,10.0,0.0,0.26496943196855666,0.08834955894053648,1.7998620234004108,0.2352211714963977,1.7730683440185089,0.5866240414573564,0.17134224423969519,0.2237633073182192,0.15700839848285061,0.47102519544855187,0.05
2334,0.4678,False,0.0,0.202,0.9176,46.0,0.0,0.2793514622843846,0.13226990127708263,1.8636635172778444,0.211239144653604,1.857044444444447,0.4983382960238498,0.24037754104627634,0.2108242468468981,0.23230000000000164,0.35533760003692516,0.05
2335,0.45764999999999995,False,0.0,0.1452,0.9301,40.0,0.0,0.19245862624915866,0.10837980729291381,1.7522764078459292,0.18579022532658718,1.8408998873072622,0.7705981926525345,0.16275003942487148,0.19945469665872428,0.052000000000000005,0.156,0.05
2336,0.56925,False,0.0,0.18170000000000003,1.0,10.8,0.0,0.2594670151861751,0.07114643029833334,1.7342859185786288,0.10031232066986244,1.5718444444445434,0.045098608010116004,0.09724158214303111,0.015589528380769303,0.007200000000000387,0.021600000000001156,0.05
2337,0.45074999999999993,False,0.0,0.2734,0.8184999999999999,47.6,0.0,0.3606197790274934,0.15196790945414457,2.0641208056588054,0.4852909230534746,2.5116080712986015,1.6081962795738858,0.3772612381335933,0.365287859939284,0.5208660223807968,0.8025143092522263,0.05
2338,0.5733,False,0.0,0.21540000000000004,1.0,17.2,0.0,0.3069617375691411,0.024531908233834564,1.7405971406803336,0.06255011155496248,1.5897999999999999,0.08392234505779737,0.1284667699146765,0.04357154248336881,2.90083547895357e-217,0.0,0.05
2339,0.5709,False,0.0,0.18180000000000002,1.0,10.0,0.0,0.2679646832839041,0.0749308915679304,1.7186696157177213,0.049729442398348915,1.5827,0.05701061304704592,0.09771153247957108,0.015733348571094555,2.2481063886384103e-242,0.0,0.05
2340,0.5995,False,0.0,0.199,1.0,0.0,0.0,0.26951635408894836,0.017927085998919987,1.736725688743617,0.036428756294289245,1.5137,0.023220895762222433,0.1026458012564256,0.001722991767025795,2.6272120446481736e-242,0.0,0.05
2341,0.5470999999999999,False,0.0,0.17420000000000002,1.0,20.0,0.0,0.26976720568671053,0.12030733988609452,1.7126998421484245,0.08196347101472914,1.5451000000000001,0.04905598842139458,0.1058891373541555,0.040648587801496654,1.533870444778264e-225,0.0,0.05
2342,0.5344500000000001,False,0.0,0.2551,0.9338000000000001,30.0,0.0,0.3159757028202772,0.03372055947698399,1.9213066845498168,0.2950031105347624,1.8248438178616708,0.6997941323379561,0.22645060185812885,0.21170908623029158,0.19999999869331186,0.5999999960799357,0.05
2343,0.5074,False,0.0,0.22969999999999996,0.8651,20.0,0.0,0.3001656245685356,0.05190315557418642,1.8831070813126636,0.28755668560955305,2.137942296623561,1.2963813070575143,0.24068658513094526,0.2756121472064148,0.3938343964493651,0.81444928744007,0.05
2344,0.556,False,0.0,0.2556,0.8788,5.6,0.0,0.339302346208415,0.08703139840497458,1.9298877555275218,0.41578466242954387,1.969018717033902,0.8738474990657804,0.2827753185616061,0.32178939794566436,0.35642575225643974,0.7136007374343689,0.05
2345,0.5075,False,0.0,0.2284,0.9289999999999999,35.6,0.0,0.30111116061130105,0.1209063380920567,1.8759509052162322,0.26350427226920353,1.8214660226509722,0.791889329191773,0.22490189485097903,0.24096224736632718,0.18136602265097182,0.5440980679529154,0.05
2346,0.5861000000000001,False,0.0,0.20900000000000002,1.0,9.2,0.0,0.31575575300308906,0.03825345857564242,1.7572781030821034,0.06400670362751965,1.5841,0.08932575216587883,0.1181564385753516,0.0374224810477138,9.065110568749664e-219,0.0,0.05
2347,0.5136,False,0.0,0.1789,0.9282999999999999,20.0,0.0,0.2512261826437054,0.10500734369821206,1.762918496152612,0.21140853460471629,1.8733631062104579,0.9370331297469315,0.1646208629378137,0.21128601834150876,0.1997523644444114,0.5992570933332343,0.05
2348,0.46490000000000004,False,0.0,0.21680000000000002,0.873,40.0,0.0,0.27960969485126463,0.13160363605619457,1.9369866448299429,0.3569238137720877,1.8945164345245473,0.598356770104521,0.26582169933827454,0.2737464912598437,0.24155952987016455,0.5163950139646887,0.05
2349,0.43415000000000004,False,0.0,0.2665,0.7248,30.75,0.0,0.34246363025093207,0.11550055151386714,2.1098372917680344,0.36445322070136094,2.4125860924924796,1.1185271187099777,0.4120770270963788,0.30793807856541394,0.6507884021064367,0.8540505502209972,0.05
2350,0.58005,False,0.0,0.20010000000000003,1.0,10.0,0.0,0.27579442779191377,0.08529807543082436,1.7834598441270813,0.13926327175706196,1.538200919956631,0.04250209073004447,0.12483958229488898,0.07855750635752484,2.1861730269770231e-193,0.0,0.05
2351,0.4878000000000001,False,0.0,0.2444,0.9312000000000001,50.0,0.0,0.3338152035192841,0.17409088172581974,1.940202436625534,0.2575073510899089,1.6717813930125842,0.3283880113186995,0.27640019094743945,0.2465896728938272,0.08000146186891385,0.2400043856067416,0.05
2352,0.5995,False,0.0,0.199,1.0,0.0,0.0,0.2939889826733284,0.030472406588426766,1.7342705221147026,0.054896317771828865,1.5308000000000002,0.041911334982317125,0.10336813117526995,0.0014093414987653135,2.6942997471440237e-242,0.0,0.05
2353,0.5995,False,0.0,0.199,1.0,0.0,0.0,0.28649650894397144,0.012686823657419953,1.7427469354986733,0.06623850735119464,1.5943359000311963,0.14250840626077596,0.10251456575242471,0.001376438249877728,0.0020000000000004407,0.006000000000001321,0.05
2354,0.4754999999999999,False,0.0,0.22400000000000003,0.8437999999999999,29.2,0.0,0.2865655091618065,0.08100246589914925,1.9484297881686636,0.2998017130061774,2.1420202117645433,0.9430677322940061,0.26439171094478436,0.23625313560498737,0.42580331955226935,0.6952472280044706,0.05
2355,0.4598499999999999,False,0.0,0.24409999999999998,0.8196,36.0,0.0,0.3325159512608783,0.19658520121132955,2.057397538943393,0.5010568333993778,2.087007448124523,0.8541778960115166,0.3636111269107856,0.3866082941259378,0.4033405444830828,0.6523535619603584,0.05
2356,0.45409999999999995,False,0.0,0.23369999999999996,0.8633,47.2,0.0,0.29299495151740557,0.12502227057117082,1.9479274499322474,0.32298966673292234,1.927889936251167,0.7950886491216633,0.2834850943462391,0.2692189060349108,0.3798413543949592,0.760993614030484,0.05
2357,0.43760000000000004,False,0.0,0.26189999999999997,0.7173,26.0,0.0,0.3235845370532894,0.07197448727511735,2.0314575244385464,0.33138317055579497,2.3990788867555564,1.1052620966714044,0.3771711706905296,0.3136009760507063,0.5742327270915533,0.7871194432529175,0.05
2358,0.45239999999999997,False,0.0,0.22890000000000002,0.7958999999999999,30.0,0.0,0.3026688084645614,0.1525031241172893,1.9739098021323485,0.3467163564597209,2.068204338370489,0.7321998625023759,0.3438532658478995,0.33243822857441047,0.4951823002227026,0.7568980232440364,0.05
2359,0.51345,False,0.0,0.1469,1.0,30.0,0.0,0.20112756999672193,0.11085510017273213,1.6833823319989705,0.07205740931246724,1.539600000869731,0.04676366254512558,0.08809427422320279,0.025556377147729806,1.6240103634730779e-242,0.0,0.05
2360,0.52125,False,0.0,0.25870000000000004,0.9422,39.6,0.0,0.32389177844710726,0.05303090340113775,1.8960577144890831,0.3820814992180906,1.804739365132194,0.7128049742409299,0.2512704217980758,0.262324060613478,0.1672073508881114,0.5016220526643341,0.05
2361,0.5691999999999999,False,0.0,0.23759999999999998,0.9408,10.0,0.0,0.33745759800316977,0.13257368227760294,1.8594035010359469,0.2916940540907799,1.8123607774642032,0.8040389228708381,0.20666594910130298,0.25298184371104654,0.10899999999999999,0.32699999999999996,0.05
2362,0.5336500000000001,False,0.0,0.24209999999999998,0.8924,16.8,0.0,0.3332836589319851,0.17706589088876443,1.9379550782688963,0.41045941603959024,1.9500165944898704,0.720651214676948,0.25958693490609164,0.3229818699413425,0.34189927096171235,0.6839930056735245,0.05
2363,0.45989999999999986,False,0.0,0.2753,0.8684999999999998,56.0,0.0,0.355620000343723,0.1380087628789866,1.9978380973591705,0.3365908266345253,1.9383463689099631,0.7870367855476758,0.34275997788467943,0.2968104697171332,0.3222082056270409,0.6447585640686884,0.05
2364,0.5995,False,0.0,0.199,1.0,0.0,0.0,0.2817340712908868,0.017029120952900427,1.7308454748272701,0.0374439818585306,1.6124000000197227,0.08608158921258789,0.10331400162510854,0.000945731170148248,3.4599141928047046e-242,0.0,0.05
2365,0.5995,False,0.0,0.199,1.0,0.0,0.0,0.28961189740119725,0.014329953064135917,1.7262821144869869,0.03774051668526654,1.5901,0.09712100699642688,0.10271926683549745,0.0014910921365354714,1.8828943999847727e-242,0.0,0.05
2366,0.5708,False,0.0,0.18160000000000004,1.0,10.0,0.0,0.260769038527515,0.08129891967510067,1.696476634676006,0.053019688156742864,1.5241,0.04071719538475117,0.09793448265581677,0.016255910658632994,1.9130639300719436e-242,0.0,0.05
2367,0.5975,False,0.0,0.2531,0.9419000000000001,0.0,0.0,0.33569048346154184,0.08191365974789515,1.910306008563774,0.3363301376539571,1.8447190803335036,0.8848831497169374,0.22553261741172745,0.2587446079449557,0.16910477086572182,0.5073143125971654,0.05
2368,0.5421,False,0.0,0.1642,1.0,20.0,0.0,0.2314566295466431,0.10807331085254843,1.6998224218023683,0.06067751803324196,1.5351,0.04971005934416094,0.09300286623936371,0.021542338631751607,1.8238647305056998e-242,0.0,0.05
2369,0.5195000000000001,False,0.0,0.2343,0.8655000000000002,15.2,0.0,0.30761935869880175,0.050745654540070406,1.9203890736643832,0.3304047988867903,2.056455171294933,0.9996437485335615,0.2467998830139527,0.28758547044861865,0.3543509817463792,0.7108936659398717,0.05
2370,0.5319499999999999,False,0.0,0.1839,1.0,30.0,0.0,0.24626713554955657,0.1087837876318664,1.7454391098461408,0.12651243123657996,1.5724,0.08235192772485661,0.11758473521811168,0.06991429686402963,8.561755163061834e-197,0.0,0.05
2371,0.5182,False,0.0,0.2133,0.8631,10.0,0.0,0.28530179563388086,0.07972878700272788,1.8698690906380353,0.3258555970910236,1.968854482097018,0.8749053303891499,0.21829459019883163,0.24100053294759982,0.3438005479792964,0.6876125893791846,0.05
2372,0.50205,False,0.0,0.21680000000000002,0.8673,20.0,0.0,0.28593241082651616,0.10480213571537988,1.8658691250373416,0.3494697387649918,1.9572172620002966,0.833595349888878,0.25000283209051655,0.30329204432529544,0.3436135062213438,0.6875081256951329,0.05
2373,0.55625,False,0.0,0.24430000000000002,0.9289999999999999,15.2,0.0,0.3214376547163114,0.040838226068683876,1.8769538628077398,0.21474246477490708,1.790318063444451,0.698473557051771,0.21617190776682,0.21587765827133445,0.15557796573446225,0.46673389720338676,0.05
2374,0.4959499999999999,False,0.0,0.2185,0.9301999999999999,39.2,0.0,0.2959365440670651,0.1050077651834917,1.8556651037303034,0.24311319014911292,1.7723846772108414,0.7290813830685301,0.19689420033174884,0.18902558982558906,0.20780678022639507,0.6234203406791853,0.05
2375,0.54245,False,0.0,0.1649,1.0,20.0,0.0,0.23038399116527103,0.09620853032689847,1.684844311086423,0.058757505792596414,1.5861,0.09654889952764878,0.0930663590118211,0.01890014898547848,2.1678375843366266e-242,0.0,0.05
2376,0.5209499999999999,False,0.0,0.2459,0.9304,33.6,0.0,0.3360780619279496,0.14407773717093275,1.892427220833368,0.2549766841085702,1.7100573433426145,0.5027112499988771,0.23967274220838775,0.21567371591214549,0.17344433076599713,0.5203329922979915,0.05
2377,0.5487,False,0.0,0.24559999999999998,0.9301999999999999,19.6,0.0,0.34378334458142196,0.06529699684337283,1.8939550381211128,0.24128302073525565,1.8496738325848834,0.9579600968540147,0.2222882926096741,0.1899178163669543,0.17170716591821655,0.5151214977546497,0.05
2378,0.5662499999999999,False,0.0,0.2125,1.0,20.0,0.0,0.2755118550310767,0.08502580939884247,1.8001413684818588,0.16137629947699772,1.5648,0.11339735446649547,0.13988957137007568,0.09088964506580884,4.314882669812554e-196,0.0,0.05
2379,0.5379,False,0.0,0.19580000000000003,1.0,30.0,0.0,0.2888549859961616,0.09796586905351329,1.7443831906646945,0.08712476686724269,1.5632000000000001,0.0950566147093405,0.12124193058478938,0.04790515878080626,4.532832086919647e-219,0.0,0.05
2380,0.40290000000000004,False,0.0,0.3153,0.6713,45.2,0.0,0.3771125099124971,0.07984305557947212,2.290857566317285,0.4437015004898022,2.6899320204151396,1.1435870501509402,0.49939293741730084,0.33769498840300644,0.7425808964179786,0.8245339860421317,0.05
2381,0.47980000000000006,False,0.0,0.2512,0.8684000000000001,40.0,0.0,0.3456623809340931,0.13585069982958947,1.9807785401947418,0.3845094018752845,2.0294709721368207,0.81686474783075,0.31453202811846875,0.3049854854649536,0.3956466080396238,0.6869319449934624,0.05
2382,0.5995,False,0.0,0.199,1.0,0.0,0.0,0.28018381020882854,0.017319876004643086,1.720862536992891,0.04761424904236385,1.5558999999999998,0.07738404228263092,0.102489682172118,0.0010049871907656803,3.0453764925284166e-242,0.0,0.05
2383,0.57475,False,0.0,0.18950000000000003,1.0,10.0,0.0,0.2610892899248761,0.0858761166626116,1.7348542440247616,0.0769093856211714,1.5325,0.048402995775055066,0.10511299558404956,0.023932975337083405,1.0275897813700238e-232,0.0,0.05
2384,0.4735,False,0.0,0.24599999999999994,0.861,40.0,0.0,0.30468104266026336,0.105665336256109,1.9294822503337579,0.3120347145401216,2.2424202906837856,1.4102153234450938,0.29543591578654876,0.27364842952069535,0.3643169148575714,0.7329866959468369,0.05
2385,0.5514,False,0.0,0.21960000000000002,1.0,29.2,0.0,0.3043966567071508,0.09778210939216149,1.8190555354891855,0.12113262193130303,1.5722,0.09204542356901839,0.14895496865988433,0.07535419919447561,9.25547247701005e-204,0.0,0.05
2386,0.5708,False,0.0,0.18160000000000004,1.0,10.0,0.0,0.26012867474265033,0.07455829053355056,1.72576045702279,0.07127780658454604,1.5197,0.02488794889097934,0.09769357115569219,0.01602576415999645,2.808591089982324e-242,0.0,0.05
2387,0.57015,False,0.0,0.21700000000000003,0.9329000000000001,2.4,0.0,0.32044855319069265,0.0978549905096222,1.8019148104760732,0.2101705845104637,1.8061395693296725,0.8069749785712299,0.1829320446414836,0.22903083206071836,0.1862670188860055,0.5588010566580165,0.05
2388,0.41925,False,0.0,0.303,0.6587000000000001,30.8,0.0,0.3857689464000586,0.15256386674220834,2.245133516638527,0.4491854248416666,2.949514047944042,1.4922514914662062,0.5385657536616941,0.36863811199779933,0.7623251483793154,0.8313931105327909,0.05
2389,0.57095,False,0.0,0.1819,1.0,10.0,0.0,0.24615583122656098,0.06919328210018343,1.7023700892505815,0.06190351737864823,1.5739018127441406,0.09596540978157223,0.0972610771747924,0.01543454166003564,2.025242636068786e-242,0.0,0.05
2390,0.40245,False,0.0,0.24259999999999998,0.7239,40.4,0.0,0.3006786205159591,0.14379931768572873,2.0237748009475074,0.3883166086536895,2.6060768953810047,1.3260185903324253,0.39458599864134125,0.3404570289213533,0.6309760927152503,0.8142054914241885,0.05
2391,0.49384999999999996,False,0.0,0.28889999999999993,0.7884,22.4,0.0,0.3991226292699502,0.08022003554978203,2.0924423447782274,0.33081368827384755,2.5540937992447663,1.5321173998989221,0.3830353666753772,0.2769510236105337,0.5545526622053241,0.8514861602372643,0.05
2392,0.55955,False,0.0,0.1991,1.0,20.0,0.0,0.29881061185453817,0.08799038177508138,1.779975674486709,0.06630235366133168,1.574500000007126,0.07798365214071672,0.12213536448367304,0.05322591481082271,1.9010915461070198e-212,0.0,0.05
2393,0.5097499999999999,False,0.0,0.20739999999999997,0.9320999999999999,30.0,0.0,0.2833673098938799,0.08750662479732697,1.8408046028242258,0.29118177081506724,1.825609364643165,0.8977806282585612,0.17773505589850974,0.19448607472707552,0.21192747934024675,0.6357824380207402,0.05
2394,0.54325,False,0.0,0.19580000000000003,0.9307000000000001,10.0,0.0,0.2984960794031415,0.14765142739380596,1.7846900364965896,0.15479958167358907,1.730610334799794,0.5284918723701114,0.16899453665230263,0.21712371410432713,0.1634009346722052,0.4902028040166156,0.05
2395,0.5665,False,0.0,0.2379,0.9350999999999999,10.0,0.0,0.343902535755382,0.0723324546632157,1.9161652969017389,0.3251539068935412,1.6944666666734012,0.3733479521147984,0.21976898524655178,0.22414805726903886,0.07970000000048015,0.23910000000144047,0.05
2396,0.5708,False,0.0,0.18160000000000004,1.0,10.0,0.0,0.2526608785110033,0.07199336280761406,1.7128092733129279,0.05782771363072577,1.5611,0.06651834333475243,0.09670710497181542,0.015665876545111427,1.6305834760018455e-242,0.0,0.05
2397,0.4778000000000001,False,0.0,0.2504,0.8588000000000001,38.4,0.0,0.309024458794898,0.100951358509953,1.9371128943425238,0.27272895811448805,2.0285302348015795,0.886268399413798,0.2853078967452499,0.24065131527395606,0.36383025326799767,0.7281668064703184,0.05
2398,0.39405,False,0.0,0.33249999999999996,0.7323999999999999,69.2,0.0,0.38307285697631455,0.0264088154076366,2.221554645495816,0.36195573974479067,2.5723616760194274,1.3345037933157076,0.490104212203409,0.2727530355384771,0.549554983892575,0.7460942670801204,0.05
2399,0.57075,False,0.0,0.18150000000000002,1.0,10.0,0.0,0.26497788569348646,0.08093846273538174,1.724334912859927,0.08204281697471057,1.5277,0.03525351046349852,0.10143499856261287,0.02112459609688949,1.8803311223332903e-242,0.0,0.05
2400,0.594,False,0.0,0.22800000000000004,1.0,10.0,0.0,0.3295925210317453,0.04134098177873341,1.7788363160395981,0.12784269531632833,1.5815,0.07765854750122483,0.14568261278988393,0.07905232462154496,3.967664806803672e-196,0.0,0.05
2401,0.5536500000000001,False,0.0,0.213,0.9295,8.8,0.0,0.305640928262468,0.05570120312491604,1.7809212940903258,0.24897302901442656,1.7863140575881815,0.7771660592111175,0.17550093378941198,0.21225437446662018,0.05500000000000001,0.165,0.05
2402,0.50005,False,0.0,0.2285,0.9315999999999999,40.0,0.0,0.3166001297276663,0.11659835053910314,1.894025308878113,0.26530346556601553,1.9818663321532817,1.2992050475631614,0.22734980619473388,0.2292982459345883,0.19999966548661482,0.5999989964598446,0.05
2403,0.5257,False,0.0,0.1986,0.9328,20.0,0.0,0.2623913925312179,0.13452027823521523,1.8846242586840574,0.36587328429358834,1.9934044676995697,0.9961556852014422,0.20605418351776103,0.272373354693073,0.24266738361199888,0.5195044298269857,0.05
2404,0.5995,False,0.0,0.199,1.0,0.0,0.0,0.275179511566097,0.01742949548173767,1.7061484484772866,0.04221021665431681,1.5631,0.06920469637242833,0.10291098338653026,0.0013314309894619017,1.6124530939000026e-242,0.0,0.05
2405,0.5428999999999999,False,0.0,0.1658,1.0,20.0,0.0,0.24242048976687017,0.0968064617720702,1.6744848062906637,0.04087951594937746,1.5664,0.06726990411766617,0.09394373680796103,0.01860469999630328,6.577903731961333e-243,0.0,0.05
2406,0.5995,False,0.0,0.199,1.0,0.0,0.0,0.2970978885211956,0.04246629192881166,1.741902424062376,0.07206842326512845,1.5454,0.052968292402153186,0.10671705652948438,0.015229557495903592,1.7071062153047702e-242,0.0,0.05
2407,0.5979,False,0.0,0.199,1.0,0.8,0.0,0.2981498012158571,0.04891718500583172,1.72614668752905,0.07278264607941272,1.5468,0.04304369872582981,0.10768919168119351,0.0160310964817435,1.8771440512645444e-242,0.0,0.05
2408,0.5235000000000001,False,0.0,0.2662,0.8864000000000001,26.4,0.0,0.339617391205174,0.12867555220348753,1.9927355716752473,0.47028489872789414,2.055993543480052,1.0417472593321895,0.3021022064591608,0.33228164010675604,0.2252857796109235,0.5305632505584899,0.05
2409,0.5995,False,0.0,0.199,1.0,0.0,0.0,0.26695443705067856,0.00955605213558521,1.7374792953298634,0.05035305717434889,1.5486999999999997,0.07981359533312604,0.10212480580444165,0.0019807065901780523,2.43980732436178e-242,0.0,0.05
2410,0.55105,False,0.0,0.21100000000000002,0.9295,9.6,0.0,0.3194640180878537,0.042820241496701224,1.8271813640966954,0.2200823692973457,1.8828064265197444,1.0553714180132285,0.17130639448122367,0.20238811342716964,0.20201878818302696,0.606056364549081,0.05
2411,0.49535,False,0.0,0.20210000000000003,0.9086000000000001,30.0,0.0,0.28016964556812324,0.15236761171780452,1.8852622146279683,0.39650621674469877,2.030313697325245,1.1403638809741328,0.2212776453841881,0.2527113834409625,0.2865419579661531,0.6395283247532574,0.05
2412,0.50535,False,0.0,0.22669999999999998,0.8560000000000001,18.0,0.0,0.31685231264737096,0.02268309222000972,1.8647142656190325,0.26931275104321245,2.07766840455186,1.0032259969736916,0.24322463894014995,0.27266056833194935,0.3571278809472835,0.714466929373137,0.05
2413,0.5,False,0.0,0.2888,0.7512000000000001,10.0,0.0,0.4070741257029359,0.15438751910897527,2.1130820454174892,0.42039507866024634,2.358740646516268,1.0066749364197618,0.42851369912075327,0.38180583687918207,0.6660866358529218,0.8211170633291353,0.05
2414,0.5709,False,0.0,0.18180000000000002,1.0,10.0,0.0,0.26502335703446356,0.07055869215439053,1.7488004560552077,0.05685205769048094,1.5855444444445432,0.09842741826681031,0.09883097602267085,0.01664550639925755,0.007200000000000387,0.02160000000000116,0.05
2415,0.5995,False,0.0,0.199,1.0,0.0,0.0,0.27089052963672117,0.01400332508601346,1.7218593467526584,0.048516045950822824,1.5685000000000053,0.05812959659244624,0.10225978617092504,0.00120369250481802,8.393066224047712e-243,0.0,0.05
2416,0.47195,False,0.0,0.25799999999999995,0.8731,46.8,0.0,0.3575070449312516,0.14422534227635034,2.0101780204163946,0.4190854384920983,2.1406173161038895,1.3107800000604097,0.31630805351996016,0.3166980691283766,0.3570266946745727,0.7204898098914049,0.05
2417,0.57095,False,0.0,0.1819,1.0,10.0,0.0,0.2554849708449726,0.06920913508653541,1.722128581592462,0.07539867645050642,1.5394999999999999,0.044822427421994944,0.09800738300332058,0.015735497188639834,2.604954385288149e-242,0.0,0.05
2418,0.5537,False,0.0,0.2173,0.9301,10.0,0.0,0.31424876901238186,0.046925881052585376,1.8304633475576686,0.2554102026141077,1.796158822517203,0.4912192042298166,0.17359739365438406,0.17752565109306376,0.21170401440349168,0.4750228150408705,0.05
2419,0.5046999999999999,False,0.0,0.366,0.7634000000000001,30.0,0.0,0.40726561241287573,0.12611291532187627,2.3033930398967692,0.44245166353467774,2.546953085737449,1.2319070869541864,0.5275923718547533,0.35405157184875546,0.7136350872579038,0.883846742775821,0.05
2420,0.5553,False,0.0,0.19060000000000002,1.0,20.0,0.0,0.2822758200128244,0.12513831063235378,1.7581371439569775,0.13865222882295897,1.5856,0.0950854352674478,0.1285540922241164,0.07963990067406741,1.6705328384310404e-203,0.0,0.05
2421,0.5137499999999999,False,0.0,0.26239999999999997,0.8722999999999999,26.8,0.0,0.3613729699401657,0.0919065213261408,1.9885138821280826,0.3545447279468971,2.113626981949485,1.028817513585435,0.308122970528168,0.29849997203025674,0.41940579136876915,0.6953065447220085,0.05
2422,0.38615000000000005,False,0.0,0.2649,0.7506,60.8,0.0,0.3466473154660431,0.1651455168125821,2.1577041439425653,0.5428732451856948,2.832760963130365,1.607115200996889,0.42802459285499694,0.3700374672505386,0.644106467223577,0.8811434766584157,0.05
2423,0.55345,False,0.0,0.21259999999999998,0.9343,10.0,0.0,0.29501711176840373,0.10271627863642357,1.8466414056233806,0.25649168127136696,1.7050996068550854,0.48728487395689607,0.18557363384907877,0.21759591846260973,0.1510590618064614,0.4531771854193841,0.05
2424,0.48799999999999993,False,0.0,0.23099999999999996,0.865,30.0,0.0,0.30327497195739367,0.10558940372639546,1.907101745501588,0.30964178910969864,1.9275944923021058,0.7297402506588405,0.2630887913890257,0.280325615926415,0.33303142648172235,0.6669360140321147,0.05
2425,0.5241499999999999,False,0.0,0.24679999999999996,0.8751,18.4,0.0,0.33437791791982374,0.08516763852861081,1.9452106857294358,0.370625919854301,1.9472409451239112,0.8601655144000557,0.25356912476295723,0.2861026341260602,0.32574275806275743,0.6515618282443726,0.05
2426,0.5995,False,0.0,0.199,1.0,0.0,0.0,0.2751849691685643,0.012725956272210692,1.7224223867979813,0.046559607739178124,1.5600999999999998,0.050102794333250524,0.10312604103299154,0.003569839629127744,2.6315755058987264e-242,0.0,0.05
2427,0.57075,False,0.0,0.18150000000000002,1.0,10.0,0.0,0.25527541124319814,0.07625852277452443,1.7061288950955995,0.051747256754346944,1.5739,0.053928563859980565,0.09690148946584136,0.016342205247099957,1.4803256369091108e-242,0.0,0.05
2428,0.5855,False,0.0,0.199,0.9720000000000001,0.0,0.0,0.27778289819966634,0.014953815601878551,1.7867236068716008,0.12203575808284033,1.664822222365275,0.33274382757206333,0.1288837554033871,0.07936782241150381,0.08490000000000128,0.23849966456999744,0.05
2429,0.50515,False,0.0,0.2097,0.8602000000000001,14.9,0.0,0.2758834510037322,0.0857661287400668,1.8670034324137468,0.26968057692281155,2.110909503266361,1.1571273002762514,0.232503202874817,0.26848999589172834,0.37164464545357057,0.7526058106385258,0.05
2430,0.5960000000000001,False,0.0,0.199,1.0,1.75,0.0,0.2883711882058451,0.03963446487599661,1.7467951215724007,0.07464614358471981,1.5855000000000001,0.07984641507293863,0.1073440616919101,0.014650210745188387,2.563767023327823e-242,0.0,0.05
2431,0.5421499999999999,False,0.0,0.1643,1.0,20.0,0.0,0.22987238355384979,0.10336098486826621,1.67317612972576,0.05657365636702338,1.5526000000791318,0.055357384256080326,0.09191743574288305,0.02105532643562745,7.928785712560123e-243,0.0,0.05
2432,0.51335,False,0.0,0.17850000000000002,0.9282,20.0,0.0,0.2454632976646643,0.11233213559599185,1.7428802728927917,0.20820934594784096,1.752840627973767,0.6620246807204376,0.16387791743225127,0.2080716580378159,0.1506001367025433,0.45180041010762995,0.05
2433,0.47755,False,0.0,0.26869999999999994,0.8,28.4,0.0,0.3440736949562945,0.08810370241144087,2.044602644396414,0.43178537655474253,2.31184898124031,1.2413919337342876,0.33616885910149397,0.31452927842003636,0.46886495062769623,0.7779784053897205,0.05
2434,0.45755000000000007,False,0.0,0.2338,0.8013000000000001,30.0,0.0,0.3146625204353613,0.10436451680851389,1.9927614323478806,0.4388848256964431,2.2100977535764277,0.9175713586198477,0.3181351756262416,0.3223212772682996,0.2918018638510187,0.5160501124515128,0.05
2435,0.5995,False,0.0,0.199,1.0,0.0,0.0,0.29033133966998614,0.017935169565200644,1.745402967296922,0.03623447057375602,1.5875888888888896,0.10945181080680785,0.10464954360826098,0.0056599192009456605,0.021700000000000573,0.06510000000000171,0.05
2436,0.42839999999999995,False,0.0,0.2992,0.7176,40.0,0.0,0.389267153182684,0.08567504653354889,2.125752078607702,0.3402831719905129,2.6212390192555364,1.5212484075497008,0.4526236389124579,0.3172683497134308,0.7065311375448395,0.8700197208429122,0.05
2437,0.5995,False,0.0,0.199,1.0,0.0,0.0,0.30380424506113035,0.03248537811642996,1.738060803780637,0.06927337647610876,1.5671000000000002,0.07336272895687579,0.11047837569865379,0.015079898086544214,2.1724935287761515e-242,0.0,0.05
2438,0.51545,False,0.0,0.1811,0.9298,20.0,0.0,0.24135839032657214,0.10626206168107945,1.7775321709883425,0.24522250306202498,1.7281704328309035,0.5455560923112396,0.1631060669393553,0.20949626023491222,0.1589005073705453,0.47670152211163586,0.05
2439,0.45485,False,0.0,0.2829,0.6668,10.0,0.0,0.3601441470842421,0.10896869350587406,2.1142702835450713,0.3926122914041251,2.549187792298054,1.025478113374681,0.44948996005455477,0.35052491231770994,0.7641412423558694,0.8536551343335881,0.05
2440,0.5584,False,0.0,0.2555,0.9413,20.0,0.0,0.30293615417896563,0.09904615631103218,1.9401880769252902,0.38566772834797824,1.8637160892995748,0.844092781553917,0.2528907053422673,0.24425771043057423,0.08790000000000056,0.20609146027916855,0.05
2441,0.5788,False,0.0,0.22100000000000003,0.9366,0.0,0.0,0.29987987874259175,0.041737436187118546,1.8644466230141485,0.31064034113918376,1.8365524727180624,0.7795386618970118,0.18800349075356607,0.2514225836918689,0.1984472298005496,0.5953416894016489,0.05
2442,0.55565,False,0.0,0.19130000000000003,1.0,20.0,0.0,0.28239351216659037,0.0804858903010031,1.704705221705056,0.048348861721195985,1.5462,0.04143621604345648,0.11224816639792405,0.03629313379549774,5.532904595217606e-223,0.0,0.05
2443,0.5056,False,0.0,0.27969999999999995,0.8121,20.15,0.0,0.353168325611652,0.11817909803148177,2.1196589120082634,0.443349831707367,2.2629011958662124,1.1352454932123097,0.3803489140798567,0.3489170321643144,0.4294322803077836,0.6800142803845883,0.05
2444,0.55615,False,0.0,0.21580000000000005,0.9365,10.0,0.0,0.29301045759029476,0.1452668383090731,1.86028681880358,0.2850721601688624,1.744513609333098,0.6484487130030773,0.19940590013968962,0.2414588646179562,0.17977908166373183,0.5393372449911955,0.05
2445,0.5498,False,0.0,0.2042,0.9353999999999999,10.0,0.0,0.27325194523796364,0.07838810906682553,1.827152299992451,0.2675171360971687,1.8206804174038258,0.7393422392639076,0.16328172547404868,0.18733861339571514,0.2015790747999156,0.6047372243997468,0.05
2446,0.57085,False,0.0,0.18170000000000003,1.0,10.0,0.0,0.28458321412250065,0.0810079359861368,1.7001715069478387,0.05235284056952361,1.5416999999999998,0.04768658092168068,0.10077933226988389,0.017046491577223575,2.42076085017775e-242,0.0,0.05
2447,0.5063,False,0.0,0.1471,0.9855,30.0,0.0,0.21873248542965196,0.1286971992045039,1.7317138277579254,0.11565452460726929,1.6766111111111122,0.33437740653339965,0.11589790305725108,0.07280692235964341,0.07980000000000084,0.23940000000000253,0.05
2448,0.5266,False,0.0,0.20340000000000003,0.9298,20.0,0.0,0.299840510214891,0.09956754066223342,1.806512135402804,0.22952363509302373,1.7715365570841477,0.670011248524431,0.17779503580298242,0.19487532891176165,0.16555706891981117,0.49667120675943355,0.05
2449,0.5995,False,0.0,0.199,1.0,0.0,0.0,0.2927020021200749,0.022175017078658658,1.745510786785403,0.039394062934337955,1.5576607094658745,0.04924704596107928,0.10367589036258922,0.0016705414595235566,2.221494628572134e-242,0.0,0.05
2450,0.5995,False,0.0,0.199,1.0,0.0,0.0,0.30078121095435717,0.018421557458152382,1.690553063262147,0.05261197761063413,1.5429,0.045348539116491955,0.1032580466122982,0.0014027148782014538,1.3455613720741897e-242,0.0,0.05
2451,0.54215,False,0.0,0.16430000000000003,1.0,20.0,0.0,0.23458627715217503,0.1041428604098386,1.7012863494755195,0.06793617092744483,1.5721,0.07009058424638787,0.0925505236301299,0.020962086817108587,2.304786936554845e-242,0.0,0.05
2452,0.5067,False,0.0,0.2311,0.8623000000000001,20.0,0.0,0.3135459816176196,0.08967370076368729,1.926001954370749,0.27938700361257723,1.9367429161623928,0.621354383908125,0.26542456899274935,0.25497590058007963,0.25146106011633385,0.5432521797911216,0.05
2453,0.48755,False,0.0,0.16300000000000003,0.9320999999999999,30.0,0.0,0.23279555765916876,0.1215176396300139,1.7739338427294302,0.2595371517856997,1.7840292195018652,0.7043855042978057,0.15449438386584075,0.20968271865363072,0.19225273717889002,0.5767582115366701,0.05
2454,0.5708,False,0.0,0.1816,1.0,10.0,0.0,0.258547776902712,0.06826933907480266,1.7235726173801311,0.0515187504863781,1.5794777777777786,0.11017737718989691,0.09853804731600177,0.01686615469720184,0.02100000000000058,0.06300000000000175,0.05
2455,0.5631999999999999,False,0.0,0.253,0.881,1.9,0.0,0.34082535390127333,0.11010360974794624,1.9468916395017346,0.42624234631329505,1.9120603488194887,0.76284760533877,0.2515519559257388,0.29568510486529165,0.33070912479018955,0.6614437889372267,0.05
2456,0.5995,False,0.0,0.199,1.0,0.0,0.0,0.27771500005153665,0.01827781040563376,1.7396989073908375,0.04195998612007308,1.5698395833333334,0.08108816149658242,0.10227611655484611,0.0010401954293010756,2.207611985852909e-242,0.0,0.05
2457,0.5581499999999999,False,0.0,0.1963,1.0,20.0,0.0,0.27423443756418,0.08057829256895468,1.7552593155143086,0.09041733695618685,1.5848,0.07937354723079984,0.11516901487890925,0.043033329219438365,4.752728842569325e-213,0.0,0.05
2458,0.57075,False,0.0,0.18150000000000002,1.0,10.0,0.0,0.25171873346820883,0.07611532133862761,1.7296473828080459,0.05941727312090431,1.5207,0.03763522286369514,0.09759822977696589,0.016532482485084623,1.5269589537246507e-242,0.0,0.05
2459,0.5709,False,0.0,0.18180000000000002,1.0,10.0,0.0,0.25736228041122594,0.07436753990348194,1.7327053285881064,0.05933472191184735,1.561811111111112,0.06270361499414132,0.09807795611140764,0.01596887811765044,0.013200000000000472,0.03960000000000142,0.05
2460,0.57075,False,0.0,0.18150000000000002,1.0,10.0,0.0,0.25396875786485296,0.07329618171788953,1.708536522693135,0.058415281291651015,1.5256111130608456,0.03135823674446959,0.09738563053692173,0.01642992442301077,0.00420000000000033,0.01260000000000099,0.05
2461,0.5002,False,0.0,0.2675,0.8129,20.0,0.0,0.37015661155447305,0.17049379235387774,2.054558873879349,0.4347596561000773,2.1475826747630915,0.9187489184161125,0.34805231660619246,0.32617683443037204,0.5337825897377663,0.8166780971963663,0.05
2462,0.3811,False,0.0,0.2578,0.722,54.4,0.0,0.3332887783748414,0.1074587798003718,2.168020323520935,0.44959941249759244,2.629301697519575,1.347786250404746,0.3924093585539591,0.2979249877304273,0.5330574016075761,0.8219258980687316,0.05
2463,0.5137499999999999,False,0.0,0.14750000000000002,1.0,30.0,0.0,0.2131242356571697,0.11287294752783492,1.6951639047550415,0.07675169674583854,1.5891000013569785,0.10220905076466963,0.08738030110957662,0.02293982452905727,1.3805810909241585e-242,0.0,0.05
2464,0.522,False,0.0,0.23209999999999997,0.9319,30.0,0.0,0.29030567129891505,0.10251278775658072,1.9031246530532855,0.2517100003878348,1.7981585086057863,0.7000193633851854,0.21260611495129952,0.2122565151706919,0.05,0.15000000000000002,0.05
2465,0.5377,False,0.0,0.22640000000000002,0.9289999999999999,20.0,0.0,0.28553321807065013,0.09479036627647164,1.827083896942717,0.20126174875357145,1.7892666777085318,0.7270821742314372,0.20083722565257026,0.1941119775727024,0.19989225796534033,0.599676773896021,0.05
2466,0.5566,False,0.0,0.18200000000000002,1.0,17.2,0.0,0.2818574589525501,0.09286541678969032,1.7559610344386045,0.1510380734817053,1.5616555555555565,0.0763043685949033,0.1250477375422882,0.08073023524970677,0.014200000000000487,0.042600000000001456,0.05
2467,0.5499499999999999,False,0.0,0.2587,0.9292,22.0,0.0,0.34898649152689737,0.06260775259279203,1.8741060294991172,0.20968887673638312,1.6883565142516137,0.4737397663541318,0.23353683967796748,0.19212396941557564,0.15678500889305108,0.4703550266791532,0.05
2468,0.57075,False,0.0,0.18150000000000002,1.0,10.0,0.0,0.26510480325527397,0.08432143516361323,1.7126457667796262,0.06962761276247827,1.5404000000000002,0.050821648930352493,0.09775557972860997,0.016489973144088364,1.4752621626015342e-242,0.0,0.05
2469,0.59115,False,0.0,0.29219999999999996,0.8901,0.0,0.0,0.33281494931668415,0.061957587656395786,2.0499822119808937,0.46608405368131883,2.0087969797676966,0.9518896519606652,0.31261959885249685,0.32841149655957386,0.31909304465720273,0.6381947227726036,0.05
2470,0.43709999999999993,False,0.0,0.1711,0.9430999999999999,60.0,0.0,0.21627280568044283,0.15010598103452735,1.8314106575318767,0.3694849739163844,1.9652353689473976,1.2380537409331904,0.182952883680099,0.2270496600087954,0.1999967926965514,0.5999903780896542,0.05
2471,0.5295,False,0.0,0.225,0.834,0.0,0.0,0.32180503369016716,0.04041630417039517,1.894876857342163,0.27293559106738247,2.189969562056893,1.134420720039241,0.26302016082320534,0.2667575527858744,0.4588048626038148,0.7583093782102832,0.05
2472,0.5492,False,0.0,0.20170000000000005,0.9367000000000001,10.0,0.0,0.28481885144355673,0.1029287906795253,1.7821104737841686,0.2125402759205169,1.6912831975705802,0.44123542221079987,0.17255756729974459,0.215226223593235,0.17406764295788177,0.5222029288736453,0.05
2473,0.5266500000000001,False,0.0,0.2792,0.8797,26.4,0.0,0.3530633988524771,0.05226502322772282,1.9560057705454938,0.3147650921940565,2.01409398464819,0.8976084820396948,0.2884094380367803,0.274800730391942,0.37182478372250805,0.7507667405458407,0.05
2474,0.45499999999999996,False,0.0,0.24850000000000003,0.7927,32.8,0.0,0.324247288806227,0.11218717728867672,2.0027175187441357,0.3773308962523888,2.198616056560596,0.9886630194438932,0.3154140752077963,0.28015329127754884,0.5643915800789328,0.8615231478229004,0.05
2475,0.6005,False,0.0,0.201,1.0,0.0,0.0,0.29252144979083106,0.013670322389682455,1.7351292197301071,0.04786410822747614,1.5440000000382246,0.05469917740227822,0.10358943488916098,0.003722095693762248,1.311071051589875e-237,0.0,0.05
2476,0.57085,False,0.0,0.18170000000000003,1.0,10.0,0.0,0.2548226367400436,0.07350683643107396,1.7353240970870885,0.057254690336540265,1.5396,0.06592146843024663,0.09727000217669556,0.015521635433262512,3.2538915343614897e-242,0.0,0.05
2477,0.5370999999999999,False,0.0,0.215,0.9391999999999999,20.0,0.0,0.2880841767074509,0.10813788608196162,1.8587850798279544,0.30512128443949216,1.7119526032606653,0.5997488530626229,0.1996954739614856,0.25729025954535045,0.15580000190904453,0.4674000057271337,0.05
2478,0.6005,False,0.0,0.201,1.0,0.0,0.0,0.28160325156545507,0.025414517761654522,1.7316759383514977,0.03638889314616748,1.537633333353202,0.0321788232886823,0.1056329678527684,0.004343089080670712,0.005600000000000363,0.016800000000001092,0.05
2479,0.5200499999999999,False,0.0,0.18570000000000003,0.9343999999999999,20.0,0.0,0.26017023092304,0.12557100336314228,1.8271623938097332,0.328225654511935,1.8104905697876141,0.8382847153462372,0.17181072955720003,0.22688783139511673,0.17781125796810482,0.5334337739043145,0.05
2480,0.5683999999999999,False,0.0,0.2447,0.9320999999999999,10.0,0.0,0.33511119312579957,0.052863082789421235,1.9211733548167522,0.17780962004542428,1.6693104196361208,0.2547386334591483,0.2257484261606712,0.2246751910364164,0.07999876961768503,0.2399963088530551,0.05
2481,0.57075,False,0.0,0.18150000000000002,1.0,10.0,0.0,0.26647631533697436,0.08872152079018468,1.7024954850841465,0.06668999174706328,1.5447,0.051347930824912506,0.0975547136138778,0.016585474618147803,2.3074585773431224e-242,0.0,0.05
2482,0.57075,False,0.0,0.18150000000000002,1.0,10.0,0.0,0.26330347249394637,0.07766256949356973,1.7213917606411928,0.07183900497801969,1.5481222222222226,0.06243575364591434,0.10122823820725331,0.020737998920396433,0.0006000000000002928,0.001800000000000878,0.05
2483,0.54195,False,0.0,0.20529999999999998,1.0,30.35,0.0,0.2678430175173396,0.18306110367906095,1.841497461818486,0.28042662102454197,1.5707,0.07580375980121302,0.16567136137582092,0.1610841067849748,1.6063781893879978e-136,4.819134568163994e-136,0.05
2484,0.5995,False,0.0,0.199,1.0,0.0,0.0,0.27228200918377166,0.016170393400360097,1.7321710168059052,0.05985702742009682,1.5347117187500003,0.06163541609506593,0.10256713651244136,0.0013362713356965838,0.002400000000000318,0.007200000000000955,0.05
2485,0.5995,False,0.0,0.199,1.0,0.0,0.0,0.28437696392423634,0.009539265938990628,1.7380925607086941,0.0667602635243562,1.5699,0.07494591383124236,0.10341409024505041,0.0018019307024841984,3.2485147735368666e-242,0.0,0.05
2486,0.5839,False,0.0,0.20780000000000004,1.0,10.0,0.0,0.3074844325483441,0.032866704568403945,1.7622939926651173,0.04926228660866815,1.6676777777777794,0.23797334351188187,0.12774235463797962,0.04418229743481686,0.06060000000000092,0.18180000000000276,0.05
2487,0.55135,False,0.0,0.21459999999999999,0.9281,10.0,0.0,0.3145847435414826,0.04029605872342951,1.804107257234174,0.2244212555753186,1.8681549119364553,0.9268678315847945,0.18419231423754656,0.2082127011371954,0.202609330136806,0.607827990410418,0.05
2488,0.49104999999999993,False,0.0,0.2446,0.8574999999999999,30.0,0.0,0.3422681548964549,0.12853615686982361,1.9285268696974653,0.2703108978150964,2.1823711246637445,1.2304527365386884,0.30506248517434276,0.272508552614251,0.2535064995699489,0.535815704020297,0.05
2489,0.5266,False,0.0,0.25209999999999994,0.8587,14.4,0.0,0.32303763310415967,0.046340444801780324,1.8967389889943689,0.21278321616529458,1.9625936914789957,0.8394558169063777,0.2767378495159056,0.26101867987924887,0.33882885341384633,0.6778504026554663,0.05
2490,0.5295000000000001,False,0.0,0.2041,0.9285,18.4,0.0,0.28778311116562555,0.08663056296407348,1.8081084381561123,0.19158039346455366,1.7779657145851793,0.7322415607713293,0.18124471087561822,0.21223909812057298,0.1624000640147814,0.48720019204434434,0.05
2491,0.5711,False,0.0,0.21300000000000002,0.9292,0.0,0.0,0.31305929253316106,0.039244561292017206,1.8154539302563493,0.2661138304427522,1.7379963801214218,0.5336120425739322,0.17213109717624925,0.20254889940208798,0.16696586737378566,0.5008976021213569,0.05
2492,0.5708,False,0.0,0.18160000000000004,1.0,10.0,0.0,0.2660687349623592,0.0690553230281391,1.7062354678754441,0.04302032065390139,1.5368,0.06753932187992415,0.0966956819564277,0.015860256621610835,1.1774944394685068e-242,0.0,0.05
2493,0.5719,False,0.0,0.18380000000000002,1.0,10.0,0.0,0.2580527021420891,0.07345370517271574,1.7304811590500342,0.07883359231478089,1.5354444525832935,0.0398809496922202,0.10017101768854535,0.008424260246125694,0.005400000000000361,0.01620000000000108,0.05
2494,0.5358999999999999,False,0.0,0.2173,0.9312999999999999,19.2,0.0,0.2835078535022879,0.09331193143561321,1.851908680588363,0.2764377960415444,1.8046013493937525,0.7060670785023287,0.1939799785026504,0.21722972487268358,0.20080134939375244,0.6024040481812574,0.05
2495,0.5433,False,0.0,0.16660000000000003,1.0,20.0,0.0,0.22828541963999913,0.08831580727027678,1.7055262053858407,0.05681736757311576,1.5794778700086811,0.10019881574620958,0.09379735301570902,0.02224895142899784,0.0030000000000003266,0.009000000000000981,0.05
2496,0.5803,False,0.0,0.20060000000000003,1.0,10.0,0.0,0.27893391908587856,0.08505034362427037,1.778364906302872,0.15825471942613642,1.5316222222222229,0.0700023491669329,0.12370806130651094,0.06534384525817931,0.01660000000000052,0.04980000000000156,0.05
2497,0.5995,False,0.0,0.199,1.0,0.0,0.0,0.28516779389612823,0.01147259228631284,1.7612668107038214,0.04346248407543468,1.5658000000000007,0.07839234656521127,0.10287165396128047,0.0009979696642157445,3.1247551429443454e-242,0.0,0.05
2498,0.5728,False,0.0,0.18560000000000004,1.0,10.0,0.0,0.2544747869573734,0.07267418273531455,1.7127253252096781,0.0568892359666766,1.516,0.025624207304812338,0.10077214375568581,0.01810099462921246,3.010050255258101e-237,0.0,0.05
2499,0.6005,False,0.0,0.201,1.0,0.0,0.0,0.29048707308919225,0.01678873263800992,1.7642746813128312,0.03549509970915545,1.5441017458221977,0.049020674030121635,0.10481169737145993,0.003948730180331983,1.584036962831974e-237,0.0,0.05
2500,0.5111000000000001,False,0.0,0.2776,0.8646,30.0,0.0,0.3520110907942521,0.06778165607238874,1.9709570916950074,0.2680555621930327,1.8944964103763369,0.6737989373237849,0.3166697902758163,0.25714664109975705,0.2697630790866029,0.5927294011317863,0.05
2501,0.5995,False,0.0,0.199,1.0,0.0,0.0,0.2824610621800573,0.013659610304511289,1.7425766964868026,0.040238084526711716,1.5851005967881946,0.07786836791913285,0.10277358823067859,0.001243288468750206,3.4677517641696474e-242,0.0,0.05
2502,0.5025999999999999,False,0.0,0.1951,0.9301,30.0,0.0,0.2669475818900811,0.11436341735144577,1.839992949916239,0.26579771170522143,1.7773751903916524,0.7315902881282368,0.17429373028445988,0.1786102135326416,0.1737655509179336,0.5212966527538009,0.05
2503,0.54355,False,0.0,0.1671,1.0,20.0,0.0,0.2588371584137622,0.11465362704269119,1.6858399619671893,0.06267386693642661,1.5551,0.10925332946871694,0.09637168327075403,0.021699160936551963,2.5195252602701403e-239,0.0,0.05
2504,0.5134000000000001,False,0.0,0.1468,1.0,30.0,0.0,0.2070838157820687,0.11753577340705164,1.671400954485493,0.05329188398809609,1.5945354675292973,0.09336453712237185,0.08740633361767572,0.024807679647422358,0.0020000000000003127,0.006000000000000937,0.05
2505,0.4832,False,0.0,0.16999999999999998,0.9388,35.6,0.0,0.2470240456525655,0.13480933010989432,1.826259705664515,0.3415693135749405,1.8858687707334778,1.0510974382608027,0.1724281143503864,0.24543404109306513,0.22796755545569997,0.6839026663670997,0.05
2506,0.5947,False,0.0,0.199,1.0,2.4,0.0,0.2969026709279817,0.045912347158860244,1.7557044229334877,0.08277472210530266,1.568010210609436,0.07782946467576723,0.10737212926098753,0.018047148363008265,1.8307247866726197e-242,0.0,0.05
2507,0.49754999999999994,False,0.0,0.2405,0.7945999999999999,10.0,0.0,0.30595013168846463,0.10003492262344979,1.9743429587153287,0.3248328422698242,2.304735054252152,1.2348982192206446,0.3244004189621213,0.31566163544349746,0.5141751312140431,0.7882261143673358,0.05
2508,0.5199500000000001,False,0.0,0.24700000000000003,0.8585,16.4,0.0,0.31513931061637235,0.037639400306123595,1.941251073022027,0.2781200488039879,1.9863818088752208,0.7426290807105714,0.25715953917774154,0.25144389635237907,0.3371211328651304,0.6623947144473771,0.05
2509,0.48755000000000004,False,0.0,0.23959999999999998,0.9355,50.0,0.0,0.3321728750693979,0.11380430184470738,1.8881378138195188,0.2720331247173605,1.9128755079384678,1.0906342931533195,0.22584661539940204,0.20525980688956647,0.19963168877010912,0.5988950663103273,0.05
2510,0.5709,False,0.0,0.18180000000000002,1.0,10.0,0.0,0.26379593631503023,0.06910713372480318,1.7175355903695526,0.04224075405370713,1.5487277777777781,0.038487952660540004,0.09761908868741438,0.015371174697935253,0.0010000000000002984,0.003000000000000895,0.05
2511,0.54235,False,0.0,0.1647,1.0,20.0,0.0,0.22715487921959993,0.09578403893961956,1.7210143159754707,0.07426925972255287,1.582567534722223,0.0748736591410525,0.09236291853846676,0.020481514970497286,0.002300000000000395,0.006900000000001185,0.05
2512,0.5995,False,0.0,0.199,1.0,0.0,0.0,0.28501556972923325,0.011604204320778602,1.7389838541281015,0.04423087402406576,1.5413999999999999,0.051276115297475486,0.10268752127423127,0.0011988119226392358,2.0937167639137427e-242,0.0,0.05
2513,0.53545,False,0.0,0.3093,0.8416,20.0,0.0,0.398520286734468,0.06666169240931773,2.0804421522171688,0.2554026661360864,2.0466664723247874,0.7660238942398925,0.37967946259129076,0.2176237221659034,0.42772017322730777,0.7004390634119808,0.05
2514,0.52155,False,0.0,0.19360000000000005,0.9295,20.0,0.0,0.2720567318128083,0.12028160664353786,1.7786557452214793,0.24527387673961895,1.6958423970071306,0.5057780699753249,0.18202725009710685,0.19279823848638034,0.15707427124678672,0.4712228137403601,0.05
2515,0.57085,False,0.0,0.21300000000000002,0.9286999999999999,0.0,0.0,0.3000940732407922,0.03579079935556376,1.8026469828304794,0.17023644570733007,1.7267276921610921,0.5422958197505643,0.17189923621274303,0.20311627237463217,0.16738562071975516,0.5021568621592655,0.05
2516,0.4691,False,0.0,0.24139999999999998,0.8568,40.0,0.0,0.33987068973420953,0.11089969642126009,1.972140491160293,0.29910173863082185,2.085044970393649,1.1190559860379583,0.2953933559749756,0.2611233510571464,0.36807125187294,0.736346884894215,0.05
2517,0.5364999999999999,False,0.0,0.1641,0.9888999999999999,20.0,0.0,0.24698946707305738,0.0909448152390824,1.7294517488442047,0.06697355638973068,1.685211111111112,0.3309014640174495,0.11036525551120488,0.04464023679306738,0.07980000000000088,0.23940000000000264,0.05
2518,0.58965,False,0.0,0.2193,1.0,10.0,0.0,0.3060711867814303,0.04342072468736031,1.7687591848157882,0.08649544035434956,1.5871,0.06691554378468431,0.1315146555863787,0.0637080185791631,1.6722178084058882e-199,0.0,0.05
2519,0.5449499999999999,False,0.0,0.22079999999999997,0.9395,17.6,0.0,0.3046158443391719,0.12027333979006848,1.8516456588947232,0.3109260512654379,1.7260293861834548,0.5734195386379085,0.20422977933670552,0.2478439766926919,0.17390493306588156,0.5217147991976446,0.05
2520,0.48485000000000006,False,0.0,0.19360000000000002,0.9361,40.0,0.0,0.2717633255071019,0.12110468571147129,1.8616951274724833,0.2786841147104074,1.9582756901334584,1.2704099294013727,0.18271814644264922,0.2236518808883479,0.1999985376317665,0.5999956128952995,0.05
2521,0.5375500000000001,False,0.0,0.2537,0.9292,26.95,0.0,0.32848599422221475,0.12360051923638472,1.9509766698984101,0.2564965166467491,1.7876824629312804,0.707123349846127,0.25616414840344864,0.22998352353156257,0.21045821419292987,0.5981481953463833,0.05
2522,0.49865,False,0.0,0.2543,0.8629999999999999,30.0,0.0,0.345632468990375,0.11361183468286963,1.968839782780505,0.33751718771328687,1.9122890381229556,0.7235256616687471,0.29546602819431056,0.27675416111202156,0.31434432075089475,0.6288014197886084,0.05
2523,0.5553,False,0.0,0.19060000000000002,1.0,20.0,0.0,0.25936270754010915,0.08177329282979647,1.7517597937959433,0.0736715489650439,1.5963,0.10135191167412681,0.11379324991558695,0.052269037933183514,4.6413367711272724e-216,0.0,0.05
2524,0.46364999999999995,False,0.0,0.1579,0.9294,40.0,0.0,0.23985707923014213,0.13998530917940843,1.7566576374465452,0.19459234662628747,1.976994814537976,1.277568037316902,0.16107882472150586,0.22823133309560595,0.19988432870294331,0.5996529861088299,0.05
2525,0.5137499999999999,False,0.0,0.14750000000000002,1.0,30.0,0.0,0.21174495415130154,0.11252479060233182,1.6755904788245037,0.0696815810407331,1.6113,0.09776098403760064,0.08737559057621994,0.023282923846217846,1.4238058179396825e-242,0.0,0.05
2526,0.5577,False,0.0,0.19540000000000002,1.0,20.0,0.0,0.2878013136346149,0.0935716147526057,1.7544002129905185,0.07667329896762705,1.5571666666666872,0.047014714008865394,0.117497261883283,0.041919027035509385,0.007700000000000628,0.023100000000001883,0.05
2527,0.6025,False,0.0,0.20500000000000002,1.0,0.0,0.0,0.29431139000911777,0.017806219291941584,1.7706050957935584,0.034883020774527616,1.557,0.08459905436823752,0.10742906172662674,0.010481062550666151,2.1205833695209212e-231,0.0,0.05
2528,0.5710500000000001,False,0.0,0.21300000000000002,0.9291,0.0,0.0,0.29941628477842286,0.01676196766611197,1.7621448730155453,0.17173924077157818,1.8331548713621637,0.7803673208078549,0.16543450288313766,0.18511150065039544,0.17245760954372252,0.5173728286311676,0.05
2529,0.48295000000000005,False,0.0,0.1577,0.9282,30.0,0.0,0.2236506435176957,0.1229487948409342,1.7477919561376414,0.20415812955060833,1.818916420520771,0.7138921336542541,0.1612180509835852,0.22513975550189202,0.17988385795714462,0.5396515738714339,0.05
2530,0.46890000000000004,False,0.0,0.19530000000000003,0.8625,30.0,0.0,0.29220576223318184,0.13443983866299603,1.8906234398669848,0.3374038698167381,1.9609614384658258,0.7924348037449125,0.22841206289570856,0.27276524459551527,0.3244447684125347,0.6488896363113967,0.05
2531,0.44544999999999996,False,0.0,0.2204,0.7905,30.0,0.0,0.292416245208169,0.13961767065805225,2.016292725871032,0.3873212736732908,2.5240757395668436,1.631900646259204,0.3408374143386357,0.3351863513139891,0.5825183400541619,0.8924586855631947,0.05
2532,0.48505000000000004,False,0.0,0.1301,1.0,40.0,0.0,0.17845547250836222,0.11147843790005459,1.6911375860128306,0.09525628673588965,1.5276999999999998,0.030390952601062025,0.08175624030538571,0.025480984332310164,1.2634565247749986e-242,0.0,0.05
2533,0.54215,False,0.0,0.16430000000000003,1.0,20.0,0.0,0.2255224015841369,0.09878525334814865,1.7031124264758504,0.05794340522866887,1.5501,0.05505351941520179,0.09294152074344783,0.021536704629574344,1.4358853935542505e-242,0.0,0.05
2534,0.5609999999999999,False,0.0,0.22759999999999997,0.9343999999999999,10.0,0.0,0.3227774675366468,0.05216380434233185,1.8542115182140537,0.28365247081268385,1.8013891613932356,0.7361108781223384,0.18790420708941755,0.2107888417649621,0.2013839184757226,0.6041517554271678,0.05
2535,0.5431999999999999,False,0.0,0.20639999999999997,1.0,30.0,0.0,0.2866911069085349,0.12742565775299744,1.7975753374905454,0.19885139795351228,1.5718,0.09904221322244372,0.15349754818464006,0.10963239129322237,4.706874738872606e-185,0.0,0.05
2536,0.5995,False,0.0,0.199,1.0,0.0,0.0,0.27331750673205685,0.01023327971914696,1.722337521171039,0.04531648988401902,1.5449,0.059414560504980604,0.10249221023512925,0.001190272380125006,2.8779351610178506e-242,0.0,0.05
2537,0.57085,False,0.0,0.18170000000000003,1.0,10.0,0.0,0.24738752617908166,0.08099092885344901,1.723849001550325,0.05712778500372044,1.5358,0.04466721392699569,0.09778958749682455,0.015855029851736573,2.4835839407689807e-242,0.0,0.05
2538,0.45894999999999997,False,0.0,0.2358,0.7965,28.6,0.0,0.33421010442851273,0.10819231424808559,2.048873172656294,0.43537195672659845,2.5231436850846216,1.588168500503567,0.33983122016471834,0.3249108227757254,0.5523719077849664,0.9865021104728123,0.05
2539,0.5175500000000001,False,0.0,0.1951,1.0,40.0,0.0,0.2570432261070871,0.13225599569128663,1.7856459032938243,0.13412944541961866,1.5573000000000001,0.07085344028344706,0.13302958035651516,0.08063834218817433,1.0451361275887542e-200,0.0,0.05
2540,0.57285,False,0.0,0.23889999999999997,0.9468,10.0,0.0,0.3298505423724181,0.062222298557766315,1.881899780407648,0.35938271971533553,1.847708470510376,0.9470976071155105,0.21585782974529688,0.28440532258653906,0.16380046675507887,0.49140140026523654,0.05
2541,0.47145,False,0.0,0.3567,0.6921999999999999,26.5,0.0,0.43147356530003894,0.0795875261107399,2.3241349023506044,0.3529492494491162,2.424057851498714,0.9749820443651142,0.5753189891774149,0.3324407941352208,0.7707552738359739,0.8111938797187604,0.05
2542,0.5995,False,0.0,0.199,1.0,0.0,0.0,0.2887347039368784,0.0183608087868096,1.7342300893363465,0.060040064588089644,1.5972,0.08509735601063063,0.1034445665790265,0.002148437175402457,1.203369445931881e-242,0.0,0.05
2543,0.5139,False,0.0,0.273,0.7948000000000001,10.0,0.0,0.32482074475174944,0.0615284569427172,2.001267207564058,0.3237391316049901,2.1100712200815672,0.893957529228875,0.3478875549110291,0.3105746673257268,0.48356824152644917,0.7390119514632695,0.05
2544,0.45994999999999997,False,0.0,0.2569,0.8629999999999999,50.0,0.0,0.3322869617287513,0.11425802752531918,1.9506936071852112,0.2982451840116869,2.1468093225578615,1.0368064254304983,0.30096163028215883,0.2634801057462407,0.3300202576796164,0.6622563043302363,0.05
2545,0.5468500000000001,False,0.0,0.2153,1.0,30.4,0.0,0.3120686576051395,0.11181588876630168,1.8166565482953332,0.1520209475027421,1.5585555813259553,0.04793304817924019,0.15304375077310434,0.09226832673315954,0.0034000000000003324,0.010200000000000998,0.05
2546,0.5995,False,0.0,0.199,1.0,0.0,0.0,0.27128752234785974,0.020334534207823062,1.714777847133059,0.06001407433407841,1.5299,0.03429999999999996,0.10218151263432955,0.0012091557188444694,1.4574180842877172e-242,0.0,0.05
2547,0.57075,False,0.0,0.18150000000000002,1.0,10.0,0.0,0.25534398533602326,0.07748677414582193,1.694545145132778,0.049420475947976016,1.5762999999999998,0.05781012022129001,0.09648378792739354,0.01619025752420216,1.4281940769617302e-242,0.0,0.05
2548,0.46919999999999995,False,0.0,0.20800000000000002,0.8632,33.2,0.0,0.3016301190209304,0.1434706719974104,1.8596565730300831,0.3233949246159271,1.97051453957192,0.8218629208517679,0.2535257312110931,0.293549285727362,0.3328943350045609,0.666096490297336,0.05
2549,0.5723,False,0.0,0.18460000000000001,1.0,10.0,0.0,0.2824597257718991,0.08888567400609089,1.7298532580219201,0.07723783970447042,1.5629000000000002,0.0878435541175333,0.10617445620813384,0.01798844665984288,1.555990086826806e-237,0.0,0.05
2550,0.5714,False,0.0,0.18280000000000002,1.0,10.0,0.0,0.2642751425404878,0.07513023816090722,1.7100526612999623,0.05213131932636515,1.5681,0.06966842900482255,0.0995917261073812,0.012800506014029881,2.3275848920211194e-242,0.0,0.05
2551,0.57395,False,0.0,0.2517,0.9362,10.0,0.0,0.3271418307942191,0.06814659277577081,1.927625791137625,0.2644071317730935,1.8008270674014337,0.8344344877987291,0.23415326396111,0.24154953780647573,0.09733333333333334,0.29200000000000004,0.05
2552,0.4341,False,0.0,0.2459,0.7263,26.0,0.0,0.3424197322284163,0.12598006603739892,2.064007559830827,0.4191666755163009,2.283062119499102,0.9799291419125942,0.41757523224367,0.3572144319640456,0.43537576817754375,0.584494081890051,0.05
2553,0.4953,False,0.0,0.25749999999999995,0.8131,20.0,0.0,0.3219126923099564,0.1276694758418122,2.0266721688491094,0.3924134396336065,2.245072320352267,1.016647452336765,0.35037677562268665,0.33653207444029754,0.48625306646468636,0.7416245433693015,0.05
2554,0.4996000000000001,False,0.0,0.26460000000000006,0.7346000000000001,0.0,0.0,0.3766614207578913,0.11930695941454686,2.066090760221043,0.3781974435541692,2.3409821112379703,1.0334653046151636,0.4089452364092886,0.3732574431804419,0.5578225811165203,0.7173918193262947,0.05
2555,0.5995,False,0.0,0.199,1.0,0.0,0.0,0.29317768363929153,0.01944490457961218,1.7117085119291668,0.047044588614561726,1.5535,0.05466488818245217,0.10372183750177093,0.001842018757922061,1.7266435954030677e-242,0.0,0.05
2556,0.52055,False,0.0,0.189,0.9320999999999999,20.0,0.0,0.25702125848246665,0.12763248849684608,1.8080702246391582,0.27292841790455014,1.7257080249029333,0.6405074792863836,0.17161912597305146,0.2076397748319738,0.17210802490293314,0.5163240747087994,0.05
2557,0.48499999999999993,False,0.0,0.24989999999999996,0.8000999999999999,20.0,0.0,0.3305108551347982,0.1460467023496186,2.0086024712258044,0.37765754612684926,2.137908965150858,0.8675006936006502,0.33946290690733627,0.32458066326683166,0.5150433332979738,0.7976968703661899,0.05
2558,0.54725,False,0.0,0.2044,0.9301,10.0,0.0,0.28239994783785366,0.11197799449299148,1.8396334634911646,0.18247262126608293,1.7382986536108873,0.5371220779431732,0.18252289479179612,0.22837873581530863,0.1706529388445363,0.511958816533609,0.05
2559,0.5422,False,0.0,0.16440000000000002,1.0,20.0,0.0,0.22978839462332049,0.11026396002270286,1.699665594920554,0.06085161467490839,1.5550000000000002,0.0904422467655465,0.09370417041692493,0.021713047065805256,1.9444537754748158e-242,0.0,0.05
2560,0.42665,False,0.0,0.3353,0.6268,27.2,0.0,0.4471047119244115,0.13186809309725728,2.3744738637986122,0.4437550144425874,3.0164816922062734,1.062383837887602,0.6175585090158038,0.375693333886089,1.0879355539409956,0.852315061609157,0.05
2561,0.57955,False,0.0,0.1991,1.0,10.0,0.0,0.2703672609405358,0.086865744293982,1.751596866767974,0.11833356535433809,1.5510002690831821,0.06985279462300983,0.12135560979135877,0.05831326137318114,9.580944460625202e-209,0.0,0.05
2562,0.4943,False,0.0,0.2152,0.9334,40.0,0.0,0.26463747700028434,0.10890847991899483,1.8608939317502031,0.2951026080425354,1.7793270196667543,0.6578407296079344,0.2209606162072552,0.23587537885784013,0.16769645229630448,0.5030893568889134,0.05
2563,0.57075,False,0.0,0.18150000000000002,1.0,10.0,0.0,0.2646828581739264,0.0742112482696934,1.7276225863566324,0.06384283912773564,1.5729444444465146,0.07739871517778021,0.09672029568661009,0.0166473803720587,0.006300000000000366,0.018900000000001096,0.05
2564,0.5135000000000001,False,0.0,0.14700000000000002,1.0,30.0,0.0,0.20354567690734476,0.10782576989635607,1.6752337323284086,0.061761014347840565,1.5389000036458174,0.0427093733210498,0.08632635461745858,0.02421051828250507,4.717120141853954e-243,0.0,0.05
2565,0.5654000000000001,False,0.0,0.21300000000000002,0.9306000000000001,3.2,0.0,0.2892889609442908,0.03614266224802375,1.8166000595239182,0.24537319928458048,1.8198520143879464,0.7731633149778494,0.16925031398027301,0.16687904111927956,0.05,0.15000000000000002,0.05
2566,0.55785,False,0.0,0.2526,0.9431,20.0,0.0,0.31783500902571604,0.05839146043361966,1.911267202801983,0.2919083920989027,1.727112626849911,0.6073018966544889,0.218916702834347,0.23081136541789696,0.1752726141565021,0.5152395133850559,0.05
2567,0.55825,False,0.0,0.2193,0.9372,10.0,0.0,0.3071481734105891,0.03360176679650495,1.808989464283141,0.2877550578349736,1.767484889223077,0.6447303546689385,0.17622020254320853,0.21726638840459495,0.15570140775149544,0.46710422325448625,0.05
2568,0.5072,False,0.0,0.23020000000000002,0.8642,20.0,0.0,0.32599658560788053,0.055019642993241476,1.940151692525434,0.3769485555842675,2.174643071453054,1.361736256481905,0.24392128099159058,0.2765507979562646,0.35410263284273763,0.715602804972202,0.05
2569,0.5308999999999999,False,0.0,0.26749999999999996,0.8743000000000001,20.0,0.0,0.36767464262386684,0.12124584969211968,1.9881691343044374,0.3895199314354024,1.9642147882545664,0.7771804053559194,0.3094733434875184,0.3368878774398621,0.36777866625352545,0.741008019250547,0.05
2570,0.57085,False,0.0,0.18170000000000003,1.0,10.0,0.0,0.2557779168828799,0.07647705984346465,1.726854947846821,0.06252557956429676,1.5499,0.056479111182808094,0.09862509249289093,0.016183359165588246,2.4647607690341597e-242,0.0,0.05
2571,0.50925,False,0.0,0.27899999999999997,0.8594999999999999,30.0,0.0,0.35567888182458196,0.08113832148513861,1.9978389278736113,0.25491203735178286,2.155400171115204,0.9845621074050185,0.32783318994871297,0.2581728017148563,0.4206704445451698,0.6636086058536624,0.05
2572,0.6088,False,0.0,0.21760000000000002,1.0,0.0,0.0,0.284384931734275,0.015606692259756085,1.7581153632399573,0.12065484535437689,1.5622,0.05834346578666714,0.1257423593676915,0.051751047521942345,1.46629135284587e-205,0.0,0.05
2573,0.46614999999999995,False,0.0,0.2663,0.7971999999999999,32.8,0.0,0.3267280692449468,0.10954860487263063,2.0610484963189375,0.32065769858669135,2.2346342097031444,1.1370980994562396,0.36907950361698566,0.30855610521868254,0.5617096213097248,0.8646754965801499,0.05
2574,0.5722,False,0.0,0.1844,1.0,10.0,0.0,0.2738958649329535,0.08573153337938758,1.7177165286654676,0.05537043795847125,1.5507,0.04566628953615568,0.09922910960879865,0.01571540319003021,4.843633780271341e-237,0.0,0.05
2575,0.48520000000000013,False,0.0,0.2331,0.8815000000000002,36.05,0.0,0.30618621686834196,0.16822921459811485,1.9841535805679467,0.476569469648392,1.9101345139815944,0.6449935412934753,0.2893282392893587,0.33369432817234057,0.28066093415698184,0.5756853500564021,0.05
2576,0.45075,False,0.0,0.1917,0.8625999999999999,38.2,0.0,0.2608634753281843,0.12848217716802313,1.9150968264910815,0.3780006512406143,2.0839158507723345,1.1281193382127865,0.22578294086332154,0.2750956149274469,0.37019292744243637,0.7421619355508411,0.05
2577,0.5441,False,0.0,0.16820000000000002,1.0,20.0,0.0,0.24271455671161174,0.10307295430544007,1.6966611382974353,0.0584658638199632,1.5358000000000003,0.04900367333170052,0.09820285135367748,0.026073384886069712,2.1481234482698797e-237,0.0,0.05
2578,0.42574999999999996,False,0.0,0.3005,0.751,50.0,0.0,0.3855865535256967,0.16444655568261685,2.223834599606726,0.5050312960656438,2.3999245095686397,1.1178011816989841,0.4592894165838941,0.35875693191711067,0.717044802444504,0.8825308840733053,0.05
2579,0.58665,False,0.0,0.2133,1.0,10.0,0.0,0.3074514597369237,0.030153332229658117,1.7503210438151153,0.06986655155138873,1.5768000001673734,0.060401655800973064,0.1282287191306389,0.06489556429182143,1.6722178093314007e-199,0.0,0.05
2580,0.5709,False,0.0,0.18180000000000002,1.0,10.0,0.0,0.26141619755108003,0.07597629677145429,1.6880346990436255,0.057406774232588435,1.5501999999999998,0.06714432217246669,0.09719823393203458,0.015283712896128714,1.9001634049393195e-242,0.0,0.05
2581,0.57085,False,0.0,0.18170000000000003,1.0,10.0,0.0,0.25159637090856285,0.06759925704296162,1.708064704695626,0.06505025373942348,1.5426000041147074,0.05887308931240365,0.0971371320843684,0.015812639485221054,1.6174012697704191e-242,0.0,0.05
2582,0.5346000000000001,False,0.0,0.2292,1.0,40.0,0.0,0.32645303573699147,0.10780541074738782,1.8381626325711031,0.1456403077963671,1.5913,0.07665383225905928,0.17584318580349256,0.11238279873718676,5.883593356874093e-186,0.0,0.05
2583,0.5654,False,0.0,0.2407,0.9301,10.0,0.0,0.3254580742867065,0.04370107388820646,1.9063112953049093,0.2597271171909548,1.781158140237146,0.5508184349536477,0.2060680366202913,0.17789555221628275,0.16426039571962203,0.4927811871588661,0.05
2584,0.4932,False,0.0,0.20140000000000002,0.865,20.0,0.0,0.26354482243593313,0.11260473135231783,1.8722750963536128,0.3571872361380354,1.9508962316580871,0.8382517082191779,0.2371538030589385,0.2929050742871634,0.30832126259384046,0.6072468891829612,0.05
2585,0.5708,False,0.0,0.21270000000000003,0.9289,0.0,0.0,0.29545797162284754,0.024394686260327238,1.79775098763929,0.19526061632589936,1.7743031471322763,0.7150931996748866,0.16738377034998306,0.18938923046865203,0.15771064115464978,0.4731319234639493,0.05
2586,0.57085,False,0.0,0.18170000000000003,1.0,10.0,0.0,0.25616159477257366,0.07847226216213281,1.715261006623921,0.06686119118173717,1.5518999999999998,0.08031369746189003,0.0968210162886716,0.015471770035138433,1.9381182492671887e-242,0.0,0.05
2587,0.48495000000000005,False,0.0,0.12990000000000002,1.0,40.0,0.0,0.1920972869124878,0.1227183994619758,1.6928545513565514,0.07794329374411266,1.5577999999999999,0.057561792883821794,0.08158322492892703,0.02505787960235859,1.6503168567969888e-242,0.0,0.05
2588,0.5467499999999998,False,0.0,0.27870000000000006,0.9347999999999999,30.0,0.0,0.3305364006559719,0.1402704238778925,1.98103447647057,0.3573911889270286,1.7562233667684215,0.727901074925895,0.28074133345122454,0.25012279313328634,0.063,0.189,0.05
2589,0.5466000000000001,False,0.0,0.2556,0.8682000000000001,7.65,0.0,0.3761490613529232,0.0880612058762836,1.9703145537951194,0.26311258553452777,1.9962043782012173,0.855902690212442,0.30135786158574956,0.3033081191141003,0.3615476165012545,0.723204913990764,0.05
2590,0.49605,False,0.0,0.267,0.7314999999999999,1.6,0.0,0.33187501802574787,0.07868098053239861,2.078071085033418,0.44043656275982956,2.5769599468035636,1.2261302099551585,0.390806107584702,0.35055855741327807,0.5611192115041275,0.7531095887006213,0.05
2591,0.57075,False,0.0,0.18150000000000002,1.0,10.0,0.0,0.24511439185285008,0.07148418396468495,1.7152561643734152,0.0530167715139381,1.6168111111111123,0.19804592340611155,0.10209188594382934,0.025007400785924453,0.04830000000000096,0.14490000000000286,0.05
2592,0.43655,False,0.0,0.267,0.7261,30.0,0.0,0.3867777365355867,0.09776381077137744,2.0790442012463286,0.38532712628343724,2.5248112260236004,1.2907971113125802,0.42748373607261014,0.34446929278144334,0.5211579119728154,0.7188127315661093,0.05
2593,0.54225,False,0.0,0.16450000000000004,1.0,20.0,0.0,0.2247079449663283,0.09360779800309732,1.6673629694345216,0.05002600480304216,1.5777000000000028,0.06531163755411941,0.09173209352274782,0.02032976528142097,1.2672984554992218e-242,0.0,0.05
2594,0.55265,False,0.0,0.2045,1.0,24.8,0.0,0.2927948573609148,0.10658011077394199,1.7713612067977933,0.16138309392028685,1.5368,0.061875358584819545,0.13441656651548076,0.09043513255212847,2.941792534122501e-186,0.0,0.05
2595,0.5599999999999999,False,0.0,0.2,1.0,20.0,0.0,0.26907129778531297,0.08923911195153764,1.7542587709545454,0.07244937991253506,1.5406,0.03987279774482849,0.12270654530332355,0.046309811967533976,3.8180906076863504e-220,0.0,0.05
2596,0.5424,False,0.0,0.19560000000000002,0.9292,10.0,0.0,0.267543194573358,0.08133294798540244,1.7749522815564833,0.1624361793703648,1.8856390936259841,0.9021776551691519,0.16203280319600186,0.19289332381951063,0.20233451662855764,0.6070035498856728,0.05
2597,0.5539499999999999,False,0.0,0.35269999999999996,0.8112,14.0,0.0,0.4036726647367118,0.1385424128293057,2.26759552120293,0.43561849913687356,2.160695064033907,1.0232695348149639,0.46822264453452156,0.32536810231336294,0.3783411441528019,0.6417886038324342,0.05
2598,0.54225,False,0.0,0.16450000000000004,1.0,20.0,0.0,0.2400700346610592,0.10296895344972753,1.720214726505943,0.08854958748481534,1.5582,0.05211679191968743,0.09255782208707318,0.021423500827537325,2.099302956954117e-242,0.0,0.05
2599,0.4653,False,0.0,0.22209999999999996,0.8748999999999999,41.6,0.0,0.2932840643901994,0.14733477154297572,1.933554917736977,0.3789493642554321,1.8795403722911446,0.7146098316068648,0.2651539082335913,0.27431636604095416,0.2839795738180711,0.6322028362414709,0.05
2600,0.51855,False,0.0,0.2298,0.9286999999999999,30.35,0.0,0.31384847901089974,0.10148641903903705,1.8511879692714186,0.21039888382340732,1.7516062547147893,0.5112467086854219,0.22250478117701827,0.22031896717642216,0.15321190031595103,0.4596357009478531,0.05
2601,0.5244,False,0.0,0.21760000000000002,0.8712,10.0,0.0,0.34470334901579985,0.18936250723270975,1.9199067341671339,0.3740288754103213,1.9703281758528792,0.8577214090252218,0.2551007571210314,0.3177504727692097,0.3430087139488742,0.682820768089297,0.05
2602,0.5194,False,0.0,0.24100000000000002,0.8778,20.0,0.0,0.3260010116034072,0.13164367178774308,1.939632539923292,0.3903902952126725,2.0070665843457602,0.9664427122473468,0.2825216052397007,0.31870799308210623,0.33725841196617423,0.6745175369728493,0.05
2603,0.49055,False,0.0,0.259,0.7221,0.0,0.0,0.3492392776172892,0.08614217241635795,1.9952762165674893,0.30027047303544063,2.2945288311964775,0.9408153960657196,0.3765640822465158,0.3320936117174169,0.5377796824363984,0.72802516542187,0.05
2604,0.5931,False,0.0,0.2262,1.0,10.0,0.0,0.312490241185736,0.07180255806127368,1.7950121614545356,0.18311743816393483,1.5558000000000003,0.04958588508839962,0.14186716334212135,0.10921076361457054,0.0012000000000003013,0.003600000000000904,0.05
2605,0.56525,False,0.0,0.24710000000000001,0.9390000000000001,13.9,0.0,0.33682885406616847,0.07740951058502037,1.9329409827436952,0.3668250213086553,1.9416775206951165,0.9117459080922689,0.23822013204099363,0.2880048057970219,0.28255005555538115,0.6282324540101695,0.05
2606,0.5995,False,0.0,0.199,1.0,0.0,0.0,0.2766872186052968,0.016041506826982486,1.7459892636884486,0.044764146147668646,1.5325,0.04161790480069844,0.10199976965474175,0.0009935192824921018,3.1255389513457283e-242,0.0,0.05
2607,0.56485,False,0.0,0.2097,1.0,20.0,0.0,0.29084351631370164,0.10448348417918804,1.796829733084639,0.16888420336974733,1.5551013591685643,0.05013315632551974,0.1387648306135137,0.11521389499907451,1.111379358872612e-163,0.0,0.05
2608,0.5536500000000001,False,0.0,0.24180000000000001,0.8655000000000002,0.0,0.0,0.3022543810936039,0.041646159424221625,1.9121090784836272,0.3079527427634175,1.9055410770037038,0.7354656701450601,0.25591122945355477,0.2685408081424315,0.3403788560330993,0.6803299096924457,0.05
2609,0.5224,False,0.0,0.25820000000000004,0.9286,35.5,0.0,0.3224625169672922,0.16728605902850505,1.943126761026555,0.28000952859689104,1.8060283131833903,0.7452042023211206,0.27350493745722326,0.21887163295574727,0.1836538340167166,0.549296858175239,0.05
2610,0.4945999999999999,False,0.0,0.2205,0.9286999999999999,40.0,0.0,0.30872313902678156,0.10191715941057782,1.8464864881339935,0.2179075208929102,1.8816979520763817,0.9250730021010765,0.20303586279291402,0.20099941542629127,0.19686149632793892,0.5905844889838168,0.05
2611,0.4654499999999999,False,0.0,0.27569999999999995,0.74,21.2,0.0,0.33232951933071864,0.10953332568888476,2.1322530286320993,0.42944397818562785,2.414416700463161,1.1437979947719459,0.4350391573761331,0.35561507832255224,0.5125785253800628,0.6965982688525152,0.05
2612,0.5422,False,0.0,0.16440000000000002,1.0,20.0,0.0,0.2267010622545313,0.0981365314370028,1.6940406332652436,0.05162366312142244,1.572,0.11648690913574801,0.09234984329312267,0.02117536621411609,1.4735492074652847e-242,0.0,0.05
2613,0.57085,False,0.0,0.18170000000000003,1.0,10.0,0.0,0.26317240056897784,0.07134391286939096,1.7325432789890776,0.06437759933964483,1.5224,0.035542087727087744,0.09719394247202275,0.015713092429108958,3.1122722241942403e-242,0.0,0.05
2614,0.4963,False,0.0,0.22210000000000002,0.9305,40.0,0.0,0.30740277898159085,0.10093481139989723,1.852448297557873,0.2452294308155878,1.6939573471458147,0.48058298209766165,0.19656931756639118,0.18218669869728074,0.16822668686617911,0.5046800605985374,0.05
2615,0.52895,False,0.0,0.2694,0.8653000000000001,19.2,0.0,0.3532317198747751,0.06039601629416452,1.9950478642204328,0.36325014410238043,2.0861040974661846,1.1216147089419384,0.30246103920779627,0.28121843478326297,0.38673890084024354,0.7790492906360528,0.05
2616,0.518,False,0.0,0.21380000000000005,0.8622,10.0,0.0,0.29415490697325664,0.11366266304503915,1.8822439314940784,0.29275296678225793,1.889101150579036,0.6399532343018283,0.2361808615315822,0.2672356451895061,0.23940207729371168,0.5109748292744876,0.05
2617,0.5669500000000001,False,0.0,0.25389999999999996,1.0,30.0,0.0,0.3269837549145316,0.11233094561332037,1.8704921632014009,0.1558200292917511,1.5779999999999998,0.06828616258071618,0.18534064133816947,0.09801428551096193,5.0539682143868276e-176,0.0,0.05
2618,0.57075,False,0.0,0.18150000000000002,1.0,10.0,0.0,0.2454836107967477,0.07705493233253502,1.7220476079876896,0.05951036927081819,1.557239584289823,0.055205372819889166,0.097631896917333,0.016515668777131374,0.0013000000000004236,0.003900000000001271,0.05
2619,0.5902000000000001,False,0.0,0.199,0.9814,0.0,0.0,0.29748551699481157,0.02240027411628617,1.795136729496868,0.10996827010406694,1.7783777777777803,0.3944770696992698,0.13867093050218376,0.06996518278982267,0.14690000000000175,0.2951692565292024,0.05
2620,0.5995,False,0.0,0.199,1.0,0.0,0.0,0.28434660459839795,0.020527655641128677,1.7571418561052432,0.05526094787918569,1.5825222222222233,0.16971659055941546,0.10580929402046943,0.012519324658839311,0.039100000000000835,0.1173000000000025,0.05
2621,0.6005,False,0.0,0.201,1.0,0.0,0.0,0.2698699616233574,0.02069761203730699,1.7428667967116975,0.04050614328000808,1.536,0.04590642656535139,0.10349710440881035,0.00412203441088343,1.1304929171150065e-237,0.0,0.05
2622,0.51235,False,0.0,0.22149999999999997,0.9328,32.4,0.0,0.3193382194304354,0.11819909789101704,1.8468093916471535,0.1958492123314934,1.7475152818695474,0.5871058214822286,0.21116939603448853,0.21950407264161303,0.16475786437702558,0.4942735931310767,0.05
2623,0.3498,False,0.0,0.15240000000000004,0.7872,60.0,0.0,0.18376931697325305,0.14751921666613804,1.8671120733909146,0.34468306115691727,2.224763698439517,1.1005680353143918,0.27352699701097855,0.3205146084839539,0.4946132491001925,0.7576446825184071,0.05
2624,0.51595,False,0.0,0.21190000000000003,0.86,10.0,0.0,0.2888148473847093,0.10668478789418138,1.8816783400741959,0.3058894882121394,2.0662336010123505,1.1160438122027796,0.23624585460018793,0.2749562086872748,0.25531664768322926,0.6175456805569857,0.05
2625,0.5128999999999999,False,0.0,0.24829999999999997,0.8574999999999999,20.0,0.0,0.31887548668329757,0.042784375472570586,1.8477217145583769,0.2262172411101687,2.0013430150392937,0.9156437707688995,0.27093334052806367,0.26223465826487596,0.34389200740199455,0.6912368743565773,0.05
2626,0.47655,False,0.0,0.29589999999999994,0.8172,40.0,0.0,0.34864232403546647,0.06943852579787292,2.064498639509953,0.41823716112644027,2.4693916603200163,1.4935793694901478,0.3762997071581264,0.33922787921023745,0.5601495265126533,0.862433862146982,0.05
2627,0.4915,False,0.0,0.24539999999999998,0.8576,30.0,0.0,0.3036925500744661,0.12240233385995881,1.9425144365385982,0.2605787891714767,2.0674410512115777,1.0689976186683674,0.28602657526026,0.26962674170707934,0.35390088810296416,0.7153729727126118,0.05
2628,0.4313,False,0.0,0.262,0.7942,48.4,0.0,0.34084712663825284,0.1701181737194198,2.0484131526781235,0.37616916865141853,2.0845020165857044,0.8398004115947599,0.37232461425529817,0.281487974966839,0.5101567679244197,0.7793248444710127,0.05
2629,0.6035,False,0.0,0.20700000000000002,1.0,0.0,0.0,0.3159328501424184,0.03153748596845843,1.760176564245524,0.0479183868336394,1.574542498290539,0.0713529417087491,0.11139219115669496,0.015591236661892716,1.0247468252883773e-225,0.0,0.05
2630,0.51335,False,0.0,0.1467,1.0,30.0,0.0,0.20747875474308214,0.10851973540365448,1.7025573841314543,0.06737860857069368,1.5333,0.0622768817459577,0.08607901954289988,0.024904891222350335,2.1350192717095473e-242,0.0,0.05
2631,0.49555,False,0.0,0.24429999999999996,0.8667999999999999,30.0,0.0,0.34015119040379416,0.14601858446141003,1.965101807091162,0.3607415340221139,2.0117772794923647,0.8892923019661408,0.2940917242713692,0.3008113616833455,0.35795335984232834,0.7197440577489006,0.05
2632,0.5201,False,0.0,0.253,0.8768,22.4,0.0,0.3055477503980861,0.10801170564458223,1.945978351434502,0.3747710565200206,2.020024263978191,0.9511499210884259,0.2836334426203909,0.2867699853873433,0.2517177981521086,0.6070740078497864,0.05
2633,0.5664499999999999,False,0.0,0.23399999999999999,0.9389,10.0,0.0,0.319041453059692,0.06052160939920599,1.8636362241755577,0.23354223764875978,1.7410713544723735,0.5518228768857358,0.20421226794420594,0.24378346440627238,0.16699923647350762,0.5009977094205229,0.05
2634,0.5064,False,0.0,0.2608,0.8719999999999999,30.0,0.0,0.3656331046022044,0.1695414687944622,2.0151768958455496,0.33873038311442333,2.1838600683077187,1.2693369362460591,0.3143212987485155,0.31050797814775144,0.39817480686709156,0.8025746475959186,0.05
2635,0.56965,False,0.0,0.21300000000000002,0.9295,0.8,0.0,0.29109074511800437,0.03632093647445433,1.7904722439995582,0.18317196047389175,1.7629409447617743,0.667477048620241,0.17407035200257068,0.2034445389347019,0.1707413032796904,0.5122239098390711,0.05
2636,0.5524,False,0.0,0.2151,0.9297000000000001,10.0,0.0,0.30237729308696737,0.11258012679494638,1.8330819123550888,0.20130348930500783,1.7983496448791634,0.6456039278289513,0.19623283261069477,0.22003489899573198,0.1860736462126477,0.5582209386379431,0.05
2637,0.48189999999999994,False,0.0,0.2218,0.8619999999999999,30.0,0.0,0.28585881369754657,0.0865777554918,1.900421326986041,0.3304401735938737,1.9517712009567503,0.6967653228832293,0.24189296399040447,0.26062070628536443,0.309240308472947,0.6189884154161815,0.05
2638,0.5064000000000001,False,0.0,0.2921,0.8103,22.4,0.0,0.36092732942853356,0.08637937027825805,2.138981636162727,0.46455714406621124,2.240687619934673,1.0194611260833757,0.3750118414598883,0.33749833510446064,0.5546068232712682,0.767202689550752,0.05
2639,0.6079,False,0.0,0.21580000000000005,1.0,0.0,0.0,0.27807962407103254,0.033226799041189685,1.7914506658523475,0.13537293260352787,1.5098,0.016302147097851837,0.12497119970937469,0.06559913331778418,7.521125501756959e-194,0.0,0.05
2640,0.5422,False,0.0,0.16440000000000002,1.0,20.0,0.0,0.22592547850615716,0.09605208803840871,1.708715792623223,0.06888190851714711,1.61,0.15744141767654413,0.09148205684184327,0.02097532403640563,1.6320926923316758e-242,0.0,0.05
2641,0.5995,False,0.0,0.199,1.0,0.0,0.0,0.2757231505938107,0.016409676634514057,1.7249059172528753,0.045699323492678884,1.5691000000000002,0.06236417240691966,0.10351580781366146,0.001706152850004804,2.5810443615523923e-242,0.0,0.05
2642,0.5995,False,0.0,0.199,1.0,0.0,0.0,0.2698541749580442,0.010028454415661055,1.702596499015715,0.04244768701283705,1.5161000000000002,0.017756407294269822,0.1025945811812621,0.002777969979152648,1.3896240461355318e-242,0.0,0.05
2643,0.5440499999999999,False,0.0,0.16810000000000003,1.0,20.0,0.0,0.24905604670687148,0.10245381338708397,1.729248091994598,0.07700470540499794,1.5591000000000002,0.06718697790494821,0.09670056866660645,0.025943072610622408,9.997005491078059e-237,0.0,0.05
2644,0.47195,False,0.0,0.3296,0.7535000000000001,34.8,0.0,0.417865373724157,0.17971250870012226,2.2574930832887468,0.4926516733808682,2.262627125999871,0.9642962241549673,0.4796124121852309,0.3185980032306326,0.4421177019929872,0.6176667683975715,0.05
2645,0.5995,False,0.0,0.199,1.0,0.0,0.0,0.29366339237485134,0.019321990140477852,1.7354071908656326,0.039201882769110824,1.5776,0.048514327780563984,0.10440593474400581,0.002093695998239394,1.7562184897603575e-242,0.0,0.05
2646,0.5995,False,0.0,0.199,1.0,0.0,0.0,0.29532846537409985,0.012664767679343965,1.7432618825406057,0.03364602442580508,1.5549000000000002,0.07049744676227646,0.1027961748292447,0.0019766957469698363,2.7823983429879225e-242,0.0,0.05
2647,0.46534999999999993,False,0.0,0.28809999999999997,0.745,25.6,0.0,0.3741034419801011,0.06541735734278423,2.126396462129523,0.4781522936430821,2.5003234267369345,1.2036167110548661,0.4195697741632566,0.36152114208209457,0.6996845030600756,0.8682568977781667,0.05
2648,0.4765,False,0.0,0.251,0.8620000000000001,40.0,0.0,0.3089799448708918,0.1359909398471305,2.0000042352070246,0.33452795158563225,1.9752520711061827,0.852473927724115,0.3004761686476688,0.25964675410185456,0.20159557610327522,0.4627865713657083,0.05
2649,0.5744,False,0.0,0.2428,0.93,6.0,0.0,0.2955752267782902,0.046424455817857174,1.8639266905758185,0.21084247435446768,1.8214597155168015,0.8303679252218432,0.2163221340776597,0.2138249132423945,0.1978805488501347,0.5889897699886391,0.05
2650,0.45615,False,0.0,0.2411,0.7912,30.0,0.0,0.3357783513527505,0.060114679667056636,1.9585213109460278,0.33649616204556726,2.4634691963462814,1.485301104796215,0.3205491864091455,0.3259660925049311,0.42731399988448693,0.7274111060239855,0.05
2651,0.6005,False,0.0,0.201,1.0,0.0,0.0,0.3014195176906528,0.025573448442794598,1.7471785159847162,0.04728451205780593,1.5850000000000002,0.07033064765804453,0.10424966465948515,0.006055590331013618,1.8506585455212989e-239,0.0,0.05
2652,0.43674999999999997,False,0.0,0.3202999999999999,0.6732,30.0,0.0,0.39791610065343425,0.10706026023362465,2.2958067854362385,0.46014037135159347,2.5582850775342445,1.0604305208502616,0.5279651052959691,0.3360512600189439,0.7992857417256374,0.8604931507091449,0.05
2653,0.5678,False,0.0,0.24699999999999997,0.9286,10.0,0.0,0.31988664490611146,0.050142530132017596,1.884842347524597,0.1795421184193473,1.6863296194146244,0.5069672414523126,0.2147545999531706,0.1996570857524787,0.15290000121052733,0.45870000363158203,0.05
2654,0.47944999999999993,False,0.0,0.2702,0.7975,27.2,0.0,0.3692608823912978,0.07901273025307669,2.0495358009745663,0.38918642556264654,2.1672428602621894,0.9563734621544737,0.3591766183087973,0.32564671427260194,0.48164615275305034,0.7361073534141941,0.05
2655,0.4256500000000001,False,0.0,0.24339999999999998,0.7935000000000001,46.4,0.0,0.31272175830815513,0.15044226763318805,2.0166784906435984,0.3659954433677774,2.186896360583534,0.9493664189723651,0.3437759597956217,0.2963045879007758,0.5042948236991844,0.7650749928597012,0.05
2656,0.5422,False,0.0,0.16440000000000002,1.0,20.0,0.0,0.22382503302784867,0.09372049343867149,1.7215281689744764,0.054923571629657414,1.5698,0.075732159615318,0.09228389246475993,0.020041808817421698,2.3292572639189897e-242,0.0,0.05
2657,0.5995,False,0.0,0.199,1.0,0.0,0.0,0.28177150957972114,0.02234424456402406,1.721359115336373,0.05379110030818469,1.5162,0.03442324795832025,0.10490806711391072,0.002982928793212609,1.8552805645453046e-242,0.0,0.05
2658,0.4457,False,0.0,0.2629,0.7493000000000001,30.2,0.0,0.33356263123979746,0.1834475268658624,2.1516633277365163,0.51254740617487,2.4688043758904143,1.0802512209807877,0.42273944187713636,0.3866113019410488,0.7193031888838959,0.8859465685671566,0.05
2659,0.4986500000000001,False,0.0,0.2579,0.8194000000000001,20.0,0.0,0.3533855963368303,0.2209335741509226,2.112340170034402,0.47289199249888786,2.07250228156352,0.9158141250909262,0.3801896332919383,0.3688036358824614,0.32923239752505146,0.5619635403220258,0.05
2660,0.47505,False,0.0,0.24080000000000004,0.8644999999999999,38.8,0.0,0.3308351267483923,0.1376870285315526,1.9710392215549817,0.3499991688179269,2.072556717665458,1.0277998991970463,0.2850345619845626,0.28063719928563585,0.22310000000999702,0.5242732970790607,0.05
2661,0.58865,False,0.0,0.2173,1.0,10.0,0.0,0.31786053732792324,0.046897578402695504,1.7808839185517376,0.11062161493766132,1.5872,0.09788033510363564,0.1455946376970749,0.07550894365727752,1.6722178076859609e-199,0.0,0.05
2662,0.51285,False,0.0,0.1763,0.9294,20.0,0.0,0.24828603519664671,0.11428061544772314,1.7969413605824258,0.24606075088307683,1.742683782212739,0.6384051893726987,0.1560359633773979,0.1929742586212292,0.18856663054918874,0.5656998916475663,0.05
2663,0.5995,False,0.0,0.199,1.0,0.0,0.0,0.29305013586559575,0.02699424452469618,1.7198597276446292,0.03149206632134554,1.5356999999999998,0.05018973998737193,0.1027013696803728,0.0013257758713637587,2.331547249948523e-242,0.0,0.05
2664,0.5934,False,0.0,0.22199999999999998,1.0,8.8,0.0,0.3208140743019248,0.049872659254856,1.7779863097453579,0.1334075926446775,1.5742999999999998,0.054679155077597914,0.14054606154937208,0.09237429723566036,1.2338788317368265e-179,0.0,0.05
2665,0.54345,False,0.0,0.1669,1.0,20.0,0.0,0.24879036579425554,0.10848080400591432,1.70652313409775,0.05550162042026036,1.5517999999999998,0.06612231090940487,0.09509670703017517,0.022976412910681896,6.083171425445448e-237,0.0,0.05
2666,0.35805000000000003,False,0.0,0.26260000000000006,0.7335,70.0,0.0,0.34514388319626255,0.15432615469777136,2.116306947697882,0.40554481180754204,2.2182462351553767,0.8770418578608072,0.4441487761380172,0.3301798377230025,0.5278048098407528,0.7276999997773923,0.05
2667,0.54235,False,0.0,0.1647,1.0,20.0,0.0,0.2408786611390275,0.09820125437236714,1.693553559963713,0.058276062469761476,1.5903890625000003,0.10132921198578479,0.09255519029358264,0.019904651566815465,0.002800000000000324,0.008400000000000973,0.05
2668,0.457,False,0.0,0.34049999999999997,0.7639,47.6,0.0,0.4398775913243697,0.12088710476614455,2.2818437730136067,0.5238326694642116,2.524285488547502,1.153510348011998,0.4812402584397719,0.3512496114439804,0.746983979536025,0.9219061693539592,0.05
2669,0.5701499999999999,False,0.0,0.24819999999999998,0.9320999999999999,10.0,0.0,0.3337581045271008,0.05650197912102864,1.9113687973400206,0.2782699321854496,1.7767514248746792,0.7703252201030762,0.21973103754299067,0.2158631076779127,0.1504021482676933,0.45120644480307986,0.05
2670,0.41400000000000003,False,0.0,0.2324,0.7956000000000001,50.0,0.0,0.31770357618019485,0.16613065799090906,2.003273865368715,0.3891814144006483,2.338751687691133,1.201477998182866,0.3565372581613463,0.34019524426584313,0.48563313185122076,0.7440795408077664,0.05
2671,0.5421,False,0.0,0.1642,1.0,20.0,0.0,0.22604880095790386,0.08745838747345329,1.7087201522170559,0.06285590451742847,1.5225,0.029237817976039176,0.09935247318861261,0.018158301506160497,2.334146708599696e-242,0.0,0.05
2672,0.5476,False,0.0,0.17519999999999997,1.0,20.0,0.0,0.23882348338772327,0.1030878456252738,1.71685602757391,0.07422989234477015,1.6221888888888898,0.10007912980348427,0.10449557206368068,0.030263951920210037,0.02530000000000062,0.07590000000000187,0.05
2673,0.52,False,0.0,0.2016,0.9296,22.8,0.0,0.27869077035951995,0.08928799916942841,1.7909945330552124,0.20204731083446315,1.7911259006721802,0.6995367375451598,0.1689909777435589,0.18541405033110397,0.19439049553437654,0.5831714866031296,0.05
2674,0.5690500000000001,False,0.0,0.24609999999999999,0.932,10.0,0.0,0.3076719749328095,0.06599665103500407,1.9030341209066415,0.31279306485870206,1.7653972952900783,0.6764646943817582,0.20643536581492547,0.21269418609757376,0.1788720923191724,0.5366162769575171,0.05
2675,0.5995,False,0.0,0.199,1.0,0.0,0.0,0.28078507642264194,0.022456264527514463,1.721044863835975,0.04347760700944901,1.5792,0.11376361456986153,0.10252654038638209,0.0015888005286398541,1.691234806127084e-242,0.0,0.05
2676,0.5314999999999999,False,0.0,0.25279999999999997,0.9301999999999999,30.0,0.0,0.34335245147789417,0.058825272991606274,1.9062549388961791,0.2684945556239453,1.6800492718829183,0.4390278971748308,0.2266842737284545,0.18681843414199364,0.15461324187618325,0.4532734754991644,0.05
2677,0.4772,False,0.0,0.2792,0.8257999999999999,37.65,0.0,0.35713898992083715,0.15141309330180835,2.1160719366378014,0.5047459983109591,2.512345963021569,1.553318506510017,0.3810103221932463,0.37663065619823155,0.6072841518746123,0.8921324203785064,0.05
2678,0.49405,False,0.0,0.29519999999999996,0.7489,14.0,0.0,0.38186249690139507,0.11408976768090366,2.145879900665562,0.4484422743320172,2.450891192672693,1.1710756992702633,0.44022277585545433,0.3860432124524869,0.65810943993721,0.8067626218649564,0.05
2679,0.5445,False,0.0,0.16899999999999998,1.0,20.0,0.0,0.2430275063654109,0.10654743288100955,1.7485371442995334,0.08805688552896403,1.5438104166666835,0.037726683437988275,0.09726248927130321,0.0240665639605916,2.370173367326284e-231,0.0,0.05
2680,0.5372999999999999,False,0.0,0.2016,0.9129999999999999,10.0,0.0,0.28547716963367425,0.08045250123648591,1.8321375996691174,0.2997096782903573,1.871013644851884,0.7385209706988362,0.19457551983028057,0.2206719450047658,0.26875323867909306,0.590141723906488,0.05
2681,0.57095,False,0.0,0.1819,1.0,10.0,0.0,0.27074954461446915,0.0905644202161517,1.7114357758081458,0.05792621291826034,1.5473001473320855,0.07202235306520875,0.09910188396626493,0.016286696811713956,1.7857264447411767e-242,0.0,0.05
2682,0.49495,False,0.0,0.23149999999999998,0.7984,10.0,0.0,0.3242876520069457,0.1481752515836888,1.9811491270141055,0.3875432251085283,2.139386112682454,1.0173880233918036,0.32981286153333333,0.35413594066565823,0.335228092006327,0.554339646807671,0.05
2683,0.5995,False,0.0,0.199,1.0,0.0,0.0,0.2847775521325478,0.020129264038381535,1.7380393964615206,0.04491680202057073,1.5408,0.06627639096993738,0.10365307711452136,0.00306982694002168,1.8584806075029106e-242,0.0,0.05
2684,0.43445,False,0.0,0.2428,0.8581,58.0,0.0,0.3333960651121737,0.1075160355248186,2.010758590719098,0.3476352498338765,2.0727975717760474,0.9303896194984775,0.31810559122092774,0.2524293034508331,0.24317556348503883,0.5796167868390241,0.05
2685,0.5627,False,0.0,0.23689999999999997,0.9285,10.0,0.0,0.31042968410582544,0.053930045590860676,1.849796282400678,0.20745985498621597,1.8296734861437909,0.8501055804534847,0.21016953437925476,0.21400730983692073,0.16583771872197853,0.4975131561659355,0.05
2686,0.58905,False,0.0,0.21810000000000002,1.0,10.0,0.0,0.3260230030734321,0.02640468564125588,1.770722876390068,0.08044935930248401,1.5488000000000004,0.05098784168799431,0.1282621736828632,0.04928218670032922,0.0012000000000003013,0.003600000000000904,0.05
2687,0.51465,False,0.0,0.14930000000000002,1.0,30.0,0.0,0.21863814572464832,0.1217109459402696,1.7160692845765513,0.08615996478422747,1.5711079425389827,0.07712685990988741,0.08967648643048107,0.02678519148261649,3.2762224125634973e-237,0.0,0.05
2688,0.5600999999999999,False,0.0,0.20020000000000002,1.0,20.0,0.0,0.27183857371406445,0.0909521777375616,1.7766078351296255,0.13378337029249354,1.5512000000000001,0.07413609107580468,0.148386923654865,0.0956727333222951,7.71174348890704e-181,0.0,0.05
2689,0.5995,False,0.0,0.199,1.0,0.0,0.0,0.27287621691392083,0.015088657194029707,1.6900581096745864,0.03370939758412487,1.5359,0.05758202844638249,0.10415854779280923,0.005423712634208749,1.1939195546191534e-242,0.0,0.05
2690,0.5253999999999999,False,0.0,0.19540000000000002,0.9353999999999999,20.0,0.0,0.26338191891505014,0.11865740687447819,1.8506222225518225,0.31233573327534364,1.8432938482578778,0.7657629452165067,0.17559786991827792,0.1920235887448244,0.2176655699802871,0.6529967099408613,0.05
2691,0.5646,False,0.0,0.2407,0.9285,10.0,0.0,0.3117438489162619,0.03711347241601843,1.8791106508273938,0.23445945723818004,1.8196424191060188,0.7738850276855991,0.2153493485508347,0.21137010211323862,0.20644241910601865,0.619327257318056,0.05
2692,0.5373,False,0.0,0.20220000000000002,0.93,14.4,0.0,0.2838419387071668,0.10801931478350475,1.8068312967023417,0.23131004896713903,1.7004124651070622,0.4301651055206827,0.18273679586516228,0.21493233483852436,0.15992030888191458,0.4797609266457437,0.05
2693,0.57095,False,0.0,0.1819,1.0,10.0,0.0,0.2550628429181656,0.06308630839937081,1.7044358709739993,0.04811822492548108,1.5543,0.05339859548714743,0.0987749507500749,0.014286590973235858,1.8387082742742114e-242,0.0,0.05
2694,0.57115,False,0.0,0.18230000000000002,1.0,10.0,0.0,0.25982189405645084,0.07352164484523131,1.7518173572635907,0.06015125442298448,1.5315999999999999,0.0666171149180149,0.0976482305614831,0.013471190371614093,2.824028537433639e-242,0.0,0.05
2695,0.578,False,0.0,0.196,1.0,10.0,0.0,0.25573546832660066,0.07126446225868485,1.744190328689935,0.07047871560686901,1.5227,0.035137017517142786,0.11767107740853118,0.051777699115602004,4.812544173030345e-213,0.0,0.05
2696,0.57075,False,0.0,0.18150000000000002,1.0,10.0,0.0,0.2618940616196808,0.07630054650294645,1.717495090008251,0.05133636341570017,1.5519,0.06496991611507592,0.09926207471916086,0.017183457131031938,2.2711181277957494e-242,0.0,0.05
2697,0.4991000000000001,False,0.0,0.22620000000000004,0.8728000000000001,25.2,0.0,0.3128822320625145,0.10674670244516775,1.8853503645984322,0.37308124055137587,2.0051414616954393,0.9334087014139504,0.2567794331687367,0.30090354001585246,0.38823907456915246,0.7811721384758221,0.05
2698,0.506,False,0.0,0.18910000000000002,0.9429000000000001,30.0,0.0,0.2614155675857321,0.12898951196741568,1.8407909463121257,0.4020496962332942,1.7814222214074231,0.6772309806472633,0.18707354093882494,0.28293532407791416,0.13049999935201712,0.38950410586496165,0.05
2699,0.60625,False,0.0,0.2125,1.0,0.0,0.0,0.28745240942697625,0.01655595659810494,1.775097388924689,0.1402290955993497,1.6045000000000003,0.11142733057917167,0.12264579724611487,0.05789269061935236,1.1512311802245907e-208,0.0,0.05
2700,0.57075,False,0.0,0.18150000000000002,1.0,10.0,0.0,0.25574599218175287,0.07267758459278836,1.7072486042003603,0.05954342042038549,1.5543999999999998,0.04486022737347639,0.09731579428959983,0.016777467544557292,1.5003649952239566e-242,0.0,0.05
2701,0.5267999999999999,False,0.0,0.251,0.8026,0.0,0.0,0.35486291839445006,0.14116765806110992,1.995361185558253,0.3862286140543432,2.2356454536497625,0.89059480638987,0.3338621109136401,0.34346094251918513,0.5659441742784213,0.8746347691372627,0.05
2702,0.51895,False,0.0,0.2532,0.8599,18.8,0.0,0.33801051207495764,0.051650795860193305,1.94881218014463,0.2873605188218359,1.9859538725171255,0.9140104601427039,0.29165413316120997,0.2762419971245313,0.3568589582725218,0.6892235248291535,0.05
2703,0.46370000000000006,False,0.0,0.2884,0.8620000000000001,55.75,0.0,0.349977216465868,0.06639658028033012,2.0840913790570337,0.3426622185855138,2.101095267837585,1.1693578112005594,0.3368614722765485,0.27141628617905234,0.3565712142883347,0.7142157894922794,0.05
2704,0.5298499999999999,False,0.0,0.21150000000000002,0.9282,20.0,0.0,0.28792134500205374,0.09165566641323271,1.8243348469793694,0.2306888275547689,1.794553902082885,0.7887870104674711,0.18981853693708226,0.2102576720502957,0.19235390208288478,0.5770617062486543,0.05
2705,0.5708,False,0.0,0.18160000000000004,1.0,10.0,0.0,0.25553913813782997,0.08264878221470633,1.7015374654959452,0.06290192922484353,1.5582,0.07835279190941442,0.09731536772982075,0.01632757497245754,1.6520250782172147e-242,0.0,0.05
2706,0.57075,False,0.0,0.18150000000000002,1.0,10.0,0.0,0.25120665198373643,0.0681013344746734,1.696709965849865,0.06182478940581206,1.5312000000000001,0.028216307341677425,0.09731865184211573,0.016534705150057796,1.6334361065492165e-242,0.0,0.05
2707,0.4169999999999999,False,0.0,0.3085,0.6806999999999999,38.8,0.0,0.3779885941695049,0.16457150518470023,2.1904832862289743,0.432373394063208,2.6159104987271258,1.128838905536219,0.49838304542686956,0.3520563660492709,0.7000458014990976,0.7691749157860187,0.05
2708,0.41325,False,0.0,0.3003,0.6926,41.6,0.0,0.35903607469686594,0.1834027839614066,2.2705001689841007,0.5332422210297822,2.648145118443746,1.1452903084345487,0.49439231933587013,0.3702024069523891,0.6383466050910569,0.7837261031641595,0.05
2709,0.5995,False,0.0,0.199,1.0,0.0,0.0,0.2997991676659636,0.02037954704774153,1.7224398514429933,0.05003511596082807,1.5837999999999999,0.07813680310839449,0.10324513098031843,0.0018151611533874558,3.4062831746360307e-242,0.0,0.05
2710,0.5285500000000001,False,0.0,0.19560000000000002,0.9814999999999999,30.0,0.0,0.2844126504118317,0.12896484695428784,1.7822500755590915,0.13860622033617806,1.6515555555555568,0.3380846376607858,0.1579726176947914,0.09509444965253593,0.07990000000000087,0.2397000000000026,0.05
2711,0.5496,False,0.0,0.2428,0.874,4.4,0.0,0.3435583425767066,0.07417894812964429,1.9591367999316645,0.39885713723905375,1.9964068064477214,0.8726975540009281,0.26466491872732034,0.30392937400019004,0.32096580660802887,0.6419665293872113,0.05
2712,0.5231,False,0.0,0.21420000000000003,0.9328,25.2,0.0,0.28911194197256523,0.10430790394712167,1.8393594279286982,0.29763312879959164,1.7605385783050693,0.673468852572779,0.18378079203359132,0.19592934260827638,0.18593857830506927,0.5578157349152078,0.05
2713,0.45225000000000004,False,0.0,0.28789999999999993,0.7334,29.2,0.0,0.3992817775922365,0.10099517899056558,2.0985792133229193,0.3887969015691099,2.8909124493195155,1.7891893761305058,0.4410222471096101,0.33387054658479604,0.7806996212603334,0.9567886204808996,0.05
2714,0.54835,False,0.0,0.22310000000000002,1.0,31.6,0.0,0.29738304275123395,0.11298560484498095,1.8150914525539321,0.1410761536556992,1.5416999999999998,0.037918465158811476,0.15497316675221967,0.1022747371303617,1.2049599504503857e-182,0.0,0.05
2715,0.43694999999999995,False,0.0,0.2193,0.7938,34.8,0.0,0.3010860948962838,0.1634506539059218,1.9604189435348676,0.36478166878029067,2.0911153227042023,0.8908274822159158,0.32775773967689065,0.3308648094515985,0.4463783934971698,0.7369407127316837,0.05
2716,0.38525,False,0.0,0.2552,0.6753,40.0,0.0,0.33534634491172477,0.17384895346497856,2.170553362316894,0.5011342491065731,2.797838418498916,1.405149852280927,0.47873660167543247,0.39628976787380976,0.8120702350616827,0.8457432466128192,0.05
2717,0.5995,False,0.0,0.199,1.0,0.0,0.0,0.2885908745095521,0.013131123509097004,1.7343451247892407,0.03737890878447635,1.5424,0.05968953007018897,0.10404874383634448,0.0013421159655458233,2.206294193246883e-242,0.0,0.05
2718,0.5152000000000001,False,0.0,0.1504,1.0,30.0,0.0,0.21674695323886622,0.11956307303444011,1.7046175042515284,0.07078286089707145,1.5898,0.08383770035014083,0.0921974592045298,0.023805785774766636,2.5058974417660985e-237,0.0,0.05
2719,0.5306,False,0.0,0.19760000000000003,0.9292,16.4,0.0,0.27061003373036036,0.07765713047585399,1.7741898016288868,0.2154946387216166,1.7831612334410523,0.6154307380152692,0.1610065533668103,0.18740968459001214,0.17799864038699942,0.5339959211609984,0.05
2720,0.57095,False,0.0,0.1819,1.0,10.0,0.0,0.2586295034532592,0.08145945492284089,1.7225735294862212,0.066977665090722,1.5414,0.07363314471078904,0.0982408300456857,0.015829768643110902,2.9557424498937393e-242,0.0,0.05
2721,0.6005,False,0.0,0.201,1.0,0.0,0.0,0.2813125402842013,0.018330796077335645,1.7389172429548831,0.04420288253299831,1.5667002848307292,0.10155104494253257,0.10399831402725664,0.00477332785127719,7.932302269408484e-238,0.0,0.05
2722,0.61155,False,0.0,0.2231,1.0,0.0,0.0,0.3148295341779348,0.04834139741443619,1.828209060775507,0.18381415499970108,1.5926,0.09394807076252293,0.13811336112537076,0.09544253577386591,1.1582133101851318e-178,0.0,0.05
2723,0.51545,False,0.0,0.24300000000000002,0.7878999999999999,0.0,0.0,0.31790027019571987,0.03545193402324247,1.9350877982804389,0.2923194925822967,2.1344721721886004,0.9407131782857238,0.29337111961912576,0.28806786203932777,0.4703416435915619,0.7191271226245013,0.05
2724,0.53645,False,0.0,0.2243,0.9286,20.0,0.0,0.2990079814414282,0.048167428570917735,1.872466767017146,0.22899222126497015,1.909723233780835,1.1047229197236736,0.19190790971402338,0.20080259392957261,0.18071799086332246,0.5421539725899674,0.05
2725,0.50365,False,0.0,0.2379,0.9294,40.0,0.0,0.31626659671571694,0.11069907085742402,1.8832013260613323,0.22917114065024405,1.7123582618406545,0.4956912614808602,0.23171067748278182,0.21988194796517158,0.18825930119802492,0.5412037888038119,0.05
2726,0.4593499999999999,False,0.0,0.27849999999999997,0.7938,38.4,0.0,0.3472002857958868,0.11129912523901,2.0705003574499043,0.37235097596353617,2.1416835114881314,0.9402796442701611,0.3885667977284148,0.3048041628162425,0.39065670822255943,0.6779103886178818,0.05
2727,0.54715,False,0.0,0.231,0.8633,0.0,0.0,0.3303666877073086,0.06826327779337814,1.9025373392385347,0.3092948491697898,1.9790974295649177,0.7621845696310338,0.2513069023614961,0.28213549532618826,0.33593907927748534,0.6733938880853486,0.05
2728,0.49194999999999994,False,0.0,0.2371,0.8667999999999999,30.0,0.0,0.35797480470023413,0.14697727894789675,1.9102551764378048,0.2972206878683713,2.1335730873787444,1.181330683822838,0.27888432911745964,0.2806512574048019,0.3754045093001247,0.7527540994223881,0.05
2729,0.57085,False,0.0,0.18170000000000003,1.0,10.0,0.0,0.2602377099712501,0.08087203093536512,1.7486060295106403,0.07397565459758242,1.5545,0.07202811950898065,0.1014762822129743,0.018321561107658067,3.1079046339638987e-242,0.0,0.05
2730,0.48469999999999996,False,0.0,0.1913,0.8581,20.0,0.0,0.2539011262627108,0.10348349289310321,1.8438875042770335,0.23204964400983735,2.057668170599259,0.9526507585860893,0.24382788149188736,0.28394424881404456,0.34032563167791235,0.6806955990061427,0.05
2731,0.5312,False,0.0,0.19930000000000003,0.9031,10.0,0.0,0.27808093720279625,0.0885209820881239,1.8345792780699508,0.24693554607070914,1.8795541208390194,0.6797824729017398,0.1967464641581356,0.21804263479239638,0.23027086298106716,0.4868988968200937,0.05
2732,0.5756500000000001,False,0.0,0.22100000000000003,0.9303000000000001,0.0,0.0,0.3293232838868472,0.048449638486472185,1.797866565043702,0.17586963093086966,1.8355309908598887,0.647729352703681,0.17399892417267118,0.19164043306101888,0.19513099085988825,0.5853929725796647,0.05
2733,0.4622,False,0.0,0.29829999999999995,0.6597,8.4,0.0,0.36475397171368235,0.07646136897993946,2.150651425995685,0.3750257353328429,2.7566283354304937,1.2679358437391666,0.49164958096165245,0.3528660323408249,0.818229068832296,0.9223582763231045,0.05
2734,0.52195,False,0.0,0.2606,0.8633000000000001,20.0,0.0,0.3609760942671621,0.07928109245870324,1.9917512151792969,0.3482882053394152,1.8829085018584457,0.7123415011504836,0.3108165470361212,0.2906468264076566,0.2815685697211757,0.6258490282225703,0.05
2735,0.5995,False,0.0,0.199,1.0,0.0,0.0,0.28563565547566483,0.02353104608520386,1.7447586855252335,0.043658602259779695,1.5939,0.11054994346448131,0.10438252446156904,0.001617282955848727,1.7431309632525461e-242,0.0,0.05
2736,0.45855000000000007,False,0.0,0.2917,0.7234,24.5,0.0,0.3615433075882488,0.060514389105762706,2.1548300582429727,0.39204295119040217,2.4397341096669436,1.126407860454695,0.41397720861452764,0.29788552231317267,0.6986953454328899,0.8670104794576942,0.05
2737,0.5420499999999999,False,0.0,0.1641,1.0,20.0,0.0,0.22600404831431234,0.09739465983658312,1.698193665616405,0.06117542818336808,1.5314,0.048289129211448824,0.09172546258477382,0.021539893705689567,1.9054584882566524e-242,0.0,0.05
2738,0.49845,False,0.0,0.26249999999999996,0.8144,20.0,0.0,0.36744080526375955,0.1392224897388028,2.0523931357556084,0.4623293939762049,2.30298412864043,1.1467465060687785,0.3465077154448269,0.3691019277692517,0.5411143505313274,0.8317371736110788,0.05
2739,0.57585,False,0.0,0.19170000000000004,1.0,10.0,0.0,0.2732169698512964,0.08642372007061344,1.7348298617329103,0.07443819029060479,1.5633979166666667,0.0712328929572743,0.1064487477080875,0.02098462804660728,2.7081820409000257e-231,0.0,0.05
2740,0.5460499999999999,False,0.0,0.20570000000000005,0.9263999999999999,10.0,0.0,0.3039389571307153,0.10342256450641121,1.8175065279628426,0.2065077963483004,1.8479370319276804,0.592436394431633,0.19832925585396427,0.1930512779010803,0.23853366548956587,0.5086706754135178,0.05
2741,0.38155,False,0.0,0.2701,0.7378,61.2,0.0,0.34548526382285233,0.19365048649677064,2.181714876052377,0.48259309084348595,2.3058789179889456,1.0128234333125299,0.4351491184319299,0.32886545593074484,0.6630379469598289,0.871235692073635,0.05
2742,0.46039999999999986,False,0.0,0.2774,0.8737999999999999,57.6,0.0,0.3480808488183776,0.13572508099431405,2.063265383733067,0.42314404732407185,2.093244018132324,1.0714248860405216,0.34074585040408084,0.3231998826369144,0.22825862596683938,0.5391283492709189,0.05
2743,0.55405,False,0.0,0.19130000000000003,1.0,20.8,0.0,0.2810304437768239,0.10539925281779958,1.7686395977249867,0.10150721997672582,1.5082,0.01639999999999997,0.11912303654708885,0.04960634438693874,1.1881822118717442e-213,0.0,0.05
2744,0.6005,False,0.0,0.201,1.0,0.0,0.0,0.27921323549618166,0.020229637560547725,1.7345799231595393,0.049399583132338575,1.5375999999999999,0.0735067343853609,0.10744693132708352,0.012364764027981324,4.6438992440942257e-237,0.0,0.05
2745,0.5709,False,0.0,0.18180000000000002,1.0,10.0,0.0,0.26577388386144707,0.08635574202733898,1.7278256027770929,0.06266575256248948,1.5352999999999999,0.040926886028624224,0.09956305300189175,0.016128399783146924,2.4549885778921624e-242,0.0,0.05
2746,0.5995,False,0.0,0.199,1.0,0.0,0.0,0.2741060076219139,0.006748956039566927,1.7244499793437442,0.04411735690511387,1.5574999999999999,0.05083355191209838,0.10236322197899228,0.0013669858296967592,2.815056262067428e-242,0.0,0.05
2747,0.55555,False,0.0,0.219,0.9305,9.6,0.0,0.34670745655425,0.1141458497114377,1.8590445388088923,0.21541164062979742,1.6326548288835638,0.3319657985756305,0.19388247307446027,0.22562530304390238,0.07960031060914982,0.23880093182744946,0.05
2748,0.45559999999999995,False,0.0,0.21020000000000003,0.8674,41.6,0.0,0.3173940182328294,0.1843408890434554,1.9333964446276404,0.3565248549803815,2.1530841713220417,1.2442556399045235,0.291562691048696,0.3301928817040436,0.3854869434068263,0.7716301293460602,0.05
2749,0.5995,False,0.0,0.199,1.0,0.0,0.0,0.2919592613348155,0.02028407451224782,1.7395219711137564,0.05010027769178553,1.5602,0.06691008892536308,0.10245941370424756,0.001591851064144592,2.9796736588057897e-242,0.0,0.05
2750,0.6015,False,0.0,0.203,1.0,0.0,0.0,0.3012297275405943,0.019996158323402,1.7421670345138405,0.05101707814236942,1.5721444444444455,0.07353600025384578,0.10805139405849126,0.008881187200650077,0.0162000000000006,0.0486000000000018,0.05
2751,0.48165,False,0.0,0.3103,0.8018000000000001,37.2,0.0,0.3789369150693443,0.10886831612526544,2.1238885254244178,0.31773641327060537,2.194733404713282,1.0075299464793397,0.40497902596544455,0.31609314438610764,0.5144489477580434,0.7862098628692876,0.05
2752,0.5871000000000001,False,0.0,0.2814,1.0,26.8,0.0,0.3533356046573191,0.06527972113946687,1.9055305219511005,0.23652586405539583,1.5465,0.04917570538385798,0.22657189616857748,0.1527788272075606,1.766567011400772e-168,0.0,0.05
2753,0.52375,False,0.0,0.19590000000000002,0.93,19.6,0.0,0.26730205218124165,0.07718257410955616,1.8099093802764266,0.24717903337308791,1.7572983223501168,0.6261951239558304,0.1576489443306715,0.18078925448348956,0.18752774246030451,0.5625832273809136,0.05
2754,0.4826499999999999,False,0.0,0.272,0.7917,24.6,0.0,0.3431747214154465,0.05187971352557936,2.0306975851250195,0.3265014570444334,2.2509378447882966,1.1628030223680303,0.33428668308400217,0.2707041433206009,0.36682950283224747,0.6264419216135727,0.05
2755,0.4472500000000001,False,0.0,0.24659999999999999,0.7279000000000001,20.0,0.0,0.30661667059144543,0.11047491505538286,2.040931007483066,0.3825852845242267,2.435562190707219,1.1461909067486533,0.38101900826060514,0.34855075569941324,0.6810730836197514,0.8348312059398492,0.05
2756,0.5367999999999999,False,0.0,0.23809999999999998,0.8755,10.0,0.0,0.3362225240249893,0.09964498922471766,1.9878066717389593,0.41348716854606826,2.3193214130542756,1.5960669811428811,0.264941682342429,0.31808172789983613,0.350324458409833,0.7093990388847491,0.05
2757,0.49194999999999994,False,0.0,0.2065,0.9374,40.0,0.0,0.27308053557319256,0.12257415671120912,1.8459447698556555,0.31572975849681123,1.773729331582123,0.7140543797129056,0.19763468542657944,0.23785022190639674,0.05,0.15000000000000002,0.05
2758,0.5708,False,0.0,0.18160000000000004,1.0,10.0,0.0,0.2746678657705063,0.07563289031316117,1.7057398173488427,0.055026153650160725,1.5242,0.03580446899480565,0.09765852036257554,0.0160972274843487,1.8199273449429052e-242,0.0,0.05
2759,0.5701499999999999,False,0.0,0.21100000000000002,0.9292999999999999,0.0,0.0,0.3032078418157208,0.028873602471711727,1.7623839131028245,0.20965225061637302,1.7365385195839829,0.5279763912150415,0.16610946198437332,0.1870565406401897,0.1711854073998633,0.5135562221995899,0.05
2760,0.4694999999999999,False,0.0,0.2637,0.7920999999999999,29.2,0.0,0.3507135845006741,0.06535313510726344,2.009399685444688,0.3208932371242188,2.4701930004769634,1.5906144060817944,0.35631055486676727,0.30450040709583903,0.5133945945511419,0.7923491790230054,0.05
2761,0.5995,False,0.0,0.199,1.0,0.0,0.0,0.26794364198902076,0.010746505875832453,1.7092189559007913,0.03925221097229466,1.5762,0.1048501788267431,0.10238138867383968,0.0022030067472120418,2.3309454367790068e-242,0.0,0.05
2762,0.5724,False,0.0,0.21300000000000002,0.9318,0.0,0.0,0.30987778882819955,0.04682311833122553,1.8320106844582174,0.15478927905934275,1.801295963979906,0.7504522070419374,0.18133661941709547,0.22841691781548612,0.23029596397990582,0.6908878919397173,0.05
2763,0.55335,False,0.0,0.21820000000000003,0.9285,10.0,0.0,0.2905115828444019,0.028347218531463783,1.7990410705334754,0.1687045240634055,1.7732288522666733,0.5143131176301631,0.17728617436923508,0.18819155458720147,0.18680006481670178,0.45686533364499915,0.05
2764,0.5709,False,0.0,0.18180000000000002,1.0,10.0,0.0,0.2601462062154244,0.07282398585083347,1.7041108783735441,0.049380633080815944,1.5223,0.03455734364791367,0.09834103110003957,0.016036108181077327,1.550236915348684e-242,0.0,0.05
2765,0.5082,False,0.0,0.2023,0.9341000000000002,30.0,0.0,0.29244839251769117,0.15056143551179554,1.8167685902265025,0.19788087227093168,1.767806083052492,0.61242337499483,0.20044218813900122,0.23586014589851423,0.17082169921405582,0.5124650976421674,0.05
2766,0.5995,False,0.0,0.199,1.0,0.0,0.0,0.2901381209593419,0.017163871629347426,1.7898329321705695,0.06261547083398558,1.6232222222222235,0.3000080739654298,0.11998184488448074,0.038016974691773425,0.07060000000000087,0.21180000000000263,0.05
2767,0.44084999999999996,False,0.0,0.22179999999999994,0.8599,50.0,0.0,0.3060925972712714,0.18502745706594564,1.9734524704683991,0.3756149437640748,2.189365122153404,1.366504238520869,0.29892059928802855,0.2764845949160696,0.4096213029850449,0.8195250505162499,0.05
2768,0.57095,False,0.0,0.1819,1.0,10.0,0.0,0.25837540577742624,0.07944316186275,1.7187924523997338,0.05842579556747613,1.559700000304646,0.059157501932657924,0.09667024671306429,0.015296792053190261,1.100509857001402e-242,0.0,0.05
2769,0.5995,False,0.0,0.199,1.0,0.0,0.0,0.29410942149446173,0.02516986407080765,1.7265775058623525,0.024687801194159514,1.5967000000000002,0.10334993952586524,0.10589810263088464,0.008273452575114065,2.1269927694539997e-242,0.0,0.05
2770,0.5198,False,0.0,0.23080000000000003,0.8488,10.0,0.0,0.33934921711788546,0.133412247137706,1.9442048855295984,0.4107783583160226,2.285627900235282,1.1527296089373154,0.28874782976199354,0.317755578255626,0.25947190958418026,0.42820260730513254,0.05
2771,0.5087000000000002,False,0.0,0.2048,0.9326000000000001,30.0,0.0,0.2955399472669317,0.1633476997790841,1.820212595905956,0.2777509552081223,1.7662387757830857,0.7046022611995367,0.2104570037847769,0.24865950914093155,0.16953206269677695,0.5085961880903309,0.05
2772,0.5432499999999999,False,0.0,0.19780000000000003,0.9286999999999999,10.0,0.0,0.27705843860295526,0.08406989932337455,1.79255976478511,0.17520208192849887,1.7081885600463464,0.5061304407096711,0.17361891910431151,0.20900903275575283,0.16804912122528376,0.5041473636758513,0.05
2773,0.5069999999999999,False,0.0,0.20500000000000002,0.9289999999999999,30.0,0.0,0.2807392142151921,0.09480848895884275,1.7842473978025502,0.22174649005002295,1.844258220829841,0.932638374772948,0.17920420602122572,0.2024016873574937,0.20717268942002637,0.621518068260079,0.05
2774,0.55155,False,0.0,0.27799999999999997,0.8859,15.2,0.0,0.36335709792648296,0.11191272229050458,2.0137479417685293,0.4174292871527485,2.097050282305468,1.1198488574120007,0.3036443311939491,0.3101339898820014,0.4303502823054677,0.860701014984861,0.05
2775,0.5226500000000001,False,0.0,0.20529999999999998,1.0,40.0,0.0,0.2776860622762151,0.12343847342629545,1.7683298087674673,0.13331274358346776,1.5577672612508144,0.06778295547980047,0.15253337841976244,0.08850101851743422,0.01040000000000056,0.03120000000000168,0.05
2776,0.56005,False,0.0,0.2813,0.8724000000000001,8.4,0.0,0.3695923051450761,0.08027750906977961,1.998501995199711,0.33137767329191625,2.0215878082421104,0.9273753965369975,0.33107899121291123,0.30650008264609474,0.23223164600966228,0.550592581375332,0.05
2777,0.5341999999999999,False,0.0,0.2885,0.9766999999999999,49.2,0.0,0.35814865502007953,0.16625408355420546,1.9492366136456407,0.47490880632124194,1.799009252882,0.652276638388411,0.2764056871124826,0.31811414568582674,0.19934258621533316,0.5980277586459994,0.05
2778,0.50875,False,0.0,0.2109,0.8513999999999999,11.2,0.0,0.28581665504682346,0.0744573526703056,1.9315951816642596,0.35903262402536296,2.0850413736892457,0.9241477084824714,0.2434046429975134,0.25230565922438075,0.4184105455101461,0.6802559090750047,0.05
2779,0.53525,False,0.0,0.24399999999999994,0.8713,11.2,0.0,0.3575732348537847,0.08294921828682233,1.921616846866454,0.3307261221614125,1.9469509566376886,0.8148787219911541,0.2715813191107447,0.2823021094118245,0.4024156629992947,0.8132008662618385,0.05
2780,0.541,False,0.0,0.221,0.861,0.0,0.0,0.32416950467072814,0.07410859099263697,1.8462682641066643,0.21408343658243395,1.8516383803468828,0.5831953742708761,0.23637848481856255,0.2667480192630588,0.24814651615537317,0.5344964869563783,0.05
2781,0.42210000000000003,False,0.0,0.25630000000000003,0.7271,34.8,0.0,0.3293571653009312,0.12042935018929961,2.0445550144160625,0.37733655949406114,2.936112589880678,1.8684386175811083,0.40805635960394787,0.3425613311221747,0.7223871372763655,0.8932408944055275,0.05
2782,0.5676,False,0.0,0.2197,0.9282999999999999,3.2,0.0,0.3221807172111072,0.04420238152746046,1.8205268279580202,0.21005063261244952,1.8698869874460116,0.9972067618597419,0.18701580297469272,0.2029282947696737,0.17427734617686522,0.5228320385305957,0.05
2783,0.5995,False,0.0,0.199,1.0,0.0,0.0,0.2773286866373286,0.012318377164947316,1.7058496938897338,0.0464190108617539,1.5477,0.07270495168831347,0.10183656167570831,0.0009830722297680568,1.7901322070776296e-242,0.0,0.05
2784,0.3854000000000001,False,0.0,0.2846,0.6782,48.0,0.0,0.33884719801375085,0.1642327737648157,2.205672026930136,0.4440515849601999,2.594623880537975,1.0866090552819188,0.4787727173659377,0.3551271783541632,0.7690623078937889,0.8561952507576008,0.05
2785,0.4656499999999999,False,0.0,0.22479999999999997,0.8056999999999999,24.8,0.0,0.2955881771726166,0.1578543885660769,1.9773486308195156,0.41298935270046994,2.307817418207757,1.1313624961785378,0.31692976121887123,0.3469426326430872,0.3661800687030857,0.6252905943992594,0.05
2786,0.40679999999999994,False,0.0,0.2873,0.7375,52.8,0.0,0.37729654497581466,0.1452312848663384,2.1562448383173445,0.43301576793825647,2.299831626129441,0.9927591005977227,0.45540112293808066,0.33621384938218396,0.47868465378835123,0.686968929154759,0.05
2787,0.5746,False,0.0,0.255,0.9342,10.0,0.0,0.31566991500639846,0.11460808543716887,1.9522522113568996,0.29553214153564167,1.8495113829002907,0.8858041755671371,0.26110771578655523,0.24731619433808127,0.088,0.264,0.05
2788,0.5995,False,0.0,0.199,1.0,0.0,0.0,0.274563550163562,0.008346014058828904,1.7579554520124252,0.03978702971478386,1.6019325844658745,0.10968111282925017,0.10379364366177905,0.0034266453223386994,3.27285699988748e-242,0.0,0.05
2789,0.5712,False,0.0,0.18240000000000003,1.0,10.0,0.0,0.25771043183055015,0.057484522026956406,1.7161825688494599,0.063957281269808,1.5531000000000001,0.05641178954793052,0.09778661948264677,0.01200262618681231,1.9104652985185313e-242,0.0,0.05
2790,0.5747,False,0.0,0.2109,0.9785,10.0,0.0,0.29942684038266554,0.028573213932109584,1.7833556703129978,0.14000636424737437,1.6454555555555566,0.3362714528472531,0.1444114262282455,0.08111067616129147,0.07990000000000085,0.23970000000000252,0.05
2791,0.5268,False,0.0,0.2739,0.8597000000000001,20.0,0.0,0.3591529381423729,0.09254855941581915,1.9865816618484953,0.22701797413645508,1.9188531369325417,0.7212121242655593,0.3146735581293964,0.25567126993794037,0.327900043069594,0.658352336427884,0.05
2792,0.5144500000000001,False,0.0,0.1489,1.0,30.0,0.0,0.21657882135087428,0.11483588199571122,1.6977583561197922,0.07517745501830143,1.5768,0.06669902548013727,0.08885815092537638,0.026186045683202784,3.8222386170762e-237,0.0,0.05
2793,0.48784999999999995,False,0.0,0.22879999999999998,0.8669,30.0,0.0,0.31429846697291175,0.10944252105947178,1.96850819941429,0.38577990727502043,1.9535260659281897,0.8276835529560618,0.2742811802248687,0.31009261713582575,0.3609560171766947,0.7271720204183604,0.05
2794,0.55395,False,0.0,0.26890000000000003,0.8646,6.4,0.0,0.3896352750121819,0.11907147742963542,1.97312199261784,0.35772854105404533,1.9159482154871088,0.7541930293368552,0.3131685662856335,0.2959385967162392,0.2304364771168225,0.4874779844770322,0.05
2795,0.5591999999999999,False,0.0,0.19840000000000002,1.0,20.0,0.0,0.2821052997052861,0.09139488298750174,1.7505405620962329,0.10405208203140173,1.5493000000000001,0.04697456758715293,0.12074663955347202,0.06661110640419324,2.6755484870353776e-198,0.0,0.05
2796,0.54975,False,0.0,0.21150000000000002,0.9279999999999999,10.0,0.0,0.2933889875028661,0.030323715097844893,1.784341811590163,0.14992410652380977,1.76464920323773,0.5961098662538297,0.17120711763250845,0.20368153613482762,0.1495268795838119,0.44858063875143567,0.05
2797,0.5598500000000001,False,0.0,0.229,0.9307000000000001,10.0,0.0,0.32944820722841256,0.03359447720730729,1.871988957372448,0.23611718081734853,1.9391419933002336,0.7514477825382577,0.19639638023725156,0.16937681385977832,0.12110000000000085,0.24675268995494457,0.05
2798,0.49789999999999995,False,0.0,0.20620000000000002,0.8695999999999999,20.0,0.0,0.2534635798289879,0.11310066740094644,1.9030788320356806,0.3670521789927082,1.911835886812402,0.8237676220873567,0.23351055080928354,0.2848363569145391,0.31831358855912595,0.6368258615830248,0.05
2799,0.47495000000000004,False,0.0,0.2122,0.8577,30.0,0.0,0.27276835006668937,0.12056421987579044,1.9022442300424665,0.2811148080834876,1.9586155296969665,0.8316585082220634,0.25074516301801425,0.2570635414781035,0.31017242322520977,0.6204324660629078,0.05
2800,0.44115,False,0.0,0.27199999999999996,0.7303,30.0,0.0,0.3064888157756843,0.10725328187560668,2.0948495064134365,0.38679093826940825,2.4924886566617794,1.1690124058534064,0.4040753593422517,0.3308238906037536,0.5585331829586133,0.7610138826425877,0.05
2801,0.47345000000000004,False,0.0,0.27980000000000005,0.7375,17.6,0.0,0.37869831542907023,0.12844365328200155,2.0704154206749266,0.3654129894325012,2.483612719337428,1.2187607577708008,0.4280287444784571,0.3719481865831178,0.7054627443165978,0.87319031700608,0.05
2802,0.5719,False,0.0,0.18380000000000002,1.0,10.0,0.0,0.27636687153033906,0.06478338696320564,1.7324031713637713,0.06696269913105532,1.5738,0.08767759120778813,0.10026431547193237,0.016513243935809566,2.7053499298731476e-237,0.0,0.05
2803,0.6005,False,0.0,0.201,1.0,0.0,0.0,0.2789679480549223,0.02518286759393174,1.7200093694089897,0.04459430517678513,1.5673111287410686,0.056145104085606544,0.10433949849167194,0.004049411635664859,0.005100000000000335,0.015300000000001006,0.05
2804,0.44220000000000004,False,0.0,0.24779999999999996,0.7902,38.4,0.0,0.3189726974842055,0.10361907131462211,1.9646136871565685,0.2683571505650735,2.1161844983347695,0.9266880317893652,0.35430526711600807,0.31331959639506357,0.41728284428391305,0.6798609206519203,0.05
2805,0.4986999999999999,False,0.0,0.28229999999999994,0.8254999999999999,27.6,0.0,0.3431008763834948,0.15778948345569105,2.1171796450447062,0.5142109088889468,2.2362420542290424,1.0472378682280596,0.370095974580059,0.359639347596246,0.4425493346832606,0.7781690493012607,0.05
2806,0.5135000000000001,False,0.0,0.14700000000000002,1.0,30.0,0.0,0.21284542557114444,0.11623878929584412,1.6751881414399314,0.058686449153337414,1.5466333333333342,0.0675747240714565,0.08760596003365331,0.02491233106584984,0.009200000000000543,0.027600000000001627,0.05
2807,0.58355,False,0.0,0.225,0.9420999999999999,0.0,0.0,0.30223320440729345,0.0603975548094055,1.8376817321538994,0.3255684860617905,1.7788149654258603,0.6616788482041375,0.18832710104561778,0.2566551632299439,0.16117375735366116,0.48352127206098344,0.05
2808,0.5995,False,0.0,0.199,1.0,0.0,0.0,0.3029247990308967,0.019149787485171113,1.742503727489268,0.04004766351320472,1.5485000203181625,0.05300804451771456,0.10343354838185378,0.0016598191440387246,1.8476695948031316e-242,0.0,0.05
2809,0.53425,False,0.0,0.2185,0.93,20.0,0.0,0.30238790593896986,0.04174482616215258,1.8365467157959845,0.24939926753387134,1.7210965951911377,0.5975129243455334,0.1731529145245861,0.17363816288778255,0.184711163824241,0.5541334914727231,0.05
2810,0.5995,False,0.0,0.199,1.0,0.0,0.0,0.2704412416566734,0.01026524254839194,1.724221358632342,0.042304104534837066,1.5595000000000003,0.061613716005448065,0.10224624607007549,0.0013072398495103995,2.8006492477770205e-242,0.0,0.05
2811,0.5479999999999999,False,0.0,0.2015,0.9344999999999999,10.0,0.0,0.2839850382311862,0.09141414700321586,1.830200068618348,0.3152895982343426,1.8711578819745753,0.7343882451952423,0.17572953182228407,0.2328971083123513,0.17389404917129397,0.5216821475138819,0.05
2812,0.5141,False,0.0,0.2727,0.8755,30.0,0.0,0.3406747072418491,0.07733708002250078,1.9755070133465473,0.352965989386622,2.012089233940852,0.8787492883427289,0.29943862102001845,0.299067393099323,0.20423847740361806,0.4702996103184818,0.05
2813,0.45494999999999997,False,0.0,0.181,0.9289,50.0,0.0,0.2698356209695179,0.15336760885108572,1.822430571476269,0.22575999903138166,1.7736893706749082,0.6994509759569385,0.18502733759754608,0.2041935207296277,0.15441462861888028,0.46324388585664084,0.05
2814,0.58265,False,0.0,0.20529999999999998,1.0,10.0,0.0,0.3079017340155435,0.11195932519951551,1.758576162093954,0.1361843746798764,1.5904,0.07594234655315836,0.14045603503420534,0.09057429429220579,4.3035355801653767e-197,0.0,0.05
2815,0.5722,False,0.0,0.18440000000000004,1.0,10.0,0.0,0.2528987462566139,0.08160791357710948,1.7115712490998427,0.05618771031855144,1.517,0.03928358435784596,0.10131244085700472,0.005234163637646088,1.8193047445470348e-242,0.0,0.05
2816,0.4130999999999999,False,0.0,0.27090000000000003,0.7344999999999999,44.8,0.0,0.32475715680611683,0.10800721829438979,2.1217201961015513,0.4168340580122808,2.3959422959497347,1.02351876299314,0.40845169761017674,0.3220049955655875,0.7265000476807751,0.8479365700772167,0.05
2817,0.53105,False,0.0,0.28609999999999997,0.9359999999999999,40.0,0.0,0.3376398728979141,0.04263637455921116,1.9779897489600906,0.25752494745076937,1.8091611789654958,0.7074330894975971,0.28107326440517777,0.24084551807403515,0.16060495127632807,0.48181485382898426,0.05
2818,0.46430000000000016,False,0.0,0.3076,0.8594000000000002,59.6,0.0,0.3497304859213607,0.0671792744269222,2.057034190839873,0.26260875008434287,1.9566189395931697,0.8311591468919007,0.35495948360355734,0.22959259461593456,0.3522450162459658,0.7092298244828659,0.05
2819,0.5995,False,0.0,0.199,1.0,0.0,0.0,0.286686901710732,0.016465061844115596,1.7456369002744225,0.03930851934733019,1.5687000000000002,0.10739837056492064,0.10354016723155161,0.0018138374979641818,2.12844901659281e-242,0.0,0.05
2820,0.5164,False,0.0,0.2809,0.9359,46.0,0.0,0.36406245204713594,0.0785013233198439,1.9739076358897312,0.2927590082172025,1.909516990529039,1.0433642826999914,0.27682685282665875,0.2415191453199113,0.18063450118848984,0.5419035035654696,0.05
2821,0.5098,False,0.0,0.2231,0.9323,33.95,0.0,0.2996058606339093,0.08832062807389854,1.8540600995601946,0.27297707981386676,1.8245469028963175,0.8761388519398822,0.209876874652491,0.23152366426419113,0.16245894650745893,0.4873768395223768,0.05
2822,0.6005,False,0.0,0.201,1.0,0.0,0.0,0.2785596104000339,0.023609959801208426,1.722306973985095,0.04839898363840303,1.5568,0.0606,0.10534563926084525,0.005751464746764201,4.084268364350463e-237,0.0,0.05
2823,0.57205,False,0.0,0.1841,1.0,10.0,0.0,0.27995413389608426,0.07454142289382883,1.7329943781174884,0.0752719690314617,1.6021,0.08238743836289612,0.10198476670374948,0.015902830963257196,2.3313780679339688e-238,0.0,0.05
2824,0.58135,False,0.0,0.23370000000000002,0.9289999999999999,0.0,0.0,0.3310515437506424,0.06588067254842891,1.850763335504998,0.19506742461768814,1.7744553235370664,0.6662958533566823,0.2022909612930285,0.2025573277041908,0.16670682621266536,0.5001204786379961,0.05
2825,0.4965500000000001,False,0.0,0.238,0.8751000000000001,30.0,0.0,0.3016824919677327,0.09891462182706283,1.9467131249421736,0.3607539280378013,2.2471795616573176,1.5204648108669232,0.2755841193426255,0.302037995416466,0.4087024091556253,0.8176364091196162,0.05
2826,0.5316,False,0.0,0.2144,0.9288000000000001,20.0,0.0,0.3045837968884482,0.09216121229434979,1.811245656082135,0.1814411581356112,1.84443300914225,0.597438506370637,0.20155027669655282,0.21214763311058732,0.2104001017138704,0.4738213906887148,0.05
2827,0.5218999999999999,False,0.0,0.23220000000000002,0.8563999999999998,11.2,0.0,0.3341795687449113,0.06457252516891468,1.8734954397643881,0.25314231739159876,2.035783882221607,0.9698960940274683,0.26284730480543267,0.27610547574023425,0.3117011655010655,0.6239698544221611,0.05
2828,0.56955,False,0.0,0.2384,0.9407,10.0,0.0,0.36821994539390157,0.1310015541118534,1.8620314068927872,0.3220605857666061,1.8033979133623184,0.79606903289844,0.22085291258982148,0.2585762320816739,0.1744875327488325,0.5234625982464975,0.05
2829,0.5995,False,0.0,0.199,1.0,0.0,0.0,0.2704738194262019,0.026539779270975727,1.7385399319432953,0.05003324049589583,1.5068,0.020400000000000015,0.10465925519251636,0.003914329303502257,2.569361495755611e-242,0.0,0.05
2830,0.56365,False,0.0,0.20729999999999998,1.0,20.0,0.0,0.29312343010639885,0.0968479781442146,1.7501974482451945,0.1272531911846895,1.5433,0.059462677369926775,0.1301575494065195,0.08029128667583779,2.8728483143663277e-189,0.0,0.05
2831,0.5137499999999999,False,0.0,0.28440000000000004,0.8844999999999998,35.35,0.0,0.333683708934335,0.14376480584202622,2.0975573861742096,0.45404765126788754,2.097685671042617,1.0078104468007048,0.33891127597063925,0.309963332497698,0.3508607470367672,0.7017870230151214,0.05
2832,0.58935,False,0.0,0.24829999999999997,0.9342,0.95,0.0,0.33122166124077357,0.05456377016342876,1.9040190289140952,0.2932848048408916,1.7593682259906234,0.5681208143008987,0.21918512993904452,0.2351045430060176,0.1664719542686478,0.49941586280594336,0.05
2833,0.5283,False,0.0,0.24240000000000003,0.9342,30.0,0.0,0.3151973685073607,0.11960379898833304,1.9173875925252795,0.33606204780827503,1.843137306112795,0.9614459868896614,0.24489838018785787,0.24507395260675638,0.1670123107515775,0.4977125287434514,0.05
2834,0.6005,False,0.0,0.201,1.0,0.0,0.0,0.28385392628919426,0.023600231964833105,1.7464253168030972,0.03985568050384982,1.5394999999999999,0.03963647310243431,0.10438716417999379,0.005598404875268083,4.32465530677894e-237,0.0,0.05
2835,0.52695,False,0.0,0.2292,0.8647,10.0,0.0,0.3097268284599607,0.11153908450257008,1.9403240634041485,0.29052580046925885,1.9755043860573867,0.8300688983213145,0.2712763571044489,0.27608752365138994,0.31369478577476334,0.627433304085707,0.05
2836,0.5995,False,0.0,0.199,1.0,0.0,0.0,0.2751230170354625,0.0105892877763343,1.742769084781808,0.0611933507793175,1.5355000000000003,0.029309554756085942,0.102320424920275,0.000765352609825452,1.8947937934377735e-242,0.0,0.05
2837,0.5709,False,0.0,0.18180000000000002,1.0,10.0,0.0,0.25651435199028627,0.0790481484542863,1.7154937581436767,0.053842758994043984,1.564,0.07491328320131227,0.09697228509757617,0.015015482880308302,7.549594248465025e-243,0.0,0.05
2838,0.55535,False,0.0,0.25329999999999997,0.9374,20.0,0.0,0.3393435422008626,0.058561650930512354,1.9024461448927206,0.27476688031211505,1.7384323401298967,0.5363874643914951,0.23283988862614016,0.23337301747928219,0.15670033255362764,0.470100997660883,0.05
2839,0.48079999999999995,False,0.0,0.2563,0.8029,24.4,0.0,0.3232998306255897,0.17079706777502401,2.0873402875207048,0.4264224946426858,2.25933240956403,0.9941442615270787,0.36737128496132065,0.3214261552898622,0.5638570689047124,0.7582847687958845,0.05
2840,0.5488500000000001,False,0.0,0.3215,0.9298,38.4,0.0,0.3827723654235271,0.07328914244035944,2.0270214552701056,0.20368255575927435,1.8615986979012977,0.6236902345827379,0.3381680716033493,0.1934402276772409,0.22782323139862354,0.49813111729432424,0.05
2841,0.5428,False,0.0,0.16560000000000002,1.0,20.0,0.0,0.22857594129349335,0.08316620278315275,1.7068245089879537,0.07069391140107537,1.5248000000000002,0.038101968453086506,0.09292472164247798,0.018863671294747118,2.2383851249869527e-242,0.0,0.05
2842,0.6005,False,0.0,0.201,1.0,0.0,0.0,0.2869094064628036,0.01752427222600068,1.7175725848185248,0.035100910809860664,1.5599,0.06140594433766165,0.1040651491450175,0.0037966383059598423,2.0799325458681278e-237,0.0,0.05
2843,0.5581000000000002,False,0.0,0.3257,0.9505000000000001,40.0,0.0,0.4058229898769167,0.0697487559066833,2.068811500027146,0.3317248048298105,1.7656321335848566,0.6107694898670567,0.33098747852347904,0.25797871122325117,0.16877700929666511,0.5063310278899953,0.05
2844,0.5419999999999999,False,0.0,0.164,1.0,20.0,0.0,0.24680291100337787,0.10193884406007882,1.7058827523134803,0.07013269883113352,1.6293666666666682,0.17679350478265504,0.095638351537032,0.027303012503974867,0.04190000000000097,0.1257000000000029,0.05
2845,0.5435,False,0.0,0.19780000000000003,0.9298,10.15,0.0,0.29495616404349134,0.11531778025790314,1.8057130043552827,0.17708041987573117,1.8045777602322108,0.6853051058406394,0.1795522368556622,0.21377328249778008,0.16870134482374055,0.5061040344712217,0.05
2846,0.5054,False,0.0,0.25439999999999996,0.7964,10.0,0.0,0.34487383708218183,0.08738599662416091,1.9965151790416438,0.3553116070026387,2.333851586012197,1.2409817836880743,0.3424916571282793,0.3337104296881694,0.5483784407368593,0.8383249047687358,0.05
2847,0.5333000000000001,False,0.0,0.2424,0.9442,30.0,0.0,0.3036425705387874,0.17578864995670457,1.9510127588378066,0.4146509351051228,1.6883112009818775,0.3321191543644191,0.2614429359342799,0.29239406057469297,0.07980000009627702,0.23940000028883113,0.05
2848,0.5015,False,0.0,0.21000000000000002,0.873,20.0,0.0,0.28745520937726415,0.16340145395022931,1.910621139722582,0.4155690203802418,2.040212640313632,0.8689569867436029,0.24556796816466897,0.30681704434937007,0.33763118412761706,0.6794993854749906,0.05
2849,0.46185000000000004,False,0.0,0.24779999999999996,0.7173,10.35,0.0,0.35972536422023754,0.10089031231031378,2.08196255981683,0.39113195095152764,2.535679325402813,1.3504449802594447,0.4066402921873836,0.33684989270714916,0.6828126830455487,0.8902564971892362,0.05
2850,0.55665,False,0.0,0.223,0.9286999999999999,9.6,0.0,0.30417864163760167,0.05077745952648165,1.8339221843038604,0.19911860331391296,1.7748464814152645,0.7198564121049154,0.19649918359703206,0.22674084242026085,0.17461730908617162,0.5238519272585148,0.05
2851,0.5991500000000001,False,0.0,0.199,0.9993000000000001,0.0,0.0,0.2902110448797856,0.04917406682588076,1.778226916299929,0.10096365978170736,1.6407111111111123,0.3376077869033539,0.133368465276971,0.06317620449510396,0.07980000000000088,0.23940000000000264,0.05
2852,0.5719,False,0.0,0.18380000000000002,1.0,10.0,0.0,0.28295119312904543,0.08564009915928057,1.6993904599831318,0.055428519711889404,1.5827000000000002,0.07013422844802675,0.10137145949074292,0.01705368100844396,3.546673083336705e-237,0.0,0.05
2853,0.4918999999999999,False,0.0,0.29450000000000004,0.8680999999999999,44.7,0.0,0.35543828978689146,0.0664869365009068,2.0567357387976957,0.36767309646727214,1.9247634183333755,0.7651518203891574,0.32957072722608555,0.26068377230880696,0.3343393546844771,0.6702691628500822,0.05
2854,0.38434999999999997,False,0.0,0.2197,0.7202,42.8,0.0,0.27631170643199265,0.11974213395705188,2.074344623234431,0.4321224196597139,2.75482095428097,1.6536508478447358,0.36038834775913753,0.32409755469834556,0.632186488691359,0.8814558891641392,0.05
2855,0.55945,False,0.0,0.29829999999999995,0.8766,14.0,0.0,0.35280974387123887,0.08704648497093626,2.082777780364945,0.4351655827678252,1.9803303504998961,0.9016205898525428,0.3273234551723279,0.2988059991922552,0.37531667990325823,0.7587194048634708,0.05
2856,0.5565000000000001,False,0.0,0.21500000000000002,0.9306000000000001,8.15,0.0,0.2988867479315861,0.03773385382183658,1.8575111854421986,0.28993127034057886,1.8525517015055435,0.8427327539266726,0.17700732235979738,0.21146716342019942,0.07836248124926089,0.23508744374778262,0.05
2857,0.5432999999999999,False,0.0,0.2516,0.9469999999999998,28.0,0.0,0.3314751146091114,0.14186790533079519,1.9741686872362312,0.37823879617628187,1.7536791773033749,0.5865610626070039,0.24743963931162466,0.24952582944867352,0.18873058420996836,0.5661917526299051,0.05
2858,0.5995,False,0.0,0.199,1.0,0.0,0.0,0.2916792245926847,0.01854624321690148,1.7125619848924747,0.039777296197607045,1.5606,0.10253896820233761,0.1027622005483999,0.0016731823076963739,2.70691845758576e-242,0.0,0.05
2859,0.5704,False,0.0,0.2105,0.9303000000000001,0.0,0.0,0.2911008437792806,0.038663599166119875,1.8365790846087573,0.2488220661212359,1.9945043601662618,1.1591835511966122,0.178890390804436,0.22948335248443638,0.18039911724874882,0.5411973517462464,0.05
2860,0.49155000000000004,False,0.0,0.2076,0.9291,38.4,0.0,0.2842970162911618,0.13437994746978957,1.8640299491583676,0.23974661872640723,1.795271697348904,0.7242917117513529,0.20473427594015536,0.20157458115330623,0.17585511024512523,0.5275653307353757,0.05
2861,0.54545,False,0.0,0.19980000000000003,0.9311,10.0,0.0,0.27145356540054866,0.06729526589513199,1.810085931303585,0.2499211183699924,1.7829983008534385,0.7315982996790085,0.17637597395630716,0.23032166965087852,0.15545671262596436,0.46637013787789316,0.05
2862,0.5422999999999999,False,0.0,0.27949999999999997,0.8850999999999999,20.0,0.0,0.3600869181883617,0.0701440872890824,1.9935537829713752,0.4524096748405072,1.9734378885883017,0.8514447558951402,0.30743101304717124,0.31222841692025355,0.35355440206849964,0.7081929979506784,0.05
2863,0.44245,False,0.0,0.26670000000000005,0.6742,14.0,0.0,0.39025021884592664,0.18949112130311588,2.119893719582038,0.472302259428856,2.6290104587717993,1.160211105051119,0.48850250744232626,0.39704646685145023,0.7769454924999081,0.8310878913977277,0.05
2864,0.5709,False,0.0,0.18180000000000002,1.0,10.0,0.0,0.25112815550732626,0.07315692116681796,1.707145389166526,0.051229793088172104,1.547166666666667,0.04864068941397352,0.0975637196547339,0.015191370680360488,0.0008000000000002956,0.002400000000000887,0.05
2865,0.49894999999999995,False,0.0,0.24359999999999998,0.8599,26.4,0.0,0.33721006645970303,0.10576868129469894,1.9501078607765046,0.31460733556582293,2.2495564621634285,1.3259225262683108,0.27911969103690465,0.24328762865719564,0.2918406615411914,0.6315314151516217,0.05
2866,0.5412,False,0.0,0.19390000000000002,0.9285,10.0,0.0,0.2639161632951404,0.08603754574760968,1.7817191681840392,0.20721015999067613,1.9010372587610447,1.0737801663193058,0.17463234107555686,0.22321352269619846,0.17576527939489311,0.5272958381846794,0.05
2867,0.5152000000000001,False,0.0,0.15040000000000003,1.0,30.0,0.0,0.23295467038103218,0.09542005200880706,1.6936745293141158,0.06746200542098019,1.5561000094144863,0.039350862439054037,0.09061367496493725,0.02365861168821956,1.855731142766141e-238,0.0,0.05
2868,0.5461499999999999,False,0.0,0.20010000000000003,0.9321999999999999,10.0,0.0,0.28701546653144455,0.08672123911854915,1.8223576338111467,0.2610047716550495,1.8209490151635497,0.7385265669660778,0.169394093052045,0.20553387246187774,0.19058847188840983,0.5717654156652294,0.05
2869,0.5721,False,0.0,0.21500000000000002,0.9292,0.0,0.0,0.29624932437479984,0.026489553574412465,1.7912022662658136,0.16105991674904718,1.7203115572909398,0.45305128878065226,0.17141430280442177,0.19754788414482627,0.15976318629087544,0.47928955887262636,0.05
2870,0.55545,False,0.0,0.21790000000000004,0.9490000000000001,14.0,0.0,0.30486601693702897,0.16969557255084497,1.8553803999312606,0.387842698004215,1.7944486777403728,0.7176121003065347,0.19348138177724783,0.2785545478214774,0.20182404425501504,0.6054721327650452,0.05
2871,0.5584499999999999,False,0.0,0.23689999999999997,1.0,30.0,0.0,0.3353514885230981,0.0483779596241486,1.8188119544861312,0.09549971533549756,1.5577,0.0467569246208516,0.15996085962031337,0.08167595534800519,6.849404128402105e-196,0.0,0.05
2872,0.5107,False,0.0,0.29989999999999994,0.8159000000000001,23.6,0.0,0.38534558064492364,0.1101781638513954,2.132238231599079,0.4557040862657606,2.287894275794006,1.2539009370551781,0.3778438813925954,0.32184604282266055,0.5576642215259835,0.8638057457565758,0.05
2873,0.52145,False,0.0,0.23479999999999998,0.9281,30.0,0.0,0.3172986222562619,0.09243527949080488,1.8734043553848068,0.16038188979998155,1.8440107527597491,0.952933941521299,0.21256879234284728,0.18495001636629263,0.17819069888454422,0.524648343738534,0.05
2874,0.571,False,0.0,0.18200000000000002,1.0,10.0,0.0,0.26127389712170074,0.08029403176998895,1.7396862072708672,0.06419639012166449,1.599766666666667,0.0991071305877295,0.09880078890268311,0.015163792064626869,0.0008000000000002956,0.002400000000000887,0.05
2875,0.5995,False,0.0,0.199,1.0,0.0,0.0,0.2897560224991683,0.0264520672682014,1.7205068821827065,0.049398316808645454,1.6339666666666681,0.20980215283293688,0.10938394621336567,0.019615205702760628,0.050900000000000944,0.15270000000000283,0.05
2876,0.49319999999999997,False,0.0,0.271,0.7378,5.6,0.0,0.3587364335361742,0.07150636173679964,2.108450913833603,0.4413650273371784,2.631085197479032,1.2181263988158946,0.4066269739451512,0.36177619891261087,0.578476960969935,0.7575794776258216,0.05
2877,0.6005,False,0.0,0.201,1.0,0.0,0.0,0.29552571162611235,0.016245727776805188,1.7316679194862066,0.04807748255934371,1.5469000000000002,0.07623050570473745,0.10623043661839211,0.005578047297130456,1.3125470981503605e-238,0.0,0.05
2878,0.53325,False,0.0,0.19380000000000003,0.9303000000000001,14.4,0.0,0.2957244491573592,0.11897026473135602,1.7891212276532702,0.1934787150982643,1.8048558971826263,0.790756912039586,0.1750392119796649,0.21875821009255159,0.18331927521437702,0.5499578256431311,0.05
2879,0.6015,False,0.0,0.203,1.0,0.0,0.0,0.28868401783843356,0.01314645049246492,1.7340655324189829,0.04356593883807962,1.5222,0.036711850947616406,0.10656081064549694,0.005308114422258194,4.102132740360012e-237,0.0,0.05
2880,0.5163500000000001,False,0.0,0.2274,0.8597000000000001,13.6,0.0,0.3071439294341077,0.02677067027339498,1.9385394362947512,0.36016505393537834,2.245980161619717,1.4295514551541786,0.23705366841010744,0.26199761399891874,0.35571045111768146,0.7182807864148333,0.05
2881,0.6005,False,0.0,0.201,1.0,0.0,0.0,0.2972167287074168,0.02450731719086299,1.7419536477018447,0.05816115152050279,1.617301082187242,0.1402844507242248,0.11400894157905905,0.025979083218235936,4.8151869624839974e-237,0.0,0.05
2882,0.5418999999999999,False,0.0,0.2346,0.9292,20.0,0.0,0.31673386976155393,0.11449951175611377,1.8709276052377342,0.2739916602734242,1.945086561397518,0.9241890821000718,0.23324158142768062,0.22913248406580505,0.16906929212878624,0.5072078763863587,0.05
2883,0.6005,False,0.0,0.201,1.0,0.0,0.0,0.3067130342762354,0.0245960407174344,1.7635662561478764,0.03849300997625741,1.596222848849827,0.052908732504661826,0.11271102626867473,0.013290597886761839,0.009400000000000418,0.028200000000001252,0.05
2884,0.5822,False,0.0,0.223,0.9414,0.0,0.0,0.3070210668315473,0.053833813940648165,1.849714148554097,0.32601614777511645,1.8561848672038657,0.7780549022258645,0.16868400543088102,0.1901964327105556,0.05,0.15000000000000002,0.05
2885,0.5529,False,0.0,0.2566,0.9292,20.0,0.0,0.321243552724266,0.0564992947590508,1.922933070512423,0.2602658270670121,1.80528726749225,0.8096448857190125,0.25309861826026636,0.2162510838068564,0.1656496233519896,0.4969488700559689,0.05
2886,0.6045,False,0.0,0.20900000000000002,1.0,0.0,0.0,0.2884889895994599,0.028346050521377918,1.7770874240432097,0.03975376713027641,1.5816000000000001,0.0893556937189791,0.11298983778782108,0.024815487249743296,8.080456677841405e-221,0.0,0.05
2887,0.534,False,0.0,0.22799999999999998,1.0,40.0,0.0,0.3155791660563887,0.10461176224412545,1.8267532848143309,0.12600332728847297,1.5533000000000001,0.06020307301126746,0.16772351285991013,0.09655197087259347,2.675553596658472e-198,0.0,0.05
2888,0.59345,False,0.0,0.22210000000000002,1.0,8.8,0.0,0.3012531160073853,0.08310780480092096,1.7907774935490957,0.15835522218859355,1.5459,0.05652689625302278,0.13799360196277366,0.10560122189281668,2.587631481150571e-173,0.0,0.05
2889,0.5202499999999999,False,0.0,0.2156,0.9048999999999999,20.0,0.0,0.2923646755076244,0.10685127307417416,1.8619453312766847,0.28803127123750155,1.847729972234618,0.707233480016633,0.20672340880978562,0.18355599292573552,0.27762930247370066,0.6147899637927361,0.05
2890,0.4749,False,0.0,0.2811,0.8594999999999999,47.7,0.0,0.36874598434652517,0.1404117939522234,2.047237251185239,0.32062722916182407,2.0227280322835584,0.9930417749568102,0.3385352040618156,0.23068031941161263,0.35360105903404343,0.7082753032183468,0.05
2891,0.54235,False,0.0,0.1647,1.0,20.0,0.0,0.2349645837871524,0.09423911355541746,1.7067396103316497,0.06732930272898843,1.5587,0.05837473768677685,0.09262612970109792,0.01997361736191868,1.4155367620011474e-242,0.0,0.05
2892,0.5774,False,0.0,0.19480000000000003,1.0,10.0,0.0,0.2845987515383118,0.0810436433204221,1.7462756875808068,0.13604312203971525,1.609400000000005,0.06617733751066854,0.11701709637107216,0.054451177350667714,1.9518097548404658e-210,0.0,0.05
2893,0.5995,False,0.0,0.199,1.0,0.0,0.0,0.2859998273717543,0.023022986778285192,1.7128062913891948,0.0270635816211753,1.5441,0.039497974631618804,0.10351195642649447,0.0021391285601739594,1.9864427739856392e-242,0.0,0.05
2894,0.56115,False,0.0,0.2332,0.9291,10.0,0.0,0.3173380367858858,0.041626425603778876,1.8605517954241897,0.19302360583558906,1.820586845328664,0.7110973155158026,0.20320007375563792,0.216027446839557,0.15543504579684136,0.46630513739052404,0.05
2895,0.53825,False,0.0,0.2435,0.873,10.0,0.0,0.33848764075028376,0.05463223734832202,1.8871632381359973,0.29293057099716147,1.8612846607215416,0.6361300502948771,0.26243308703690044,0.27857408287075813,0.23682681239986775,0.5044574970229987,0.05
2896,0.5279,False,0.0,0.23199999999999998,0.8638,10.0,0.0,0.32212642793656726,0.06142467238705799,1.9368971336918492,0.3504626854719231,2.0143637371789587,0.8543278323796268,0.26265648744938896,0.30458472704773143,0.24494156451633176,0.5873889390625628,0.05
2897,0.48515,False,0.0,0.13030000000000003,1.0,40.0,0.0,0.19158680404097908,0.1277290043794987,1.6708371844868606,0.08677975212159765,1.5202046012688013,0.028583095093641427,0.09290825799801442,0.04457846198904629,1.187392883659494e-242,0.0,0.05
2898,0.57075,False,0.0,0.18150000000000002,1.0,10.0,0.0,0.2631657924664529,0.07579337908131834,1.7340071739991665,0.057010167213164896,1.5506999999999997,0.062054895052687034,0.09878153722977764,0.017110147225179395,2.7029321355452532e-242,0.0,0.05
2899,0.5438999999999999,False,0.0,0.238,0.9298,20.0,0.0,0.28878708169785594,0.1200004308762114,1.8669036393265035,0.3368357786082347,1.7476756431019556,0.6717587423162663,0.21614346570967694,0.2371485962595022,0.16354473825923438,0.4906342147777031,0.05
2900,0.5054,False,0.0,0.2493,0.8699,27.1,0.0,0.3493118789108386,0.06767928565183305,1.991187319676121,0.35897496777627685,2.080400998829948,1.0140302891588346,0.2836127578855544,0.2936626395131268,0.34976386799429277,0.699852130477083,0.05
2901,0.54255,False,0.0,0.16510000000000002,1.0,20.0,0.0,0.23149612587828491,0.10462618827102618,1.6929074270038238,0.060584046814059364,1.558700000000076,0.0622527911021988,0.09306826188516079,0.019727622010909808,1.333184015425888e-242,0.0,0.05
2902,0.41095000000000004,False,0.0,0.2692,0.7319,44.8,0.0,0.31781474953914823,0.14510724538959327,2.1324540794170916,0.4168703400761381,2.5134781403799398,1.178278262514716,0.4197039382761064,0.31791310850506493,0.7009462821912877,0.8613154013202443,0.05
2903,0.47104999999999997,False,0.0,0.1948,0.9344999999999999,46.8,0.0,0.29434570765824664,0.14944315762404503,1.8303565241351287,0.24602369127548596,1.7311207084234757,0.5941398226610836,0.1898397635120617,0.2320683210247988,0.16303946610089265,0.48911839830267795,0.05
2904,0.53575,False,0.0,0.21349999999999997,0.938,20.0,0.0,0.29478739603406373,0.1531113044541704,1.8903426162274108,0.3869400016762221,1.9450213432579813,1.1298391679558306,0.21779198569856034,0.27250457399031947,0.19104417598013151,0.5731325279403946,0.05
2905,0.5328999999999999,False,0.0,0.2116,0.9342,20.0,0.0,0.2956963245808026,0.12001653698692039,1.8536626245024586,0.2639132208204014,1.6732168583281424,0.29953205719734155,0.2055932232002285,0.24274998762289648,0.07997235232070675,0.2399170569621203,0.05
2906,0.4271999999999999,False,0.0,0.3009,0.6879,33.6,0.0,0.3949697308426177,0.1714941228686632,2.2212498006863814,0.4882303206969624,2.759140353926947,1.2216056303169738,0.5063685976139488,0.38523524930894687,0.8125829062899875,0.9138330782319881,0.05
2907,0.494,False,0.0,0.24020000000000002,0.7878,10.0,0.0,0.3108564347202607,0.04639676935709869,1.917259867937864,0.30173584216732285,2.125044686268301,0.8926323793938539,0.2913560745204514,0.28769930419240486,0.4741670797033752,0.7243871119613882,0.05
2908,0.54135,False,0.0,0.22809999999999997,0.9346,20.0,0.0,0.33987265383783627,0.12949762961663497,1.8666306549195255,0.3435912250518791,1.8350387636352525,0.894195410161553,0.22123555728717678,0.24871368086611115,0.127,0.381,0.05
2909,0.5672499999999999,False,0.0,0.22149999999999997,0.9385999999999999,6.4,0.0,0.3193549857819509,0.07708212449417524,1.8474334290758683,0.35084649175366783,1.928485114489506,1.0933417837524755,0.19668980182952908,0.2734206593600063,0.1999349664224539,0.5998048992673617,0.05
2910,0.50305,False,0.0,0.17740000000000003,0.9087,20.0,0.0,0.2436737551137691,0.10734922737983274,1.8117960394761183,0.25392648365256554,1.8887167027476253,0.7395300066209284,0.19150800917300154,0.23202562430871657,0.24476184212043162,0.5252581595743883,0.05
2911,0.6005,False,0.0,0.201,1.0,0.0,0.0,0.30269337802821356,0.022014904283797987,1.732628448150448,0.042840929534712004,1.5710111111111136,0.0767789105882062,0.10615040175002632,0.005502122194887664,0.011400000000000446,0.03420000000000134,0.05
2912,0.5121999999999999,False,0.0,0.2808,0.8699999999999999,31.6,0.0,0.4080036115537509,0.141848060864518,2.039048591036418,0.36747644455039824,2.230709036534732,1.3428636024036904,0.33568984996749957,0.3100634060630397,0.371709647304843,0.7461038386246961,0.05
2913,0.5995,False,0.0,0.199,1.0,0.0,0.0,0.28781647768166807,0.011783139312159754,1.7306780897623848,0.06436785690723307,1.5880000000000005,0.089166137070078,0.10238991889741353,0.0010240900488490056,0.0012000000000003013,0.003600000000000904,0.05
2914,0.57095,False,0.0,0.1819,1.0,10.0,0.0,0.2691664261144264,0.08149092749638524,1.7213852003103713,0.04894258042168025,1.6068000000000002,0.10497123415488654,0.09911052673652887,0.016176782235312312,3.986233099872376e-242,0.0,0.05
2915,0.54945,False,0.0,0.2101,0.9288000000000001,10.0,0.0,0.2781063175413302,0.09102372007652819,1.8076819888659912,0.24285965908764576,1.7629554104757936,0.7105130704196128,0.18586635719620317,0.20116293950096512,0.17759710575469856,0.5327913172640957,0.05
2916,0.5709,False,0.0,0.18180000000000002,1.0,10.0,0.0,0.26289549122609573,0.07406249623070421,1.711511318972449,0.06330785429622426,1.5849,0.07593345771134097,0.09721923815274003,0.015535482955636903,2.224836765050461e-242,0.0,0.05
2917,0.49044999999999994,False,0.0,0.2995,0.7438,15.6,0.0,0.35652633985676835,0.08559655991161026,2.165456541047148,0.42180377071320085,2.6726258709332926,1.422284819443784,0.4477162941668286,0.3667696427948524,0.5731919345176327,0.7817118905687647,0.05
2918,0.59065,False,0.0,0.199,0.9823000000000001,0.0,0.0,0.29622452131039845,0.022990553207386247,1.758775369518182,0.10499825810703263,1.6866111114150961,0.32591905089371315,0.12898120479206635,0.07378234378418894,0.07980000000000083,0.23940000000000247,0.05
2919,0.5046,False,0.0,0.25899999999999995,0.8758000000000001,31.4,0.0,0.34366493626767963,0.13287588157162267,2.014417036046901,0.4388888305116719,2.0677329191778746,1.002264396742536,0.3189449762666422,0.33242526642211995,0.36826609263840815,0.7365329919692695,0.05
2920,0.58995,False,0.0,0.21989999999999998,1.0,10.0,0.0,0.32291775832165726,0.05058280095088611,1.7674819932175843,0.12403015979804283,1.5717000000000003,0.05918285224623771,0.13157818049328363,0.07834975668638694,1.1767186692933825e-185,0.0,0.05
2921,0.5995,False,0.0,0.199,1.0,0.0,0.0,0.30162031227376257,0.01577256217173203,1.726076700068322,0.0501870485155503,1.5791645833333334,0.08804112460887714,0.10335068561749368,0.0023229608543725807,2.5883463415689006e-242,0.0,0.05
2922,0.51315,False,0.0,0.24209999999999998,0.8642000000000001,20.0,0.0,0.32885357526861825,0.14180254489880692,1.9814303849624557,0.3640900530548794,2.227207794077155,1.4411546656804863,0.2963791284803956,0.31023726496594006,0.37630001602982366,0.7544635409727894,0.05
2923,0.56955,False,0.0,0.18170000000000003,1.0,10.65,0.0,0.26095326810576996,0.09641706984297989,1.7330842397499295,0.09772012014409365,1.5406,0.05764061068378788,0.103319923432837,0.028185424882255727,1.565948259931342e-242,0.0,0.05
2924,0.5174000000000001,False,0.0,0.2103,0.9445,30.0,0.0,0.2788603800443935,0.12170254087766631,1.839194783316832,0.33894010389523377,1.7920058177749074,0.6731576506780519,0.2014999638999419,0.2524517657065223,0.17275559407413882,0.5182667822224164,0.05
2925,0.4722500000000001,False,0.0,0.20670000000000002,0.8578000000000001,30.0,0.0,0.2821879686765009,0.08885349660260955,1.835292399638535,0.2614868871662921,1.9066463741808306,0.7022412134288765,0.22641024625152734,0.2573914974146311,0.31763394174345816,0.6354737856506413,0.05
2926,0.45840000000000003,False,0.0,0.2431,0.7265,13.2,0.0,0.3091823472908038,0.10494664193874512,2.0242308465139507,0.4232563554710765,2.458348153623313,1.1332992141638305,0.37747005631601394,0.3451074042506863,0.5690408716791338,0.7800114671478983,0.05
2927,0.52225,False,0.0,0.3137,0.8140000000000001,20.8,0.0,0.37287241992091114,0.11299365452182512,2.1108808653316347,0.37699205220620163,2.3165159424056343,1.2050730124826607,0.4179023322668932,0.3430232029763903,0.500854445199732,0.7655382871903832,0.05
2928,0.6015,False,0.0,0.20299999999999999,1.0,0.0,0.0,0.29857471895658155,0.030387104144794286,1.7429932244543065,0.042925045468439595,1.5557,0.052691650192416624,0.1086264352661401,0.013370914361599788,1.4211165172227356e-231,0.0,0.05
2929,0.56915,False,0.0,0.18150000000000002,1.0,10.8,0.0,0.248842321260272,0.06760691635182318,1.740247898424202,0.07862195078341058,1.5302,0.04547042995178295,0.09693725251092175,0.01462527917051497,2.385377320596234e-242,0.0,0.05
2930,0.5995,False,0.0,0.199,1.0,0.0,0.0,0.26235513284311096,0.01439348027806797,1.7405351570958427,0.04523090089597049,1.5325000000000002,0.04151204644437566,0.102196758318705,0.001110670548336699,1.2481178765125684e-242,0.0,0.05
2931,0.51305,False,0.0,0.2162,0.9299,30.0,0.0,0.2904790610314949,0.09345594417655087,1.8379771623243204,0.24714192027373738,1.8147720043345898,0.7738218657632835,0.19580656425715554,0.19063710390227548,0.05,0.15000000000000002,0.05
2932,0.57085,False,0.0,0.18170000000000003,1.0,10.0,0.0,0.2811122570470809,0.0865094533022862,1.713585669835691,0.05929540175454903,1.5869,0.05462682491230846,0.09867665988000211,0.016347475966378203,1.5448980740559774e-242,0.0,0.05
2933,0.53375,False,0.0,0.24159999999999998,0.9299,26.0,0.0,0.3454907158664491,0.0519409158652121,1.8957114261374837,0.2767222912679069,1.7156318494027645,0.6119428880363942,0.20427089179925323,0.1763640377819013,0.16037813950863883,0.48113441852591654,0.05
2934,0.5608500000000001,False,0.0,0.26460000000000006,0.9375,20.1,0.0,0.36384491475493913,0.10928276312032553,1.9339249409471104,0.2739539054111993,1.7488385541038425,0.687504585147645,0.2595514024649811,0.2521233570865221,0.18651931769823482,0.5595579530947045,0.05
2935,0.48929999999999996,False,0.0,0.24010000000000004,0.9320999999999999,48.4,0.0,0.31828379939728163,0.11840952477610008,1.8617993544869538,0.2597670275760377,1.9244256957229315,1.1358733237880152,0.23384116268614644,0.22298232068439225,0.19965378613875215,0.5989613584162564,0.05
2936,0.5111,False,0.0,0.2314,0.8708,20.0,0.0,0.32111391844526394,0.120647540333418,1.9362058069671602,0.43363979641500977,2.11226042739768,1.149872711705983,0.27861298122647893,0.3271830911000267,0.3137830013140361,0.6278681182335188,0.05
2937,0.4862,False,0.0,0.22849999999999998,0.9423,49.6,0.0,0.3025127206730142,0.1907509163430654,1.9246749309092017,0.3784518387030924,1.7303081666091202,0.6052075958351473,0.23674789962222978,0.28147601813922707,0.16166099083133842,0.4849829724940152,0.05
2938,0.5448500000000001,False,0.0,0.1889,1.0,24.8,0.0,0.2895484092367871,0.14633849103919974,1.7372966170003799,0.1270776929406125,1.6003,0.07449436220278688,0.13326883400157943,0.0897553778743048,3.343744714385378e-199,0.0,0.05
2939,0.5127499999999999,False,0.0,0.2145,0.867,14.0,0.0,0.31407800185109724,0.17685858560862236,1.8731432175817446,0.32644087923503234,2.024584586809829,0.8932941130502675,0.2631154215307127,0.3149947815617353,0.32480606105233906,0.6508861066021063,0.05
2940,0.4967,False,0.0,0.2829,0.7937000000000001,20.8,0.0,0.36694985977724304,0.08281869706319216,2.034530630883497,0.3029637952378519,2.283476581306811,1.1498118242769444,0.3608237429870107,0.29473676597032994,0.5333138589542215,0.8206297712137541,0.05
2941,0.54335,False,0.0,0.16670000000000001,1.0,20.0,0.0,0.23615570446805006,0.09418544636673636,1.7194909083328256,0.06464497214013977,1.5899,0.0631196482879935,0.09601157757630192,0.022946305443805465,4.118251105810328e-237,0.0,0.05
2942,0.60115,False,0.0,0.2439,1.0,10.4,0.0,0.3508495092237476,0.09201739876304098,1.8382218565278983,0.14671369218596544,1.5432000001834498,0.05315411577800913,0.16374308670174034,0.1029524691096642,8.187950081912461e-172,0.0,0.05
2943,0.53055,False,0.0,0.19810000000000003,0.943,20.0,0.0,0.2628159758176477,0.12088415589750727,1.8437303500085673,0.369704681639325,1.803405913374099,0.8821307054587777,0.18583435982100965,0.26787163183351165,0.18297550542765434,0.5489265162829631,0.05
2944,0.5995,False,0.0,0.199,1.0,0.0,0.0,0.2823993789951701,0.026909596617215106,1.7408008618462474,0.038877200425792194,1.5318999999999998,0.03656897592222125,0.1033224030759563,0.002254435843380134,2.0456547276400818e-242,0.0,0.05
2945,0.57385,False,0.0,0.18770000000000003,1.0,10.0,0.0,0.27173218868258153,0.07590087001751782,1.7314195189044903,0.06638766235244416,1.5887,0.06504928900456945,0.10255344726514588,0.019135996520391423,9.87240642975676e-237,0.0,0.05
2946,0.5995,False,0.0,0.199,1.0,0.0,0.0,0.27907793850490037,0.02464518573033369,1.7116213718430395,0.04494438239634202,1.53972186531706,0.05385415409452491,0.10913915793185432,0.022024673149923124,2.2342764973282882e-242,0.0,0.05
2947,0.5064,False,0.0,0.2601,0.8647,28.0,0.0,0.34502045748554167,0.11221731331098486,1.972597372794013,0.3190970765229873,2.0300481445044976,1.0002243515899216,0.28641666482815153,0.28035134984877913,0.10500000000000001,0.21029740844813094,0.05
2948,0.5995,False,0.0,0.199,1.0,0.0,0.0,0.2779425045008858,0.014755216984432499,1.7243169758221466,0.06471532413804287,1.5645000000000002,0.06180331706308329,0.10234069010761922,0.0015512317363771471,1.9788291478770073e-242,0.0,0.05
2949,0.5995,False,0.0,0.199,1.0,0.0,0.0,0.2829392919518776,0.01488545160838439,1.75306856307517,0.05087845709206008,1.539300000000017,0.06634764502229751,0.1023585763931018,0.0012734381777704592,2.279012484393553e-242,0.0,0.05
2950,0.5205500000000001,False,0.0,0.1844,0.9367000000000001,20.0,0.0,0.259636809787505,0.12729711533765065,1.7876837452514593,0.3123560528702384,1.7120254992291362,0.5518400769898094,0.17300454030969734,0.24517352805882814,0.18103993688593228,0.5431198106577969,0.05
2951,0.4508,False,0.0,0.23439999999999994,0.8864000000000001,54.8,0.0,0.30944320111776624,0.1619290230058069,1.9913291546176353,0.48190681857457723,1.9747468498801815,0.8528847077930878,0.2626351457601901,0.29943616380170157,0.20332038637525499,0.46768817524798684,0.05
2952,0.48059999999999997,False,0.0,0.22430000000000003,0.8568999999999999,30.0,0.0,0.2735480315121198,0.12971770709072927,1.9203617975056104,0.288545801350824,2.0752703839984354,0.9949723675579747,0.2719738931824576,0.26668746579220454,0.2981893113370007,0.6355101619067246,0.05
2953,0.57075,False,0.0,0.18150000000000002,1.0,10.0,0.0,0.2632365241329822,0.08118330854407736,1.7182452818075347,0.05434094947500497,1.5439,0.05560296754670564,0.09645788758956819,0.016138850071378923,2.2924824264517396e-242,0.0,0.05
2954,0.52945,False,0.0,0.2637,0.8608,16.4,0.0,0.367512280999854,0.10242130194614768,1.9611931062984802,0.2685912891111468,2.1572090491898943,1.2234272541241384,0.28841099809620496,0.25382664369183877,0.32716027268940256,0.7312869392901991,0.05
2955,0.5014,False,0.0,0.24559999999999998,0.858,25.2,0.0,0.34016112157834144,0.13907518255870183,1.9165910889725652,0.2842433825595324,1.9789144921989892,0.8194337889342993,0.28597285078612555,0.27114153246968814,0.3340330605394625,0.6681178277459076,0.05
2956,0.5472999999999999,False,0.0,0.23899999999999996,0.8699999999999999,3.6,0.0,0.3198267234954298,0.0603277984966319,1.8951434867936103,0.3472321513701758,2.0602589648160667,1.0473076870148594,0.23662281078066805,0.26933171123611804,0.24759265834282748,0.5950852559462262,0.05
2957,0.5995,False,0.0,0.199,1.0,0.0,0.0,0.27528927011961357,0.007242203348325566,1.7037882856039914,0.03279673195483165,1.5893000000000006,0.08324548035779517,0.10244058909463398,0.001739552359425139,0.009800000000000423,0.029400000000001276,0.05
2958,0.5429,False,0.0,0.19570000000000004,0.9301,10.0,0.0,0.2963474744265136,0.10870423493664438,1.8017280659668269,0.23000974407541774,1.729549144125577,0.526716840354865,0.17369167102024521,0.2245589135500079,0.17000718210987578,0.5100215463296274,0.05
2959,0.57195,False,0.0,0.1839,1.0,10.0,0.0,0.2591191496239526,0.07769625381011862,1.7335007345617288,0.062457080646302565,1.5316,0.04186693205860685,0.10124447981056024,0.017319923820682075,1.3645066147973013e-237,0.0,0.05
2960,0.5743,False,0.0,0.1886,1.0,10.0,0.0,0.26306850517833136,0.07853086885090879,1.7333393171072795,0.05932176877444009,1.5648,0.07210381404613771,0.10338775408519955,0.016410319586709677,2.863968618302386e-231,0.0,0.05
2961,0.5995,False,0.0,0.199,1.0,0.0,0.0,0.3078496457252363,0.02826992963129386,1.7252584277864986,0.04445479805670925,1.588500000000427,0.08889460051126154,0.10390618001305492,0.0015768206044783236,1.4060869099279926e-242,0.0,0.05
2962,0.5563500000000001,False,0.0,0.18630000000000002,1.0,18.4,0.0,0.27310359535775774,0.08195905433668219,1.7328787877244267,0.07748042874349136,1.5563999999999998,0.06193415858797146,0.10618831634024206,0.028685445741272617,8.244668485220408e-231,0.0,0.05
2963,0.49620000000000003,False,0.0,0.2612,0.7312000000000001,0.0,0.0,0.32924053929584624,0.06388200537000258,2.108759399267349,0.4083631143860698,2.491979739645443,1.3114482340019182,0.403014730387976,0.36342818737320604,0.5862445841750026,0.7601569881314898,0.05
2964,0.40869999999999995,False,0.0,0.2526,0.7263999999999999,40.4,0.0,0.33217427567439045,0.16121024800135736,2.080308312731987,0.41904152285053287,2.6598627635243544,1.4218741546810802,0.42428399029796815,0.33763727417314826,0.7570429346559111,0.9464176290184374,0.05
2965,0.5958,False,0.0,0.203,0.9885999999999999,0.0,0.0,0.3146782319034909,0.02707196435962658,1.7904445736084846,0.0909598854054323,1.6709111111111123,0.3367685060492879,0.12997201227490895,0.05710050554721185,0.07980000000000088,0.23940000000000264,0.05
2966,0.56595,False,0.0,0.26589999999999997,0.9460000000000001,20.0,0.0,0.3467680888206905,0.14566825630183647,1.9633096249581943,0.3465214080319159,1.788386260827184,0.6509536982162022,0.26167423913688315,0.2561434802465017,0.05,0.15000000000000002,0.05
2967,0.5444,False,0.0,0.19770000000000004,0.9311,10.0,0.0,0.2752984312768754,0.08694352617537532,1.8149906483437086,0.29599083817137856,1.818896173590747,0.7481998349170816,0.1790101837284218,0.23830160665684313,0.1653108242423214,0.49593247272696417,0.05
2968,0.5189000000000001,False,0.0,0.225,0.9280000000000002,28.8,0.0,0.2782858156210673,0.1349313800387429,1.875980645329724,0.29017341881797803,1.751651522087339,0.5548908989446214,0.22443573351410057,0.2291058960588338,0.14990597492869778,0.4497179247860933,0.05
2969,0.43845000000000006,False,0.0,0.23159999999999997,0.7253000000000001,20.0,0.0,0.36578053657086407,0.1809631940147372,2.0446717287596585,0.4097908810916391,2.4495607945173994,1.3213184761273242,0.38592961406635,0.3603916338809994,0.6551058081769102,0.8610102510307043,0.05
2970,0.5303500000000001,False,0.0,0.18070000000000003,1.0,30.0,0.0,0.24726602730671035,0.10953147485714816,1.7383003412862135,0.09381979768955481,1.5758,0.07851853284416363,0.11500792244633196,0.0681919411055995,6.532100791039719e-202,0.0,0.05
2971,0.5951000000000001,False,0.0,0.199,1.0,2.2,0.0,0.3102819046926396,0.042707601879730626,1.751552301886223,0.08584504975226304,1.5853000165895454,0.07348884984662409,0.10878002971049568,0.015094267188421806,2.203012385405909e-242,0.0,0.05
2972,0.5575,False,0.0,0.2253,0.9297000000000001,10.0,0.0,0.305457706890979,0.10389691336520275,1.8564449375234067,0.259809510575544,1.8008843016672553,0.7258920391519365,0.2120506695746069,0.21786731749177984,0.05,0.15000000000000002,0.05
2973,0.54375,False,0.0,0.25819999999999993,0.9413,28.0,0.0,0.38093841131049644,0.12976366231756836,1.9297863880132486,0.3391633119404583,1.9328867332231545,0.8228405984186042,0.25562648409507477,0.26951120402759843,0.23104466096220605,0.5352977693320913,0.05
2974,0.5286499999999998,False,0.0,0.2867,0.8905999999999998,30.0,0.0,0.38449686009544215,0.17968245678676786,2.0890916778246287,0.4322052549024553,1.9756750586502219,0.9262977724012502,0.35332121632226043,0.3358272498746029,0.3746076282307989,0.7531622048702148,0.05
2975,0.5995,False,0.0,0.199,1.0,0.0,0.0,0.2906566971072047,0.018236823716781786,1.7386868890615166,0.05180678973581111,1.536501337178548,0.0422038348526412,0.10373116400663292,0.0025591243099787678,2.231787779773667e-242,0.0,0.05
2976,0.57075,False,0.0,0.18150000000000002,1.0,10.0,0.0,0.2631779272632535,0.07214693052870905,1.7372461707776305,0.05894394477938188,1.5481000000000003,0.05946503174135201,0.09827773050222452,0.017439953592879077,2.9801199621547767e-242,0.0,0.05
2977,0.4334,False,0.0,0.3047,0.7861,56.0,0.0,0.37831563050419553,0.06623057723155129,2.0756971810944256,0.308931993093693,2.2358240697335847,1.0673946157107301,0.4111247143031509,0.2690045661767709,0.48912883448217476,0.7477293117634614,0.05
2978,0.52555,False,0.0,0.2556,0.8755,20.0,0.0,0.3263315656929101,0.06521791309625193,1.9858669356116512,0.37080687172364835,2.191620808107262,1.3112155432149244,0.2738282962727207,0.2909362488553901,0.3603052369861114,0.7260506112081792,0.05
2979,0.57375,False,0.0,0.18750000000000003,1.0,10.0,0.0,0.27308326491710727,0.08421556749636863,1.7544610246131842,0.06334265005585495,1.5321013371785484,0.04017431179353036,0.10366240095835648,0.0222667119174296,4.716693084736652e-231,0.0,0.05
2980,0.43415,False,0.0,0.23939999999999997,0.7888999999999999,40.0,0.0,0.30526191247699697,0.10203393210194989,2.0260196427005956,0.337390462941268,2.2264856428706805,1.0333954222230515,0.3505563584458574,0.3286014403633165,0.42477837418445946,0.6553121726074138,0.05
2981,0.46315,False,0.0,0.26589999999999997,0.7404,20.0,0.0,0.321545254044131,0.11208559764656661,2.1103107420345615,0.4254597493231109,2.7187355818333785,1.510522786118339,0.4299727157351014,0.3754141987407917,0.7453940502734959,0.9196231177748634,0.05
2982,0.44340000000000007,False,0.0,0.2021,0.7887000000000001,26.0,0.0,0.28478376009092166,0.14524852836105634,1.8925656115277012,0.3246416194867162,2.1261973512501875,0.894829535773014,0.3015819915801116,0.32777863046574623,0.534831525095018,0.817066287901485,0.05
2983,0.6015,False,0.0,0.203,1.0,0.0,0.0,0.29840487053566567,0.026790426235436513,1.7274823366512546,0.03907003800305422,1.5608000000000049,0.09076981877254788,0.10781658575337441,0.014369002172031282,5.417101055935983e-231,0.0,0.05
2984,0.5421,False,0.0,0.1642,1.0,20.0,0.0,0.23380216250816283,0.08979957107965482,1.7120901897997325,0.07192132882670631,1.5531356825086804,0.06147448232194361,0.09119177592990609,0.021091748749360418,9.830301264297776e-243,0.0,0.05
2985,0.5146999999999999,False,0.0,0.1801,0.9292999999999999,20.0,0.0,0.23963151314745215,0.0866497329968597,1.768862053838777,0.1946618857652661,1.8665869509919044,0.7709611429573424,0.1600820483861775,0.2019477271458659,0.05,0.15000000000000002,0.05
2986,0.5344,False,0.0,0.24620000000000003,0.8625999999999999,10.0,0.0,0.3109665002858219,0.09864369286267877,1.923989559469149,0.2662583977622263,1.9313500316806826,0.7707033805658445,0.2825331276118745,0.26632851083216835,0.34229752120848433,0.684115842334336,0.05
2987,0.46475,False,0.0,0.2492,0.8651,46.2,0.0,0.36149294011154504,0.12058723630017165,1.9410452734026484,0.3094918681394975,1.9983251441575014,0.7958707992851002,0.3012835916594941,0.2835925620967188,0.36772268251287354,0.7380536464028256,0.05
2988,0.5995,False,0.0,0.199,1.0,0.0,0.0,0.27829966758997327,0.012874101594567406,1.7346333066586346,0.038755812835712174,1.575766715494792,0.12177172674420865,0.10189717554176177,0.000989868118511614,0.0032000000000003298,0.00960000000000099,0.05
2989,0.55785,False,0.0,0.20990000000000003,0.9458,10.0,0.0,0.30297291538359283,0.09916009299787465,1.8110797847138094,0.33218606715204485,1.7033277877356958,0.46345894559071893,0.1813300140306558,0.24565433452156693,0.17151369751716078,0.5145410925514824,0.05
2990,0.5447499999999998,False,0.0,0.29169999999999996,0.813,3.8,0.0,0.4043778735517101,0.1580095174179091,2.111644800765712,0.4579361741825009,2.35387992081765,1.24966074790688,0.3943989294448515,0.3694709977368309,0.5050830176579251,0.7722144726985242,0.05
2991,0.57075,False,0.0,0.18150000000000002,1.0,10.0,0.0,0.25162221571905863,0.07815750087434413,1.7199938460108881,0.04631826158098254,1.5355279514273008,0.039245721441685005,0.09710288019933812,0.0163402571610576,2.9567532860465904e-242,0.0,0.05
2992,0.58935,False,0.0,0.21870000000000003,1.0,10.0,0.0,0.2913708724766285,0.1361430329664558,1.8301689195112822,0.23114055835634567,1.5616999999999999,0.07882772354952289,0.14541046638979313,0.1413179370620716,1.3973319582948398e-140,4.1919958748845197e-140,0.05
2993,0.5167999999999999,False,0.0,0.27779999999999994,0.8757999999999999,30.0,0.0,0.3442449489240044,0.06190124517692215,2.042645000909956,0.36370693929495707,2.0160184292606043,0.8647875512018783,0.3254727748433614,0.29493233295386423,0.28386497272755723,0.5702744128255856,0.05
2994,0.5995,False,0.0,0.199,1.0,0.0,0.0,0.2883234190195165,0.012701378060245632,1.7431541398970463,0.0485979942762817,1.543,0.05399629616927441,0.10264062913801734,0.001541186113185193,1.5063042262753768e-242,0.0,0.05
2995,0.5189,False,0.0,0.2452,0.8597999999999999,16.8,0.0,0.3393495393157145,0.07692972394046041,1.9600954667110408,0.26597857519813867,1.9897327240907523,0.9232309044241913,0.2604185120462371,0.2611890792813623,0.3430864948744919,0.6861771092743549,0.05
2996,0.51935,False,0.0,0.26959999999999995,0.8091000000000002,10.0,0.0,0.35797784040001634,0.09255677214360228,2.045996386869735,0.41520827511141617,2.3405563820777124,1.167021671100668,0.3591730170530064,0.3542793431164622,0.600484472493533,0.9278683067366648,0.05
2997,0.572,False,0.0,0.18400000000000002,1.0,10.0,0.0,0.2759759959470426,0.07768789773836995,1.7286602949261365,0.061656739608574186,1.5666,0.055755179131628606,0.1009704720365178,0.016856519148669823,1.3621180801307485e-238,0.0,0.05
2998,0.5603,False,0.0,0.18170000000000003,0.9789,10.0,0.0,0.25657845866768,0.08202923361367019,1.7578713958153949,0.10013561950079676,1.6269111111111123,0.34165977879236376,0.12129551482296552,0.07190442445677461,0.07980000000000086,0.23940000000000256,0.05
2999,0.5708,False,0.0,0.18160000000000004,1.0,10.0,0.0,0.2440085881963519,0.0737400829806209,1.7147113257300917,0.06127583644524241,1.5229,0.029971486449624076,0.097035999066776,0.01575882422374699,1.8053662929559877e-242,0.0,0.05
3000,0.5203,False,0.0,0.21959999999999996,0.861,10.0,0.0,0.3066795465892051,0.10961082586020783,1.8609787265271276,0.243503511060035,1.9025016875462626,0.7726063784809698,0.24704231126566428,0.277359668508209,0.32634643617991577,0.6528624167516669,0.05
3001,0.54335,False,0.0,0.16670000000000001,1.0,20.0,0.0,0.24201221959834024,0.10040611071912761,1.7241093476668823,0.06810799342911025,1.559544444444445,0.06011822611414335,0.09488024651571648,0.022632903758238978,0.012600000000000463,0.03780000000000139,0.05
3002,0.5630000000000001,False,0.0,0.23539999999999997,0.9306000000000001,10.0,0.0,0.3390722096419103,0.05995401572646953,1.85536309316592,0.2114771943328567,1.796103336869153,0.6543755885255478,0.20938422385204253,0.21701541491707385,0.1726763573787446,0.5180290721362337,0.05
3003,0.571,False,0.0,0.182,1.0,10.0,0.0,0.27049101724849317,0.0695303572664046,1.707246835118529,0.07949062509723462,1.5729000000000002,0.06588846636551805,0.09689891850439458,0.01513322838049314,1.5229821210874027e-242,0.0,0.05
3004,0.4273500000000001,False,0.0,0.1267,0.9280000000000002,50.0,0.0,0.16817564669407653,0.13306088850474895,1.7311221717609353,0.2123571725201922,1.799084279223419,0.5933369685388535,0.14450679688121354,0.2116222361643831,0.17265858339050272,0.5179757501715082,0.05
3005,0.5995,False,0.0,0.199,1.0,0.0,0.0,0.29818945153635373,0.04073566492377681,1.7707418330909395,0.046850672483693935,1.61168888888889,0.24236305182286103,0.11482015044966351,0.02737376081199558,0.05770000000000093,0.17310000000000275,0.05
3006,0.46195,False,0.0,0.21599999999999997,0.7879,20.0,0.0,0.32074017034304647,0.1058142632381211,1.949929357142088,0.37680051254317554,2.4391233188012538,1.5408078533869654,0.319436881371136,0.3322261530727412,0.416595711460831,0.6789818899767815,0.05
3007,0.6005,False,0.0,0.201,1.0,0.0,0.0,0.3000503898801039,0.023954677755919116,1.7473081959775247,0.04439972374502431,1.5531000000000001,0.061821436411652594,0.10528078218419641,0.005406331749966782,3.1693146105780023e-237,0.0,0.05
3008,0.5709,False,0.0,0.18180000000000002,1.0,10.0,0.0,0.2548519089797576,0.055715980168033766,1.716863846383987,0.04157917766570826,1.5580000000000003,0.05560215823149313,0.10265203273443305,0.004947324598061059,7.955332243600862e-243,0.0,0.05
3009,0.5126999999999999,False,0.0,0.1771,0.9282999999999999,20.0,0.0,0.26202612928787544,0.10056830678483418,1.7624622881894259,0.23275716005505667,1.8080552954193192,0.8048085871995948,0.16314122911520773,0.20943412892503216,0.16439148898736242,0.49317446696208733,0.05
3010,0.55935,False,0.0,0.1987,1.0,20.0,0.0,0.26978755829927786,0.07810846187079327,1.7572857735690928,0.07762061547883992,1.5386000000000002,0.06141042256816021,0.11854604072663066,0.046564666449011825,1.8565347089275854e-215,0.0,0.05
3011,0.5329499999999999,False,0.0,0.259,0.8132999999999999,1.6,0.0,0.3510258899373254,0.08271192840306514,2.0656174042086173,0.402152974366408,1.9964100863263616,0.6485408989777175,0.31457011080578157,0.302603779654013,0.39999523464379944,0.6452300504688268,0.05
3012,0.52885,False,0.0,0.20390000000000003,0.9306000000000001,19.2,0.0,0.2805543671283515,0.09070362703503707,1.8280735934559942,0.2281188396969389,1.7739963425860346,0.7374481909603292,0.16077154659855794,0.16092692618786733,0.05,0.15000000000000002,0.05
3013,0.54255,False,0.0,0.225,0.8600999999999999,0.0,0.0,0.30006880108591594,0.041419997976830575,1.8799622337631228,0.32237622492964363,1.9683324688911537,0.8880327859721544,0.2217898594480079,0.23535837472864235,0.20796641049426504,0.48091978598364743,0.05
3014,0.5272999999999999,False,0.0,0.24799999999999994,0.9426,34.0,0.0,0.32532312151700815,0.12950854912286514,1.9201148242943689,0.3157014400810702,1.817168114921813,0.6728804259746309,0.2290189270617554,0.2431887414937987,0.05,0.15000000000000002,0.05
3015,0.37554999999999994,False,0.0,0.32459999999999994,0.6665,60.0,0.0,0.37784969163204457,0.11692964337392835,2.2265958559440664,0.3267886011409455,2.905811286602007,1.5100479532889122,0.5489875115966559,0.2956952844765456,0.9335736314311622,0.9385933933858305,0.05
3016,0.5280499999999999,False,0.0,0.23160000000000003,0.8805,14.0,0.0,0.31493194157848503,0.15484716392238335,1.9219008625209077,0.44760632225964425,1.9959305548255397,0.8922451235323374,0.25833038749061943,0.32398701587471535,0.3266560080559865,0.6533630935382693,0.05
3017,0.5878,False,0.0,0.2156,1.0,10.0,0.0,0.29791036188469394,0.03367009353654325,1.811494977015323,0.0833611229952941,1.5372000000000001,0.0484351112314197,0.12852103940733445,0.05041711997737006,1.2166985866503246e-210,0.0,0.05
3018,0.49045,False,0.0,0.3016,0.7993,30.0,0.0,0.39382848165769757,0.050277854556248405,2.1009187350771756,0.35243843284870613,2.2387728394009168,1.0646318758803837,0.38048069663739653,0.25901303541819926,0.5126021537630626,0.7866025451040246,0.05
3019,0.44245,False,0.0,0.2565,0.8012,43.2,0.0,0.32531674170570635,0.17898252242524162,2.08978439306677,0.4241096778086026,2.3487981467223795,1.265329837414968,0.36461609266427025,0.31673363037592445,0.41225772692191065,0.720853807173979,0.05
3020,0.5015999999999999,False,0.0,0.2559,0.8032999999999999,14.0,0.0,0.3070557089464132,0.11793163667484807,2.0540381557839695,0.41244419639255225,2.2565923313443546,1.0909298702578045,0.34718838985722794,0.34543334350094845,0.5338472617303683,0.8196722294365981,0.05
3021,0.5995,False,0.0,0.199,1.0,0.0,0.0,0.2930395081715457,0.013012822199423476,1.7387118716315464,0.04803450105398259,1.5387999999999997,0.04789321455070642,0.10591459932580718,0.0066893120978798555,2.271154531007489e-242,0.0,0.05
3022,0.4986500000000001,False,0.0,0.18860000000000002,0.9287000000000001,30.0,0.0,0.25506171545155876,0.14296119909616886,1.8250764492857041,0.28382537609886427,1.806641178984492,0.7165359144701285,0.19507852551053645,0.2246699885304363,0.20394031381077968,0.6118209414323391,0.05
3023,0.48279999999999995,False,0.0,0.1881,0.8574999999999999,20.0,0.0,0.26178954358735834,0.11904905272845617,1.827061654143322,0.25519416240622406,2.190283424800677,1.2281749445312256,0.23853800896524624,0.29521231268942033,0.37710227052740397,0.7575265220708353,0.05
3024,0.5152500000000001,False,0.0,0.19660000000000002,0.9475,28.4,0.0,0.2714381831438169,0.14649082089193768,1.8539060196985488,0.3935746533485787,1.8371191941394667,0.733635440670481,0.18440883482036402,0.27879101733568945,0.22151919413946647,0.6645575824183995,0.05
3025,0.5802,False,0.0,0.2312,0.9292,0.0,0.0,0.32328645106296705,0.05905637065157097,1.8426986006109505,0.2153283473726866,1.7480147403514337,0.5695244703165575,0.19264587625269802,0.1934684791543374,0.16407698579016544,0.4693618405699926,0.05
3026,0.5422,False,0.0,0.16440000000000002,1.0,20.0,0.0,0.2243098332932481,0.1005573391370322,1.6655758219520258,0.04973814377304859,1.6023000000000003,0.08998894376533158,0.09124698517611662,0.020918533626291046,1.7506745019516667e-242,0.0,0.05
3027,0.44394999999999996,False,0.0,0.2211,0.8667999999999999,50.0,0.0,0.3279725759456128,0.1559738533519721,1.8854184744890392,0.31742300497155596,1.9536991199728164,0.822163792641383,0.2835023933924236,0.298104348328231,0.3490426251054289,0.7034676699441584,0.05
3028,0.501,False,0.0,0.22039999999999998,0.9416,40.0,0.0,0.29979752515080754,0.14931587037989974,1.8827083327072418,0.37499252146671297,1.7098519841946316,0.42060864219124416,0.22417747784134198,0.26354907992561677,0.1577438622534713,0.473231586760414,0.05
3029,0.5424,False,0.0,0.1648,1.0,20.0,0.0,0.23578603326034933,0.10079790573933475,1.7249313008009028,0.0718969621739749,1.5351692164103192,0.04080114524603265,0.0942363796243085,0.021528507765875032,1.8287345750894628e-242,0.0,0.05
3030,0.5714,False,0.0,0.18280000000000002,1.0,10.0,0.0,0.26507382959964854,0.06749690069897932,1.727381509303001,0.0752878573036351,1.5569000000000002,0.08493108971395578,0.0987563377899429,0.012817219975767631,2.809470639926501e-242,0.0,0.05
3031,0.6015,False,0.0,0.203,1.0,0.0,0.0,0.29621201401711134,0.019838292391546563,1.7264656814183632,0.04556126885911319,1.5282117728723421,0.052278595564661,0.10816073586047852,0.007216762625438542,5.091708339018522e-237,0.0,0.05
3032,0.5139,False,0.0,0.2769,0.8721,30.3,0.0,0.36275086316063604,0.13173445002672998,2.05224591894927,0.343748154715249,1.9895599755851368,0.7964379370054058,0.35699072373638324,0.3018628206735499,0.38603977879348045,0.7816588309043293,0.05
3033,0.52725,False,0.0,0.20149999999999996,0.9314,19.6,0.0,0.28123164587891336,0.0870193180616833,1.8156312624164557,0.21908015382346896,1.7836980002610754,0.6373553089375218,0.17166382826131188,0.21348746964205914,0.18570151636548834,0.5571045490964651,0.05
3034,0.48389999999999994,False,0.0,0.27009999999999995,0.8577,40.0,0.0,0.3412557117247341,0.044501712716775534,1.9709454310309833,0.2145358740734177,1.9610216038789532,0.8080732922351238,0.290758156366364,0.23477685239383816,0.3102175772584484,0.6205767586279455,0.05
3035,0.47974999999999995,False,0.0,0.30779999999999996,0.7317,20.0,0.0,0.36804822805114645,0.06066434409334521,2.1663960825805555,0.4038783909452523,2.667368706070516,1.4420200936629364,0.45257534863309823,0.31835196560469003,0.7132238596067514,0.8846288376517127,0.05
3036,0.46210000000000007,False,0.0,0.2385,0.7929,26.8,0.0,0.30871596717770267,0.09348241409747074,2.012839290841098,0.35645007236999465,2.323621683016275,1.087554950556616,0.304957102803228,0.282964949197329,0.41281737684185754,0.7244142392371264,0.05
3037,0.5155000000000001,False,0.0,0.2972,0.7338000000000001,0.0,0.0,0.34479705103193836,0.08165232074004103,2.149306317822359,0.4322417359376417,2.741805497024358,1.5211425456632097,0.4586993359799484,0.36344161715477946,0.8065722328539946,0.9900595894837987,0.05
3038,0.6015,False,0.0,0.203,1.0,0.0,0.0,0.2844135969762708,0.013618710838792665,1.728706014162573,0.042486456424491004,1.5451000000000001,0.04687099316208269,0.10629471908822216,0.006774654136475622,2.654108485103921e-237,0.0,0.05
3039,0.5042,False,0.0,0.24420000000000003,0.873,27.2,0.0,0.3615961279784968,0.10675461992973968,2.0058068285063135,0.40670337300193704,2.0811352162410537,1.061457506846327,0.2933615355406816,0.31904966992742545,0.38067821140126545,0.7625813135391659,0.05
3040,0.4492,False,0.0,0.2907,0.7677,40.0,0.0,0.3761574214943006,0.15647415529062264,2.140942613638544,0.5432921007428152,2.9980840053232933,1.7786258323965949,0.4548171549085741,0.4132001721091649,0.8178605081584894,1.0060930355358189,0.05
3041,0.5437,False,0.0,0.236,0.8593999999999999,2.0,0.0,0.33521284237886484,0.10993242535883115,1.8903828791901085,0.2693391242862627,2.079044773828026,1.107005465430237,0.2667352744504913,0.28299335053130276,0.3433557571398255,0.6867191078100627,0.05
3042,0.5995,False,0.0,0.199,1.0,0.0,0.0,0.2806524337686277,0.011657288114876615,1.7321496390297288,0.059938832856159946,1.5435015536838108,0.038183246761845216,0.10227951118097016,0.0009557672245263493,1.6779682009405286e-242,0.0,0.05
3043,0.5995,False,0.0,0.199,1.0,0.0,0.0,0.28561811747502913,0.0184891383917809,1.7483073953395494,0.05238253742636183,1.5986000000000034,0.11053795728165362,0.10326227830336543,0.0016003487323913916,2.9650610913130788e-242,0.0,0.05
3044,0.60485,False,0.0,0.2097,1.0,0.0,0.0,0.2852125021422484,0.025724783473092754,1.765387499663048,0.06839407909375281,1.5334,0.0360699320764539,0.11900181965676246,0.04477914163747512,4.010334380860732e-214,0.0,0.05
3045,0.44894999999999996,False,0.0,0.3018,0.8760999999999999,70.0,0.0,0.3919158581960083,0.1631101310724057,2.078824172148677,0.3508633718635805,1.9780944578320487,0.8602984718357218,0.3652393403249613,0.2667169087583479,0.32443793265316145,0.6488864182706253,0.05
3046,0.5429499999999999,False,0.0,0.1975,0.9283999999999999,10.0,0.0,0.26625324190306043,0.07919444852092665,1.7819811865716997,0.16533395304361162,1.8893338602267413,0.939857307805753,0.17036463081263617,0.2015167772699185,0.161600000000176,0.484800000000528,0.05
3047,0.56955,False,0.0,0.24909999999999996,0.93,10.0,0.0,0.3381985281816722,0.05067324384190976,1.8943379555490032,0.22915444863408418,1.7626947367329564,0.6627140657736652,0.22012255443564044,0.18159341499432505,0.19279494269727035,0.578384828091811,0.05
3048,0.56905,False,0.0,0.21810000000000002,1.0,20.0,0.0,0.3351301594267095,0.048531472665822244,1.7641894011873984,0.09141312714756358,1.5513000000000001,0.04570350095999207,0.12834752123799223,0.05460788152317146,7.605294435728425e-212,0.0,0.05
3049,0.4591999999999999,False,0.0,0.2157,0.8626999999999999,40.0,0.0,0.2966786405275727,0.14630659834465043,1.9174081181183784,0.35064547633428483,2.202302336982027,1.396188797130743,0.26408906569866863,0.2876909520588038,0.3504156838039278,0.7095474670028326,0.05
3050,0.5422,False,0.0,0.16440000000000002,1.0,20.0,0.0,0.2332866558758538,0.09566876815662734,1.7015375859950097,0.07619089768751153,1.5444027097913957,0.0445441828636352,0.09345336144633007,0.02180645222622462,2.5396739979844357e-242,0.0,0.05
3051,0.47800000000000015,False,0.0,0.21280000000000002,0.8632000000000002,30.0,0.0,0.2938922903599747,0.16077437760068916,1.9064855512464718,0.31542721013783137,1.9355736791861975,0.7610850661658668,0.2727420809088192,0.2758118243316329,0.3154567515440124,0.6319844253663943,0.05
3052,0.55095,False,0.0,0.2122,0.9297000000000001,10.0,0.0,0.29347693348852777,0.025973633455085864,1.7866536728575273,0.18439021051262086,1.7614677587889962,0.621566848970409,0.1649671835681386,0.1838810231359527,0.16412668599770724,0.4923800579931217,0.05
3053,0.4931,False,0.0,0.2263,0.8606999999999999,25.2,0.0,0.28702321527776475,0.09284596937966742,1.8447211665274108,0.22835785500184747,2.0025657083676265,0.9374795081784807,0.2565922939993711,0.27188496208604895,0.32467553663202614,0.6493627533323479,0.05
3054,0.57095,False,0.0,0.1819,1.0,10.0,0.0,0.26861900120859467,0.08326803533068464,1.7243848626728986,0.07655140830222096,1.5533,0.05563461152915513,0.09816399782739668,0.015769581447439684,2.515049292701139e-242,0.0,0.05
3055,0.6005,False,0.0,0.201,1.0,0.0,0.0,0.29961781149553196,0.017962490253526725,1.7432921515903321,0.05128087257174973,1.5786000000000002,0.09217396595568628,0.10926491626355572,0.011040437930740893,3.6989914814424725e-237,0.0,0.05
3056,0.5995,False,0.0,0.199,1.0,0.0,0.0,0.2867956613523327,0.018742841454557454,1.728272493977947,0.06150396739957009,1.554127777777778,0.09286173862253481,0.10553959624658935,0.005249701611292664,0.0010000000000002984,0.003000000000000895,0.05
3057,0.4750499999999999,False,0.0,0.2132,0.8568999999999999,30.0,0.0,0.26908003511397527,0.13431481565525422,1.9213730942432856,0.3183622026539715,2.083367859973017,1.0487171280968055,0.2609636535566656,0.27260549793463923,0.34844048237226033,0.697325553536695,0.05
3058,0.5728000000000001,False,0.0,0.21500000000000002,0.9306000000000001,0.0,0.0,0.294515949056141,0.026457884747679832,1.8200578614604672,0.22506868680579972,1.8399904945502965,0.7572197819383215,0.1604168797760594,0.16624128217154824,0.06700000000000053,0.152973853975116,0.05
3059,0.38625,False,0.0,0.2744,0.6521,38.5,0.0,0.35189693868977845,0.1157194407689715,2.1852384474422255,0.3612906438683029,2.9799110085529064,1.514190705334767,0.495045484229118,0.33194600565758803,0.6763145133149198,0.8094206308789684,0.05
3060,0.5452,False,0.0,0.19760000000000003,0.9328,10.0,0.0,0.2842465543707684,0.12273737745693551,1.7951674999689646,0.2035053413953691,1.72015514973882,0.5087691127143238,0.17055347152864314,0.22099120629221117,0.16391017393478755,0.4917305218043627,0.05
3061,0.52325,False,0.0,0.2547,0.859,16.8,0.0,0.34722346488704936,0.06478977494385448,1.9197713094093622,0.23852901777746877,1.912932707890667,0.7224212664211148,0.26897291038064136,0.24857577676386414,0.32791861240770925,0.655842706663459,0.05
3062,0.5995,False,0.0,0.199,1.0,0.0,0.0,0.2814163947492838,0.012189946880210292,1.7329207938512927,0.05017938802484568,1.5503,0.04875048717705289,0.10297369175999775,0.0011304898030534691,2.3192834659438388e-242,0.0,0.05
3063,0.5995,False,0.0,0.199,1.0,0.0,0.0,0.29050073287052414,0.022020086054580144,1.7313571239804788,0.0593243951252214,1.5344,0.04095656235574463,0.10505871104250655,0.004310126494834091,2.21966587001714e-242,0.0,0.05
3064,0.5995,False,0.0,0.199,1.0,0.0,0.0,0.29408488530032584,0.027116830576819333,1.7243441368888615,0.04458826908651377,1.564,0.08115663866868808,0.10296067193371505,0.002132393666749549,2.497088983992592e-242,0.0,0.05
3065,0.5493999999999999,False,0.0,0.2399,0.9389,20.0,0.0,0.32444163532011616,0.042861284099838685,1.8689313843394246,0.3029153156073597,1.7894190038579179,0.6976121699946504,0.21194924014470598,0.2466223982905178,0.16106382792715396,0.483191483781462,0.05
3066,0.5182,False,0.0,0.2581,0.8583000000000001,20.0,0.0,0.33740103589449405,0.04168264642343441,1.9501972067163689,0.26420693246341964,2.005661021072052,0.952984213689611,0.29435734420294585,0.27380174525159184,0.32974595748222135,0.6601579888467666,0.05
3067,0.5523,False,0.0,0.2405,0.8641,0.0,0.0,0.3288402375207552,0.10736035927487893,1.8932656605068972,0.26859716837819636,2.0085812889605554,0.9125835109327309,0.25338177936844486,0.2818228543601523,0.32784281926111547,0.6562568338164946,0.05
3068,0.5995,False,0.0,0.199,1.0,0.0,0.0,0.2886279324361837,0.021190184825087457,1.7383640913026166,0.05914475491532984,1.5769,0.09970401195538729,0.11471369506233868,0.03137981794685446,2.2983031732870278e-242,0.0,0.05
3069,0.5415,False,0.0,0.19460000000000002,0.9283999999999999,10.0,0.0,0.2579864288207401,0.0791367358230399,1.7863665398328195,0.18592151407071858,1.8358167967193566,0.8866228960711761,0.16568360536893875,0.20718324803265026,0.16214930875321423,0.4864479262596426,0.05
3070,0.45249999999999996,False,0.0,0.2104,0.9374,60.7,0.0,0.30808827573891506,0.20211834886013286,1.8948012179956166,0.2831438437138607,1.695680305081077,0.454067116841142,0.23115748014450088,0.24633943250564316,0.15774210592811255,0.4732263177843376,0.05
3071,0.57445,False,0.0,0.23889999999999997,0.9452,8.8,0.0,0.34819328127239924,0.15510038445023303,1.8882256422436625,0.33723303192563625,1.742140437474961,0.6763042148038528,0.2146975290287633,0.2753313074925801,0.20088485614900592,0.5914081151387149,0.05
3072,0.5742,False,0.0,0.21420000000000003,0.9342,0.0,0.0,0.3021110347812167,0.038022106377903556,1.8392233930019095,0.30171862181119363,1.8798496122991017,0.9833745585055872,0.1784400006415285,0.22109213952376502,0.15232296202758036,0.4569688860827411,0.05
3073,0.46659999999999996,False,0.0,0.2363,0.8568999999999999,40.0,0.0,0.333839220504232,0.10979215117302175,1.9097187953264592,0.2593328078012992,2.0934817496767826,1.0451709516066419,0.28848179334777857,0.2673946839511995,0.32414429433842,0.6483118444724418,0.05
3074,0.49865000000000004,False,0.0,0.22559999999999997,0.9329000000000001,40.3,0.0,0.3238148634204678,0.10659934600991547,1.885763123400284,0.3092471916737806,1.8183657328233358,0.8279617028099763,0.21250443351830328,0.21523731406690386,0.05,0.15000000000000002,0.05
3075,0.48684999999999995,False,0.0,0.20919999999999997,0.8619,24.35,0.0,0.264936322288964,0.12799051382380708,1.9086863824916285,0.2989374299294683,2.028590709616875,0.9624693053483271,0.2526484043569047,0.2760314775808507,0.3830933406271889,0.7763853924397611,0.05
3076,0.4872,False,0.0,0.16560000000000002,0.9288000000000001,30.0,0.0,0.24757541779240394,0.13182034656647895,1.7805830326224434,0.26436092597169814,1.8347670537339862,0.7131213070229854,0.15970270830196612,0.1925967892391474,0.1696693278228361,0.5090079834685084,0.05
3077,0.46485000000000004,False,0.0,0.3076,0.7423,30.05,0.0,0.42105717720396213,0.086763878168111,2.179687505654617,0.414373918312394,2.512798825322137,1.1562327287013516,0.44874719584925354,0.3374285557390124,0.6084161857357693,0.843672117112099,0.05
3078,0.5361,False,0.0,0.2823,0.8731,20.8,0.0,0.3740150753529146,0.16186608703267405,2.0544675674832127,0.3879816406828599,2.002716878486279,0.8001459965166536,0.3401008357582622,0.3132550423623158,0.33194196857647246,0.6638874137050683,0.05
3079,0.5299,False,0.0,0.2671,0.8727,20.0,0.0,0.3567347615903679,0.09000106332698013,1.9651096623649889,0.3461305493474875,2.052837242170236,0.9941444552303562,0.28568096844746393,0.2676839384367269,0.39913724217023583,0.7985867653591452,0.05
3080,0.5126499999999999,False,0.0,0.1947,0.9106,20.0,0.0,0.3060118913490348,0.09133297355377382,1.8750402169787925,0.2999423065774912,1.8986444434158916,0.7853866658367367,0.19478922297839224,0.21719088634397482,0.2797999989714465,0.6207997716344316,0.05
3081,0.46915,False,0.0,0.22749999999999998,0.8628,38.0,0.0,0.32299150729759646,0.11008999210666782,1.8758988464196371,0.25969372453449224,2.086375999812142,1.0842687104136053,0.27127007448601026,0.28734911799376683,0.3710665910712704,0.7432612834472404,0.05
3082,0.5457,False,0.0,0.2259,0.9295,16.0,0.0,0.33039396136433347,0.0610736791154911,1.8635787605755467,0.2786922927208434,1.843149027961021,0.9369093034318582,0.2125985512920435,0.2271111885325815,0.053000000000000005,0.159,0.05
3083,0.4983,False,0.0,0.25279999999999997,0.8638,30.0,0.0,0.3632017636565974,0.16920950412876803,1.9638709696793264,0.3143999821393618,2.044204429064482,0.968050945601101,0.30964878932084144,0.30022194989710116,0.24851759024834297,0.5271328395607757,0.05
3084,0.5995,False,0.0,0.199,1.0,0.0,0.0,0.26850469071484684,0.010480628045987728,1.7111610915123667,0.04257013589647928,1.5754,0.0607720330415233,0.10180966395762037,0.001363845498384303,1.6734749529211245e-242,0.0,0.05
3085,0.5995,False,0.0,0.199,1.0,0.0,0.0,0.290237869431359,0.0162020251582907,1.746282848856063,0.0325518154725698,1.5547,0.04274353752323263,0.10547560841476089,0.0044010396328610785,1.983431717891963e-242,0.0,0.05
3086,0.5027999999999999,False,0.0,0.3185,0.7591,18.0,0.0,0.38175301987090837,0.08670028852325327,2.249691819227786,0.5052178169883523,2.4529026898261517,1.123148706847988,0.43255842346445766,0.3557725023613455,0.6378886623417898,0.7968556412317835,0.05
3087,0.5338,False,0.0,0.18760000000000002,1.0,30.0,0.0,0.2878541447264754,0.12367434757842198,1.742457235580611,0.08208030367824722,1.6506,0.10145954858957339,0.12589323405012992,0.06505298231084769,9.733588677245092e-210,0.0,0.05
3088,0.5987,False,0.0,0.199,1.0,0.4,0.0,0.3002584542524955,0.05382995307263857,1.7293892727315612,0.0772262580265981,1.6017,0.09602504881540029,0.10968693595403327,0.02042959161192474,2.7883476906742003e-242,0.0,0.05
3089,0.57075,False,0.0,0.18150000000000002,1.0,10.0,0.0,0.274741395358422,0.0762965992005086,1.7052951661537405,0.04965389188711852,1.5623999999999998,0.0622128604068323,0.09639129661498196,0.01637243095865036,1.2807149477215781e-242,0.0,0.05
3090,0.47145,False,0.0,0.23859999999999998,0.8643000000000001,40.0,0.0,0.3076991675821795,0.0968232738456984,1.9351580353939752,0.2986289267783507,1.9263350955427767,0.7356060561397085,0.2673112455012296,0.26501385800009836,0.3201088104372339,0.6402404337836357,0.05
3091,0.5075000000000001,False,0.0,0.25989999999999996,0.8751,30.0,0.0,0.36565122776722203,0.16621989404375767,2.005608685065909,0.38460686240491704,2.0738088928101113,1.0033372036169923,0.30969229006022364,0.3016801941423172,0.2942399710373057,0.5909708310937055,0.05
3092,0.5432,False,0.0,0.16640000000000002,1.0,20.0,0.0,0.23638426983391972,0.10315998396427857,1.7229529144668654,0.07830421612517628,1.5600999999999998,0.059176769090581526,0.09513123938714743,0.02337537748741574,1.7253087236842728e-237,0.0,0.05
3093,0.56785,False,0.0,0.2157,1.0,20.0,0.0,0.29278038861621364,0.10092407634371114,1.813393020433462,0.16409441245421721,1.5595,0.07049716306348786,0.14877406048030817,0.09736953585762695,3.519567282046513e-193,0.0,0.05
3094,0.5714,False,0.0,0.18280000000000002,1.0,10.0,0.0,0.2698751135259585,0.0848290187465717,1.7156360507186186,0.06140232611011953,1.5784,0.05676301612846169,0.10042845544905821,0.011187963077162326,2.3358281712398775e-242,0.0,0.05
3095,0.6005,False,0.0,0.201,1.0,0.0,0.0,0.29769806657138975,0.02429424402781071,1.7315246853903397,0.04445605096085753,1.5917,0.06284592269988563,0.10567237846622606,0.006315658428370824,3.929506312434255e-237,0.0,0.05
3096,0.5317,False,0.0,0.2327,0.9330999999999999,25.6,0.0,0.30513426474135563,0.09554281433650741,1.8736473249862649,0.28752612525674653,1.8203195353340036,0.7684391068939042,0.19622274113214963,0.17468123884350734,0.05,0.15000000000000002,0.05
3097,0.4442499999999999,False,0.0,0.20469999999999997,0.8597999999999999,44.0,0.0,0.25825960705547407,0.12282553991166176,1.937089581987827,0.3560706037913818,1.969925815973906,0.9340816736787261,0.23963789378234238,0.25362571809706164,0.3707785301488563,0.7541792847184876,0.05
3098,0.6005,False,0.0,0.201,1.0,0.0,0.0,0.28311122117665033,0.021333486029316052,1.7217251956421378,0.05508594563016146,1.5187000000000002,0.021359073013593022,0.10525075036728962,0.004747151821786526,7.967145861033614e-238,0.0,0.05
3099,0.541,False,0.0,0.252,0.8796000000000002,12.4,0.0,0.34637858506780694,0.11122298181073856,1.9595644729960568,0.4177143169183295,2.1201046795695118,1.2656350403523124,0.2627458863339389,0.31141180192943857,0.37477545484010316,0.7516623686920711,0.05
3100,0.5425,False,0.0,0.269,0.8160000000000001,0.0,0.0,0.3717307098078759,0.19592443096379694,2.0467887224299948,0.4580593800123531,2.241286381276153,1.07970363116834,0.33667301777000436,0.3602167536245562,0.5631231331400263,0.859428774156125,0.05
3101,0.5466500000000001,False,0.0,0.2782,0.8679,13.2,0.0,0.39943745726243873,0.15615046022269738,2.0278913097979836,0.3640887631741252,2.0772953097938114,0.8820714830984171,0.32269346476311683,0.2940763673161243,0.4624006146151848,0.7631769021354291,0.05
3102,0.49705000000000005,False,0.0,0.2104,0.8637,20.0,0.0,0.28012272403944405,0.10297531011031312,1.92518804774619,0.4092403596987264,2.0588109930115217,1.0957360579666346,0.2515588945833619,0.30857663377245254,0.29699999958170725,0.6370879049042564,0.05
3103,0.5422,False,0.0,0.16440000000000002,1.0,20.0,0.0,0.23778644050603784,0.0907519529634652,1.7168862750444311,0.07101178978359456,1.5610000000000002,0.0875853869090045,0.0925318330009113,0.020634473002973087,2.18313433119795e-242,0.0,0.05
3104,0.4877,False,0.0,0.28819999999999996,0.8872,50.0,0.0,0.35284200917750774,0.14133020482825162,2.037881972750465,0.41088779326236785,2.0596699972320485,1.0183165149761089,0.3201075128237665,0.2902337684646254,0.3612366328651292,0.723360654686149,0.05
3105,0.4760999999999999,False,0.0,0.26589999999999997,0.8062999999999999,30.0,0.0,0.33702611787574455,0.1137186915539666,2.0497758864198063,0.38718324040055957,2.2288089214316145,1.0350262889298432,0.35493134425418393,0.322335684854864,0.40199376621468713,0.6961347898581369,0.05
3106,0.6255999999999999,True,0.0,0.2512,1.0,0.0,0.0,0.3275141093733769,0.10365894140740808,1.8743655475163608,0.2483270202491518,1.5448,0.0781150433655388,0.1720410578555717,0.15168014873231503,2.6307707400072863e-135,7.892312220021858e-135,0.05
3107,0.57075,False,0.0,0.18150000000000002,1.0,10.0,0.0,0.2713761451084024,0.07159012314949885,1.7092023157610416,0.04741766006363558,1.5524,0.055256130881559194,0.09833879272056559,0.017152127308008257,2.0302689005594638e-242,0.0,0.05
3108,0.5995,False,0.0,0.199,1.0,0.0,0.0,0.29323147338332295,0.022432537782799872,1.7456700069460218,0.06849491824103864,1.6095713541666679,0.23983549405007454,0.11016599065743152,0.02345680048410656,0.0565000000000009,0.1695000000000027,0.05
3109,0.53295,False,0.0,0.21180000000000004,0.9341000000000002,20.0,0.0,0.29542842556870835,0.09560842364908297,1.8537876872799601,0.32730439860342603,1.7695062240247583,0.7066516974398694,0.1948032545607799,0.2345807330080309,0.2028062240149388,0.6084186720448164,0.05
3110,0.49199999999999994,False,0.0,0.23770000000000002,0.8662999999999998,30.0,0.0,0.31407268326738286,0.16175956663337435,1.9886972789978716,0.35166074065856595,1.9782722565237922,0.8043961024980073,0.3169702268686034,0.31897920438981187,0.36868520719088194,0.7373710303985643,0.05
3111,0.5202499999999999,False,0.0,0.2156,0.8648999999999999,10.0,0.0,0.3105366236186447,0.11975477657726884,1.9114639755411038,0.36601098431274043,2.0400974570071098,1.0107027740269539,0.24297352428726585,0.28651732195526514,0.3662907218539081,0.735226191542057,0.05
3112,0.49095000000000005,False,0.0,0.2185,0.8690000000000001,26.4,0.0,0.3189424345237699,0.13513623628635377,1.9017544252011465,0.3391680992151056,2.0444733311509475,1.0548006476472802,0.25783982001249045,0.3090688950212694,0.24122895722179255,0.5203941718536635,0.05
3113,0.5846,False,0.0,0.2492,1.0,20.0,0.0,0.3248517795359478,0.12133241995350212,1.872897600205769,0.19661526320645037,1.5743890625000003,0.06262155540754412,0.20063851815405234,0.1339005623084859,0.002800000000000324,0.008400000000000973,0.05
3114,0.4690499999999999,False,0.0,0.24059999999999998,0.8574999999999999,40.0,0.0,0.3344915370295378,0.09621825765391924,1.8976515487628636,0.2392078480675933,2.0927880399034247,1.0491988799018,0.2850869834215305,0.2581952428292335,0.2786735069085629,0.5715725026078863,0.05
3115,0.54315,False,0.0,0.16630000000000003,1.0,20.0,0.0,0.23838203560296506,0.10582349089281745,1.7222128638627041,0.06493290715439601,1.5362,0.03952416982050348,0.09503193212485875,0.02389139996759291,5.564660488896251e-237,0.0,0.05
3116,0.5099,False,0.0,0.20929999999999999,0.9307000000000001,30.05,0.0,0.30108312001342485,0.09467172401044424,1.8599190785139363,0.29918218777937206,1.999533948269164,1.3704974548744682,0.1977665458229206,0.23218147169097078,0.2385256149358385,0.7155768448075155,0.05
3117,0.5124,False,0.0,0.2414,0.8778,23.6,0.0,0.314550029248218,0.13656723636473714,1.928338678523906,0.41729592563072737,1.9374228859852134,0.8380682653311974,0.27455750115279925,0.3101634590829068,0.376150144006678,0.7608332283870886,0.05
3118,0.5181,False,0.0,0.17860000000000004,1.0,35.6,0.0,0.26353304816806994,0.11053638851712044,1.740602301475598,0.09721738462424352,1.5953,0.06180784739820661,0.12069890877102911,0.062313002211968976,4.983597416518518e-207,0.0,0.05
3119,0.57685,False,0.0,0.2001,1.0,11.6,0.0,0.30001782644162894,0.1038826643643417,1.7538056994098714,0.11087014521475902,1.5604,0.07195304024153529,0.12502726747313558,0.07795376731807234,8.532771102983203e-194,0.0,0.05
3120,0.41069999999999995,False,0.0,0.29579999999999995,0.7416,54.0,0.0,0.38679945705631097,0.08019723694038403,2.1803033214944065,0.46602464007306266,2.7524480640852778,1.6349276564258428,0.42272206574870175,0.3146956669839205,0.5253181605414421,0.7978436441634735,0.05
3121,0.5995,False,0.0,0.199,1.0,0.0,0.0,0.27921921699875996,0.01629551286620481,1.7214042184653064,0.04674216372349507,1.5639000000003491,0.057009560602242985,0.10196687206389002,0.0008993631719329993,1.7429381182087158e-242,0.0,0.05
3122,0.5218499999999999,False,0.0,0.2266,0.9395,30.6,0.0,0.3268951547619515,0.11358462860699732,1.886060945756381,0.3316488852570556,1.7226555549412275,0.46479919137024606,0.22393397792066833,0.23561042376298819,0.07990000000000014,0.23970000000000038,0.05
3123,0.5779500000000001,False,0.0,0.22700000000000004,0.9337,1.2,0.0,0.31890356021541255,0.04828719939148734,1.8287047027129806,0.2810016926074555,1.867310385479716,0.8824956884157197,0.190296408638146,0.22094049416863726,0.1846574171257277,0.5539722513771831,0.05
3124,0.5736500000000001,False,0.0,0.21700000000000003,0.9303000000000001,0.0,0.0,0.3138459598505879,0.04526778340326603,1.8303219693351196,0.2168677733905554,1.772183778835447,0.7311045304158852,0.16541522052105578,0.17913393513370987,0.05480000000000035,0.14908843013460163,0.05
3125,0.5165500000000001,False,0.0,0.1824,0.9307000000000001,20.0,0.0,0.28022682462452686,0.15282358009481564,1.7829057522564908,0.21748507466535755,1.7439165889268415,0.6390890377767926,0.17172051769090677,0.2267076297221459,0.21671658892684134,0.6501497667805239,0.05
3126,0.59325,False,0.0,0.199,0.9875,0.0,0.0,0.27463353187066775,0.024430332501063357,1.7790010348604386,0.08393458959203115,1.6620111111111124,0.3338669412272605,0.12189242467847758,0.05954356167380107,0.07980000000000088,0.23940000000000264,0.05
3127,0.5709,False,0.0,0.18180000000000002,1.0,10.0,0.0,0.2680860492000324,0.07889347594443585,1.722173008093393,0.05654983361890057,1.5309,0.038158747358895316,0.09820822304564716,0.015646670477097713,2.1812888940855953e-242,0.0,0.05
3128,0.5379,False,0.0,0.27659999999999996,0.892,23.2,0.0,0.3487373606004264,0.08435569497563031,1.9875589554375996,0.3995900986357956,1.9478142248502759,0.6760816950533045,0.30173665338371164,0.31787699602558467,0.3224680241651619,0.644937317773376,0.05
3129,0.52805,False,0.0,0.2833,0.8960000000000001,30.8,0.0,0.40894443861928387,0.15680012727410678,2.0103401726933194,0.550709082910752,2.0313441616601375,1.0370761712925378,0.3256161734862301,0.36666228172080056,0.37222599596731065,0.7445836153725515,0.05
3130,0.54225,False,0.0,0.1645,1.0,20.0,0.0,0.22347435547248265,0.0957470718754235,1.7135430239969747,0.07263546626700353,1.558444444444445,0.05861816176654679,0.09246411791762207,0.020967849023327986,0.012600000000000463,0.03780000000000139,0.05
3131,0.5392,False,0.0,0.23159999999999997,0.9423999999999999,23.9,0.0,0.33102782807534065,0.13977276269469696,1.8964965750053189,0.3595436565715195,1.9640093378850594,0.9572878620555288,0.21916171047193428,0.26570534609513075,0.19080933788505944,0.5724280136551783,0.05
3132,0.5630499999999999,False,0.0,0.23489999999999997,1.0,27.2,0.0,0.3191888677233768,0.11604076207798487,1.8216287259055879,0.17163111789173482,1.5464013426038956,0.044397261325064837,0.1709405321638279,0.1157793013450317,3.3121686017135123e-171,0.0,0.05
3133,0.54235,False,0.0,0.1647,1.0,20.0,0.0,0.24443317372239148,0.11206153585878091,1.713893632462775,0.08397714149141301,1.5279000000000003,0.044089567927118364,0.0952157040019897,0.02361596433274621,0.0004000000000002899,0.0012000000000008696,0.05
3134,0.4978000000000001,False,0.0,0.23820000000000002,0.8774000000000001,30.0,0.0,0.3277205290202767,0.12767737700905246,1.9450009636254095,0.41210042509258227,2.1679798757637867,1.352958011454506,0.2725416024769461,0.3091018076568871,0.38719363131459555,0.7749145387269606,0.05
3135,0.57245,False,0.0,0.1849,1.0,10.0,0.0,0.2832196149372642,0.07822784422580371,1.7315318918188947,0.05435056689181687,1.5646279513917372,0.0765984679750071,0.1016047670344244,0.014569538972105726,3.5039979715886537e-237,0.0,0.05
3136,0.5571,False,0.0,0.26450000000000007,0.9312999999999999,20.4,0.0,0.3705382620544719,0.1505026636514345,1.9336609107204694,0.2835834251600914,1.674452938496529,0.4398837994225596,0.2645025888056701,0.22060526234566513,0.16600549817335214,0.4980164945200565,0.05
3137,0.46210000000000007,False,0.0,0.2686,0.7868,32.8,0.0,0.34564650787952805,0.05505475408862502,1.9954867730398955,0.2781048393800076,2.2233009849870236,1.0884133583897877,0.3378197181488688,0.27318324177724373,0.5200916398953581,0.799410693020901,0.05
3138,0.5833499999999999,False,0.0,0.2467,1.0,20.0,0.0,0.33973824769461936,0.05754656521344402,1.8258867736982267,0.16493797402282137,1.5477056856327587,0.048381465578757256,0.1713464910632472,0.09823966207838336,2.353437343431481e-185,0.0,0.05
3139,0.52985,False,0.0,0.225,0.8587,6.0,0.0,0.3014277086702092,0.04121427215436431,1.9063163609408327,0.3082553386127114,1.9772079647305296,0.8682973338229923,0.22809174239929586,0.24764138987964138,0.36285497607120615,0.731801939314855,0.05
3140,0.5233,False,0.0,0.2637,0.8629,20.0,0.0,0.3682122455792182,0.13096438597721463,1.9785532631910214,0.32256696058914724,2.0325069543681464,0.8964184550560806,0.3025226230751049,0.2861677182178581,0.39840695436814644,0.7993147890428446,0.05
3141,0.5084,False,0.0,0.23699999999999996,0.8598000000000001,20.0,0.0,0.30708753318264803,0.10001437975268529,1.9142371678229897,0.317752283524514,2.0756664766313144,1.0684252729136698,0.2596483302858118,0.2312189564176877,0.36573961247946596,0.7345313704757841,0.05
3142,0.47189999999999993,False,0.0,0.2319,0.7950999999999999,20.8,0.0,0.3183524237359611,0.1536696738227099,1.9925797035266377,0.33461805229729025,2.077323576578856,0.8852084693317049,0.3504675142853829,0.314292926344537,0.4337416538396848,0.7103505792219038,0.05
3143,0.5441,False,0.0,0.19590000000000002,0.9323,10.0,0.0,0.27856294756907507,0.08818258974873547,1.8042832075765554,0.18431423587972032,1.6507646138962992,0.34938051133803383,0.1713126370421722,0.20805341629937216,0.08243656133146918,0.24730968399440753,0.05
3144,0.46795000000000003,False,0.0,0.227,0.7889,20.0,0.0,0.29768867432383883,0.10158480558360299,1.9081267892683667,0.2690425648433761,2.243734164634068,1.139188240461725,0.316518395289325,0.325097149224565,0.49635139842475534,0.7608448589144469,0.05
3145,0.6062,False,0.0,0.2124,1.0,0.0,0.0,0.30638504692653956,0.03276967523216919,1.7662225391358735,0.122471666666686,1.5478,0.04679059734604811,0.12205584145789802,0.058789509177586914,6.470885313786796e-203,0.0,0.05
3146,0.5401,False,0.0,0.25029999999999997,0.8699,10.0,0.0,0.36736802991700235,0.1317822385837758,1.988538590070693,0.42110752108720556,2.012067050405441,0.8252104415576103,0.28700404306134564,0.31490357530435836,0.35922239275800033,0.7188362360910806,0.05
3147,0.5909000000000001,False,0.0,0.20500000000000002,0.9768000000000001,0.0,0.0,0.31399590766331864,0.02549656217128962,1.7783959114989607,0.11476058936006149,1.6396111111111125,0.33970026821041027,0.13346442211216297,0.07695332344628342,0.07980000000000086,0.23940000000000256,0.05
3148,0.40864999999999996,False,0.0,0.22689999999999996,0.8704000000000001,70.0,0.0,0.3152317977208975,0.20930846582818785,1.97559646114441,0.34019911327842717,2.200865982170145,1.5019891008247637,0.3155992166667446,0.3026011331478301,0.3675279360656415,0.7386333896394599,0.05
3149,0.5827,False,0.0,0.223,0.9423999999999999,0.0,0.0,0.32880224328192587,0.12099652352718757,1.817940088268357,0.2961473272750173,1.8477152193071835,0.848819005947739,0.18542812789520666,0.24847206422182108,0.10800000000000001,0.324,0.05
3150,0.49294999999999994,False,0.0,0.1761,0.9298,30.0,0.0,0.2638145059328215,0.11079019023264498,1.7983400333220012,0.2907798836737603,2.004299990472574,1.3372185063373283,0.17202251661317297,0.2296002209106763,0.19999999047257394,0.5999999714177218,0.05
3151,0.5107,False,0.0,0.2842,0.7996000000000001,15.6,0.0,0.37618699096830543,0.09413826424051726,2.03881715161923,0.3882671237151241,2.278731013512562,1.0145500323516639,0.36957896358396114,0.3322399223000587,0.5862740770034702,0.9016351039617182,0.05
3152,0.5556,False,0.0,0.1912,1.0,20.0,0.0,0.28721284430896515,0.09263752376282006,1.7615581963709133,0.09844298738617685,1.5589,0.05251561672493246,0.11498918290964846,0.054992604663188296,2.376364425496423e-213,0.0,0.05
3153,0.38980000000000004,False,0.0,0.2756,0.7482,61.05,0.0,0.34860015025167995,0.1705385574205759,2.20565969504856,0.524563852437254,2.566516793257045,1.248392362032639,0.44839473253621326,0.36940598510740896,0.5563772696947462,0.7596896043548157,0.05
3154,0.5995,False,0.0,0.199,1.0,0.0,0.0,0.2956947638991285,0.027166347039507908,1.7413912986466697,0.053444112646709854,1.63278888888889,0.23229885205628661,0.1105687226207579,0.02449111583103872,0.05680000000000094,0.1704000000000028,0.05
3155,0.5199,False,0.0,0.1598,1.0,30.0,0.0,0.24390999600929142,0.13902274017858177,1.7025581818617752,0.10393221663847713,1.5864999999999998,0.06659466945634614,0.1065477186293567,0.06806473496126819,3.6816939377181466e-203,0.0,0.05
3156,0.5408999999999999,False,0.0,0.19350000000000003,0.9282999999999999,10.0,0.0,0.2894278349329117,0.0816884607802379,1.7940155582798116,0.19097738311402507,1.8769259272720773,0.9273557017646978,0.16658583779994032,0.20743234912034494,0.1613482585366848,0.48404477561005443,0.05
3157,0.5127500000000002,False,0.0,0.17840000000000003,0.9303000000000001,20.8,0.0,0.2579513401161021,0.1128036965756136,1.789283806060023,0.2618864309191287,1.797018440279413,0.7483660983059132,0.1695012658756907,0.23439649468619086,0.17163108417606557,0.49909846465217855,0.05
3158,0.5708,False,0.0,0.18160000000000004,1.0,10.0,0.0,0.26550877989691934,0.07113763336088116,1.7251433349608978,0.06420661399403507,1.5574999999999999,0.062085827690383566,0.09874854299076918,0.016970630530151833,2.1610508528133492e-242,0.0,0.05
3159,0.56445,False,0.0,0.18150000000000002,0.9874,10.0,0.0,0.28055768381932955,0.07638064944759523,1.718286545058762,0.0849866357177646,1.6660555555555567,0.3367303982581815,0.11888982569406623,0.0644029930558715,0.07990000000000086,0.23970000000000255,0.05
3160,0.56345,False,0.0,0.25209999999999994,0.9306000000000001,13.95,0.0,0.36002967108907696,0.08291809693077881,1.8946260291109929,0.2158138949468897,1.7599511884506414,0.6394166551953601,0.24122916564327013,0.21615981567803633,0.1733577424604464,0.5200732273813392,0.05
3161,0.54245,False,0.0,0.1649,1.0,20.0,0.0,0.25879763755869545,0.10223801304237717,1.71300941151632,0.06970577165311764,1.5802,0.08392711123349839,0.09441404591828761,0.021295494461602494,1.8521081947579074e-242,0.0,0.05
3162,0.48160000000000003,False,0.0,0.2827,0.7893,27.2,0.0,0.3604331675349263,0.06909325520223544,1.9980734006800034,0.28767061093680224,2.211384801588607,1.0923236721608471,0.3701316641506464,0.2854063917673328,0.3610662749471111,0.6151946409059782,0.05
3163,0.49520000000000014,False,0.0,0.21390000000000003,0.8565000000000002,20.0,0.0,0.27090736449443703,0.12658635902008922,1.894325167957111,0.2827886975639823,2.0845278169705947,1.0849686353797037,0.2690724569992079,0.27747319466717957,0.3118960662018882,0.6240685762764072,0.05
3164,0.5731,False,0.0,0.21700000000000003,0.9292,0.0,0.0,0.3043634682630281,0.035795603955677935,1.8305757569299825,0.22323949546671557,1.8274328093478214,0.6429634652327154,0.1721587845118858,0.18889639067310116,0.1659303457344606,0.49779103720338186,0.05
3165,0.57075,False,0.0,0.18150000000000002,1.0,10.0,0.0,0.27745839438000736,0.07971567922151335,1.709436293150933,0.06159263399046764,1.588,0.07472081370006617,0.09761950837770236,0.01663672944633297,2.779608457937357e-242,0.0,0.05
3166,0.544,False,0.0,0.2672,0.8694,12.15,0.0,0.3489369037280191,0.08922111641468956,2.0259145032195223,0.40435353117565825,2.0269229788197447,0.9797970265654335,0.2948534882595805,0.28291729194524956,0.32696219955209266,0.6475177754617822,0.05
3167,0.5995,False,0.0,0.199,1.0,0.0,0.0,0.29777583430905913,0.023548782831644105,1.7449331493950258,0.02450432039823012,1.5582,0.07233643618536925,0.1031754319792926,0.0026638241518843818,1.4148165722790963e-242,0.0,0.05
3168,0.5401499999999999,False,0.0,0.231,0.9292999999999999,20.0,0.0,0.32886333981782834,0.07419282923023472,1.8648395292456612,0.238301811939597,1.7095506239615825,0.4836890692445882,0.20391966931894906,0.21188749072307683,0.16491976438643918,0.49475929315931755,0.05
3169,0.55705,False,0.0,0.2642,0.8899000000000001,10.0,0.0,0.3935887534131336,0.1144683144036832,1.9847348440385109,0.43411026837825534,2.323460048342441,1.5626515522453912,0.3041740767986575,0.36058068891375933,0.38868813875826186,0.7777876490436949,0.05
3170,0.5297999999999999,False,0.0,0.23879999999999998,0.8608,10.0,0.0,0.3248295924288366,0.04248093380406043,1.894821473005496,0.2540044188369214,2.064300703317858,0.9384653775417741,0.25085918160594073,0.25515771321217484,0.32846590068595527,0.6583721420500257,0.05
3171,0.5995,False,0.0,0.199,1.0,0.0,0.0,0.2849277373927309,0.022086509756861973,1.7352733292732374,0.03721483399245323,1.5566,0.06758135837640439,0.1025085139622854,0.0011029064836601105,1.9781261656354485e-242,0.0,0.05
3172,0.5995,False,0.0,0.199,1.0,0.0,0.0,0.2835686846461981,0.01936915392161413,1.7577666582331957,0.04414204865803277,1.6319000000000004,0.09861587093363831,0.10295393128530902,0.0017069911830401773,2.5195651122409082e-242,0.0,0.05
3173,0.6005,False,0.0,0.201,1.0,0.0,0.0,0.2772184164148303,0.016921132655102516,1.7734665592565577,0.043141063708083294,1.5452000000000001,0.06453340220382076,0.10434823733057148,0.004349339411501973,3.3479872047833824e-237,0.0,0.05
3174,0.5995,False,0.0,0.199,1.0,0.0,0.0,0.2985046091752438,0.016857650242258996,1.743860405481282,0.04343046817147974,1.5753999999999997,0.07054388704912708,0.1027370877771823,0.0014029931242517117,3.0180422466336095e-242,0.0,0.05
3175,0.5284500000000001,False,0.0,0.1769,1.0,30.0,0.0,0.2414771993658527,0.11412553096379588,1.745498860123733,0.08753525816669265,1.5697,0.07189026359667909,0.11107599624044402,0.060355694497249174,6.379004662463589e-205,0.0,0.05
3176,0.49620000000000003,False,0.0,0.18350000000000002,0.9289,30.0,0.0,0.26073290242870345,0.10377919660808557,1.79041506196588,0.23115303042171773,1.8515472032864828,0.9018843689649981,0.16644930227122218,0.20436484538538668,0.16440337517894027,0.49321012553682075,0.05
3177,0.5421,False,0.0,0.1642,1.0,20.0,0.0,0.23000112433100148,0.09819947494870107,1.717043068603712,0.08056911277534891,1.5566,0.055005817874112226,0.09144876995033538,0.02139254688668972,2.3947188316513975e-242,0.0,0.05
3178,0.48314999999999997,False,0.0,0.31699999999999995,0.7885,34.8,0.0,0.408261142908663,0.07173831149648605,2.1083175576000115,0.2590761267914645,2.2272875244856607,1.0411070849925068,0.4374589478155834,0.297171612038288,0.395856769107426,0.653525838858649,0.05
3179,0.5474,False,0.0,0.2451,0.9297000000000001,20.0,0.0,0.32447497957496013,0.11020819639011178,1.91088227261555,0.2739915755637291,1.6975013998515984,0.5003557160392728,0.23651039893703243,0.20383165840381967,0.16354105636448726,0.4906231690934618,0.05
3180,0.5995,False,0.0,0.199,1.0,0.0,0.0,0.3032499948431708,0.015191954144229558,1.7601364956002172,0.042232269593838495,1.581333333333334,0.07996457549023492,0.1078457308766805,0.007562672112295616,0.013700000000000472,0.04110000000000142,0.05
3181,0.48265,False,0.0,0.2271,0.9381999999999999,50.0,0.0,0.35769702891797767,0.12131167171331263,1.8676042921147846,0.33285855890741284,1.7188010688344106,0.4521670487906711,0.22583410698482478,0.2578001401105651,0.1508009028313411,0.45240270849402325,0.05
3182,0.46610000000000007,False,0.0,0.2923,0.8591000000000001,54.8,0.0,0.36253248129860854,0.13689289119646544,2.0326139720454974,0.33845951962711734,1.920861952517964,0.7084167655821783,0.35073872970643694,0.273078497766371,0.20982960819815738,0.486237156222324,0.05
3183,0.4784,False,0.0,0.25899999999999995,0.8178000000000001,30.0,0.0,0.35416026367388065,0.1257964709922651,2.024209957913265,0.40386196448376965,2.597737557332272,1.6376928631576868,0.3607661021353477,0.36938609615040335,0.5685495650584623,0.8740310296192234,0.05
3184,0.5574,False,0.0,0.2177,0.9371,10.0,0.0,0.27811645022960196,0.09777578693395333,1.8735611839388917,0.3218446514192311,1.876484372842046,0.9864750244330331,0.20338495815668697,0.24701866829948707,0.18425071134387985,0.5527521340316396,0.05
3185,0.59075,False,0.0,0.22149999999999997,1.0,10.0,0.0,0.3143360429193947,0.06495862456185209,1.769046248889523,0.12485126319822923,1.5449,0.05066053690990652,0.13367409835203373,0.08393516672924597,7.711743467560508e-181,0.0,0.05
3186,0.55265,False,0.0,0.24259999999999998,0.9299,16.8,0.0,0.3349633050750872,0.1305651750040018,1.8707600149685952,0.2193245746732998,1.8057250531418316,0.7061220174712478,0.23278063928356926,0.21764758705423362,0.16260702835185342,0.48782108505556027,0.05
3187,0.57075,False,0.0,0.18150000000000002,1.0,10.0,0.0,0.2607491946615333,0.06830514115741296,1.7200836380257916,0.06952884512315274,1.5588,0.05775084414967463,0.09839592726316079,0.01740830713422006,2.685198731204436e-242,0.0,0.05
3188,0.5708,False,0.0,0.1816,1.0,10.0,0.0,0.23939861198661672,0.06383602892676975,1.7074767821046872,0.059470144931508394,1.5543999999999998,0.08423562191852095,0.09671589726319087,0.015982610095385177,1.2543781178635013e-242,0.0,0.05
3189,0.5712,False,0.0,0.18240000000000003,1.0,10.0,0.0,0.2634854991328063,0.051860136852705845,1.7218064313011348,0.04958763147701363,1.5203,0.03279344446684426,0.09775442324608097,0.012211596207682047,1.9882286452533843e-242,0.0,0.05
3190,0.49110000000000004,False,0.0,0.2455,0.7943,14.4,0.0,0.31013615470738143,0.05714992646807094,1.9663342180566379,0.3599354304185332,2.4978034101826903,1.466750992134602,0.301338183821165,0.3011348284994738,0.5113002446800102,0.7896359834046834,0.05
3191,0.57195,False,0.0,0.1839,1.0,10.0,0.0,0.26856057301215186,0.07421054793542907,1.7256454568701396,0.04744563487064608,1.55,0.05876393451769548,0.10153678325658137,0.017279924864374456,2.592727111131643e-237,0.0,0.05
3192,0.55395,False,0.0,0.24100000000000002,0.8669,0.0,0.0,0.33369834005165677,0.06541167290766352,1.910455686952544,0.31292353698458175,1.9654381724432803,0.8615117932794325,0.2690156314722394,0.31183766140734154,0.37153144557650786,0.7487368426505453,0.05
3193,0.56505,False,0.0,0.223,0.9343,6.8,0.0,0.31107785701802876,0.03589878769533993,1.8357908777733212,0.2937962442013145,1.7667433848043508,0.6505970125827074,0.18012367462736312,0.21355175459531522,0.16157591155329848,0.48472773465989544,0.05
3194,0.5438500000000001,False,0.0,0.26739999999999997,0.9419000000000001,30.4,0.0,0.3706996892385286,0.14097600233409452,1.929372819751043,0.31122826288869077,1.709056368043742,0.463102557500597,0.2521906217972374,0.23827465881170226,0.16487594589472446,0.4913035506631568,0.05
3195,0.5090999999999999,False,0.0,0.27009999999999995,0.8680999999999999,30.0,0.0,0.3528813625627717,0.0549640930082175,2.0136496042624428,0.38727252425425823,2.024411658790956,0.9363735830294565,0.28351695748965605,0.25425102925866505,0.1,0.20000000000000004,0.05
3196,0.3943000000000001,False,0.0,0.24289999999999998,0.8001000000000001,63.6,0.0,0.2999836830252179,0.1457773523501472,2.0037382662627157,0.3858297380815602,2.161127724966981,0.9544659674904662,0.3386558593632442,0.31139591849380505,0.3690342585482978,0.6212263701403126,0.05
3197,0.5059,False,0.0,0.22749999999999998,0.9299,36.4,0.0,0.3260523223116852,0.11475994678908916,1.8368899502043703,0.2316224146977499,1.7820308745124998,0.7397485942328613,0.20961739256661685,0.19842252945033087,0.19761893904402505,0.5928568171320752,0.05
3198,0.54355,False,0.0,0.229,0.8581,0.0,0.0,0.312721223640927,0.036938142375269364,1.8705826849698064,0.27605150810641843,2.018561489298903,0.9160381705065272,0.23620579696444904,0.26074795237006265,0.24850393426378328,0.5763446934517089,0.05
3199,0.5598000000000001,False,0.0,0.21350000000000002,0.9461,10.0,0.0,0.30934090505198963,0.1281951958290614,1.8276288782003884,0.29444315825360245,1.7995726132411611,0.737788793631126,0.18182197002772815,0.23367105661086032,0.186985896298554,0.560957688895662,0.05
3200,0.5415500000000001,False,0.0,0.3036,0.9395,40.0,0.0,0.3791618347948921,0.04763195319209239,1.9614483863967416,0.2531961599332481,1.725406059750838,0.5195174300375057,0.3028285957610166,0.22399829318707454,0.178428907249146,0.535286721747438,0.05
3201,0.50845,False,0.0,0.2661,0.93,44.8,0.0,0.38279311989304304,0.14212314375502103,1.9160279236756104,0.2900074841814516,1.8195519470100585,0.7461276740550941,0.27960182493239116,0.22933407528493083,0.1497194748465111,0.44915842453953325,0.05
3202,0.5995,False,0.0,0.199,1.0,0.0,0.0,0.28168868581642215,0.01338066984455245,1.7367335321232045,0.05256851810332158,1.53901111111641,0.044276166154673294,0.10221954364869675,0.0007104544139680282,0.00600000000000037,0.01800000000000111,0.05
3203,0.5088499999999998,False,0.0,0.2673,0.8143999999999998,16.0,0.0,0.36362999764314013,0.16856721560974075,2.0251141317141683,0.4225485553796482,2.2576287062157157,1.119371834084521,0.3557179061800592,0.35284107916583823,0.42753339160967274,0.7453759564035608,0.05
3204,0.47170000000000006,False,0.0,0.27149999999999996,0.7919,30.0,0.0,0.33521054814095724,0.068060477626307,2.0167021438447144,0.3247451761393195,2.2858928451281164,1.0880212384906454,0.35460389880011034,0.3105761263077092,0.38745787209507976,0.6252952149091192,0.05
3205,0.5718,False,0.0,0.1836,1.0,10.0,0.0,0.27237809066207486,0.08625202051552742,1.7308749201882836,0.0577753210890216,1.5570501993815105,0.041050202081523886,0.10131473537767197,0.0185106679592363,5.716317576919703e-237,0.0,0.05
3206,0.5495499999999999,False,0.0,0.24369999999999997,0.9353999999999999,20.0,0.0,0.3268326139541937,0.05328881113341164,1.9396769024637426,0.31246253166798105,1.882083259687309,0.762670930853351,0.21553155569465132,0.20310268627369726,0.0948000000000009,0.18995620547905412,0.05
3207,0.5995,False,0.0,0.199,1.0,0.0,0.0,0.2916114897571291,0.01781832661910541,1.7172734805728247,0.04236610018453495,1.5554999999999999,0.08314956403974712,0.10271979712912552,0.0011439347229905143,1.3931424649966733e-242,0.0,0.05
3208,0.5421,False,0.0,0.1642,1.0,20.0,0.0,0.22873181282858296,0.09559227821472435,1.6981148048478556,0.06518579853241746,1.5165,0.026997222079317696,0.09153626731901254,0.021726211668921608,1.7597654718762899e-242,0.0,0.05
3209,0.5637,False,0.0,0.21900000000000003,0.9321999999999999,5.95,0.0,0.31126867124234103,0.06555597016516888,1.8438039047346861,0.26138333736053376,1.7593774234247594,0.6213385293823176,0.18168590058090878,0.2290617587301178,0.15155469286499182,0.45466407859497554,0.05
3210,0.47384999999999994,False,0.0,0.20750000000000002,0.8638,30.9,0.0,0.2816417297245408,0.14533787658576447,1.9658707171418919,0.4244352387707325,2.134045972140028,1.1497694003690335,0.2387411512300413,0.2621658471732116,0.3901996498144101,0.7804250832687482,0.05
3211,0.5516,False,0.0,0.21480000000000002,0.9283999999999999,10.0,0.0,0.31037954403572054,0.04612599426874635,1.8125492935581498,0.16907373326364358,1.8902055475112298,1.0338696013654691,0.1823467004970279,0.20684860283990608,0.1638886947375609,0.4916660842126827,0.05
3212,0.57075,False,0.0,0.18150000000000002,1.0,10.0,0.0,0.2531573886580113,0.07821786041274086,1.7379235294229325,0.08683081456384324,1.5364,0.08357056898214836,0.10868172559442468,0.03933617528220922,1.6652383048922328e-242,0.0,0.05
3213,0.5458999999999999,False,0.0,0.19770000000000001,0.9340999999999999,10.0,0.0,0.29381232036044413,0.13686810243977335,1.8015342731840782,0.2580176141216698,1.6244314230901682,0.28170299007366506,0.18011705609049994,0.24477587432975106,0.08157513067678573,0.2447253920303572,0.05
3214,0.5995,False,0.0,0.199,1.0,0.0,0.0,0.29708736220550946,0.01702097254012223,1.7411898221368467,0.05623208831050828,1.5403,0.044050085130451215,0.10575116758536793,0.010892260615649064,2.323201607515865e-242,0.0,0.05
3215,0.4518,False,0.0,0.3077,0.7351,34.8,0.0,0.39521584635130946,0.08881511717149862,2.1620225096275947,0.33330641517484977,2.658626198461742,1.3939382107362055,0.453191457438996,0.32368057596917255,0.7237062145095539,0.8936696735445097,0.05
3216,0.5396,False,0.0,0.2516,0.93,25.6,0.0,0.32729636217878283,0.050718926997354606,1.9386628388266622,0.2963972671545278,1.7980570438459602,0.6269483951091189,0.21139691649107753,0.17722457371570258,0.1801851342617808,0.5405554027853423,0.05
3217,0.53125,False,0.0,0.22249999999999998,1.0,40.0,0.0,0.30869921517552157,0.09618054578472338,1.7994803168055207,0.13013172703304277,1.5485999999999998,0.04400499971594137,0.15553704921822137,0.09146733141349635,1.1491393278997552e-188,0.0,0.05
3218,0.5388999999999999,False,0.0,0.1978,1.0,30.0,0.0,0.26955273226880194,0.12155296271992258,1.7621298344650096,0.15340137939743131,1.5471000000000024,0.06140594433766735,0.13780045541196734,0.07704704521027911,1.463160449003026e-203,0.0,0.05
3219,0.5445,False,0.0,0.19949999999999998,0.9295,10.0,0.0,0.28448739006860707,0.0894985414513444,1.810949271378686,0.17450377256772456,1.7535453706521782,0.556158480621033,0.17347273806018834,0.21182358461821502,0.16740338638100813,0.5022101591430245,0.05
3220,0.55235,False,0.0,0.24439999999999995,0.9371,19.2,0.0,0.31903002892215354,0.06024659480989488,1.8618732027193652,0.2859275735904104,1.8180578219931978,0.8531676549234881,0.21694363241145206,0.24288265965392622,0.1765652906295285,0.5296958718885856,0.05
3221,0.57275,False,0.0,0.18550000000000003,1.0,10.0,0.0,0.26448231902375063,0.08369416929668465,1.7212767268754139,0.06106959368877745,1.5839111111111115,0.11656816794381614,0.10318345503610897,0.023504165214707655,0.0005000000000003837,0.001500000000001151,0.05
3222,0.4706,False,0.0,0.28469999999999995,0.7333000000000001,19.2,0.0,0.41861775283557945,0.1139858352555496,2.1200922096023005,0.3411058033713659,2.4407950164095364,1.144434182903091,0.4320295626866427,0.3531179067933972,0.6729269034178387,0.8248354768774935,0.05
3223,0.55055,False,0.0,0.20190000000000002,1.0,25.2,0.0,0.306240347273489,0.09992057485759728,1.7583261162593966,0.0684874116550453,1.5162,0.0370102688452813,0.12761025609023466,0.053877083571991606,4.532502163188811e-218,0.0,0.05
3224,0.49805000000000005,False,0.0,0.2185,0.8656,22.0,0.0,0.2959392317841716,0.16595960027292475,1.9217503225721138,0.3437308562830821,1.9768174985320066,0.920856432120351,0.26235032463773195,0.2885273321072151,0.23615852129143095,0.5619422597701353,0.05
3225,0.4983000000000001,False,0.0,0.18050000000000002,0.9329000000000001,29.2,0.0,0.25119654676375075,0.10778521795065503,1.812862614169757,0.2936821165104453,1.75606973300918,0.5656011188170634,0.1517932043068831,0.18366404268859746,0.1683441207010512,0.5050323621031536,0.05
3226,0.55355,False,0.0,0.2444,0.9490999999999999,21.6,0.0,0.3496337979139018,0.1560753028236069,1.8830359622615096,0.3691153484911973,1.8147901985940749,0.7317214937412757,0.23674197105608924,0.28109490092886696,0.20659019859407451,0.6197705957822236,0.05
3227,0.48805000000000004,False,0.0,0.26030000000000003,0.7958000000000001,20.0,0.0,0.37102627097712537,0.07484757577363772,1.947168153255376,0.3056059482882689,2.262887857644254,1.1174819981139872,0.3413255021776092,0.3104277785119319,0.5586315486060971,0.8606594550473177,0.05
3228,0.6005,False,0.0,0.201,1.0,0.0,0.0,0.29507453546120244,0.023029299963817078,1.7580995500090775,0.03537055042999898,1.5746,0.07099323911472134,0.10443197596427622,0.0036542295209631677,1.0318605399486905e-237,0.0,0.05
3229,0.51285,False,0.0,0.1774,0.9283000000000001,20.0,0.0,0.27092126754012524,0.12378319462386478,1.8047374707724289,0.2512502820623415,1.8778108581471216,0.7482523487757732,0.189746006590167,0.23595251746038945,0.25610750831159473,0.555643684423959,0.05
3230,0.54235,False,0.0,0.1647,1.0,20.0,0.0,0.25714504411037975,0.11034847985471179,1.7022725638998797,0.06637406970612388,1.6269193461573388,0.21444506140601363,0.1002936240521483,0.0316425206189834,0.052800000000000936,0.15840000000000282,0.05
3231,0.5422,False,0.0,0.2444,1.0,40.0,0.0,0.3518628631511297,0.07325601497861763,1.8215770460863479,0.10527151673116394,1.5318,0.05121484159889591,0.17289084756414683,0.09242191523579565,3.7654997442028635e-184,0.0,0.05
3232,0.5951000000000001,False,0.0,0.23700000000000002,0.9532,0.0,0.0,0.3510219349981188,0.14758111025764142,1.8574151879569378,0.3877650940489137,1.8006672279038103,0.7365542768727915,0.19548840790337768,0.271266033147437,0.1915672279038104,0.5747016837114312,0.05
3233,0.5423,False,0.0,0.16460000000000002,1.0,20.0,0.0,0.22295010118136016,0.10340552089603423,1.7067590922463864,0.0670914826675511,1.6341000000002321,0.0943953918367099,0.0918374818430513,0.01995066194362508,2.417747450479674e-242,0.0,0.05
3234,0.5993,False,0.0,0.199,1.0,0.1,0.0,0.30188841444442216,0.03543829760964637,1.746041136930804,0.05986590981693394,1.5612,0.05540541489782383,0.1081548358345211,0.01388131876871305,2.5556213190221587e-242,0.0,0.05
3235,0.5137999999999999,False,0.0,0.2358,0.9437999999999999,38.0,0.0,0.3354954034973719,0.185128536922555,1.8804776822340261,0.3254038599999415,1.885390852431439,0.6811750907642132,0.24236327852508466,0.2787919078299068,0.24991579772751943,0.5390884346848104,0.05
3236,0.55565,False,0.0,0.19130000000000003,1.0,20.0,0.0,0.2850932061137877,0.0901038472671577,1.737280432571915,0.07156707567177341,1.5263008651737124,0.029166663756012894,0.1126826317910639,0.03563814411530421,4.322581716494063e-225,0.0,0.05
3237,0.47245000000000004,False,0.0,0.2851,0.7974,34.4,0.0,0.37324311179971587,0.13440287028259226,2.08764471333961,0.3342905672978467,2.4183812208874977,1.346302065114898,0.39020532171395,0.311148580913719,0.6095185208217226,0.9312560027003123,0.05
3238,0.49929999999999997,False,0.0,0.25320000000000004,0.7853999999999999,10.0,0.0,0.3392738982544804,0.055363909023150026,1.9796309552971159,0.2936076306752178,2.3251210820070733,1.2593966856903245,0.33146144486575585,0.30063681873883846,0.5164175347947353,0.7911613122059334,0.05
3239,0.5035,False,0.0,0.2263,0.8606999999999999,20.0,0.0,0.3306339722302652,0.10876780581949556,1.9335488459400547,0.27812190692939653,2.069602927182034,1.0283896072382495,0.27144828578895575,0.2878252110879445,0.3219057893102672,0.6438125719446869,0.05
3240,0.54225,False,0.0,0.1645,1.0,20.0,0.0,0.23325233987780206,0.10599995760225289,1.705296375729347,0.06572794697765025,1.5499000162384575,0.045154092276290164,0.092506451264227,0.02105362695831832,3.064969639104541e-242,0.0,0.05
3241,0.48045,False,0.0,0.28290000000000004,0.7979999999999999,30.0,0.0,0.3562172770882917,0.06434995988990713,2.0965689178325007,0.3690742387954796,2.0799433457486125,0.7599908523089545,0.3654780854319341,0.3007017214169263,0.5096814934338094,0.7541195629685156,0.05
3242,0.57095,False,0.0,0.2479,0.9339999999999999,10.0,0.0,0.33404188973148347,0.10424032489922466,1.9044386398934763,0.3560211326682339,1.7358029646355977,0.53307013440209,0.217871131998765,0.23845918962302445,0.1561937575487517,0.46858127264625515,0.05
3243,0.53715,False,0.0,0.2223,0.932,20.0,0.0,0.30959664950065785,0.11484256985256083,1.8686494984217128,0.2586718818142587,1.87822990472636,0.9261587166686528,0.20046362751110433,0.2127359730852159,0.17372990472636002,0.52118971417908,0.05
3244,0.46165,False,0.0,0.3255,0.737,34.8,0.0,0.4455243091351845,0.10592736682651856,2.1572674116904493,0.36307929645443004,2.4729806129233505,1.094425629786472,0.508435684991954,0.3460621737765251,0.7560156413947174,0.9427732569328523,0.05
3245,0.5311999999999999,False,0.0,0.20929999999999999,0.9330999999999999,20.0,0.0,0.3018235747539666,0.0976457356793586,1.8404920927007713,0.2688707396817464,1.7537791298042973,0.6627194737557267,0.17279490434409187,0.1865637194664437,0.05,0.15000000000000002,0.05
3246,0.5995,False,0.0,0.199,1.0,0.0,0.0,0.2860355880557553,0.016656584580857454,1.737464808534592,0.03854804075690047,1.5291000000000001,0.035775550310232794,0.10174213933481221,0.000850235381071985,2.6348863515560358e-242,0.0,0.05
3247,0.4380499999999999,False,0.0,0.3016,0.7344999999999999,40.0,0.0,0.37239970725089805,0.15431176273715863,2.1402491147755103,0.4188072097161044,2.4219804845189055,1.117978976504051,0.47266716197248326,0.3649512479349332,0.5037292431170743,0.7491025079524729,0.05
3248,0.42769999999999997,False,0.0,0.3195,0.8021,66.55,0.0,0.41868740037818303,0.05411592825651607,2.194127930894623,0.3772558836576542,2.4100899852852753,1.5125177660455424,0.46594478911843673,0.31478061112630257,0.6055577908289124,1.07347850664531,0.05
3249,0.4459,False,0.0,0.2582,0.7936,40.0,0.0,0.3468830614668859,0.1842315207157333,2.011131336230334,0.32014696836511747,2.0580872701943584,0.7978148142195466,0.3651423663647669,0.3173854974711805,0.5284604041889207,0.8072788351673783,0.05
3250,0.4802,False,0.0,0.22600000000000003,0.8704000000000001,34.0,0.0,0.2971182138702403,0.1512212720024139,1.9187752187275855,0.3729765795371591,1.9947061453810195,0.8890111950186699,0.27749774838133606,0.29199318520709927,0.3647494148086337,0.7295876793000435,0.05
3251,0.5552,False,0.0,0.19040000000000004,1.0,20.0,0.0,0.2861699237787293,0.08810069557222439,1.7294659583561969,0.05854732138933832,1.5566,0.06460371506345435,0.11768123370465784,0.04552411271878783,1.690900604959773e-225,0.0,0.05
3252,0.5995,False,0.0,0.199,1.0,0.0,0.0,0.2850248000131801,0.009433036732274214,1.7368842941327771,0.06300275199996264,1.5384,0.06424671197812386,0.10233597555106651,0.0014276453491552667,2.3112624248507127e-242,0.0,0.05
3253,0.37339999999999995,False,0.0,0.27290000000000003,0.6706999999999999,49.2,0.0,0.3489792758426607,0.13592351174204437,2.2302170329543713,0.48112074128419946,3.0645463263692343,1.7099323130707689,0.4841781215522367,0.36598405871591605,0.9509126128991442,0.9666574116209772,0.05
3254,0.58475,False,0.0,0.24949999999999997,1.0,20.0,0.0,0.3467708733982154,0.07930424886778001,1.8549865605418172,0.197942537585871,1.5582794270833338,0.04947467482420689,0.17286153747958818,0.1289261372437462,0.0014000000000003042,0.004200000000000912,0.05
3255,0.5494,False,0.0,0.2096,0.9292,10.0,0.0,0.2928491821839835,0.09510050102279718,1.8280720643957693,0.2406864190822797,1.840559185262466,0.7288960513232836,0.18169568600465363,0.19132653188266946,0.05,0.15000000000000002,0.05
3256,0.48555000000000004,False,0.0,0.2081,0.9342,42.8,0.0,0.2793059069535174,0.13518901135875666,1.9033935287964971,0.3183013186974691,1.8974980646476767,0.9382888879339238,0.20322915484235632,0.21767260752300735,0.2224585822359165,0.6673757467077496,0.05
3257,0.5121500000000001,False,0.0,0.21610000000000001,0.9282,30.0,0.0,0.316247671286471,0.11893443501850141,1.8557283325517375,0.2349428695101124,1.8529994303952066,0.9186603183633649,0.2075637514125322,0.22708473960156877,0.15230480870474858,0.45226702084894127,0.05
3258,0.5596,False,0.0,0.182,0.9772000000000001,10.0,0.0,0.26699815136177196,0.07473939899346535,1.7300593868278704,0.13231491756231545,1.6887111111111124,0.3261900536667442,0.12346159923380276,0.07455902087319705,0.07980000000000086,0.23940000000000256,0.05
3259,0.4552999999999999,False,0.0,0.23889999999999997,0.8189,36.8,0.0,0.2800953381401576,0.18255300055955487,2.057027392756548,0.4946146336617728,2.2437005490166735,1.091847103698271,0.3607984677354794,0.37139111575572387,0.5381715281795366,0.8283340150636701,0.05
3260,0.57245,False,0.0,0.22490000000000002,1.0,20.0,0.0,0.3109854929359975,0.0351370150228832,1.7772970410751192,0.11555264847947311,1.5636,0.0421620682604637,0.14298578495232905,0.0789935024718112,5.2257205090854704e-201,0.0,0.05
3261,0.54225,False,0.0,0.1645,1.0,20.0,0.0,0.2491707710676267,0.0972602760803981,1.7108502093482898,0.06583355507637013,1.5891,0.07092171740729354,0.09176615104921722,0.021299413826440246,2.6423782056925617e-242,0.0,0.05
3262,0.45409999999999995,False,0.0,0.2344,0.7889999999999999,28.8,0.0,0.31923462679833575,0.10156201648227704,2.043519055075029,0.42757654573174425,2.44515779570322,1.4827946064779232,0.3221349158621366,0.30027772779143586,0.5692515580903607,0.8712563986059538,0.05
3263,0.40664999999999996,False,0.0,0.2824,0.7261,48.8,0.0,0.4043290361087011,0.10331209907572066,2.128191706121024,0.4307612061124353,2.6220198908905643,1.4100742522687364,0.43272080668455287,0.33427758314270367,0.6781014696725473,0.8386256356349533,0.05
3264,0.5678,False,0.0,0.2532,0.9288000000000001,11.6,0.0,0.3614272775131958,0.06895628209672781,1.9017903282075561,0.214805247560135,1.7869036143031045,0.7551283564527742,0.2220527185961799,0.20189040013838358,0.05,0.15000000000000002,0.05
3265,0.41540000000000005,False,0.0,0.22210000000000002,0.8679,64.8,0.0,0.2933134718008075,0.17832303958097326,1.9604819085905842,0.35516142458892924,2.128481808421889,1.1738257186302337,0.29683234370270944,0.2860243473581324,0.4343580321373757,0.8728540981716553,0.05
3266,0.50145,False,0.0,0.25579999999999997,0.7871,10.0,0.0,0.32445247599312144,0.031486140869872885,1.9591126844886748,0.27663356624782165,2.3610800752175454,1.167388432844728,0.32763076757819176,0.30241838182174585,0.30290000192112715,0.5177969628622889,0.05
3267,0.438,False,0.0,0.26430000000000003,0.7316999999999999,30.0,0.0,0.3488549794099899,0.13905340502180735,2.0336281026718845,0.3602545895986571,2.3732317191693144,1.0666214650730805,0.40999062778803597,0.3413056862138779,0.7171671241155119,0.8835786180021205,0.05
3268,0.52935,False,0.0,0.23100000000000004,0.8613,8.4,0.0,0.3198299572920944,0.06016857453018361,1.9778335983161228,0.3406748426785613,1.9154619218323585,0.7049293825839944,0.2503995933971245,0.2936514885459521,0.3341611738715511,0.6691555974917913,0.05
3269,0.52925,False,0.0,0.2536,0.8049,0.0,0.0,0.35900121781753963,0.11357409410484935,2.009525305078152,0.41230616801075876,2.1195678896073438,0.9334172514534641,0.34726852362055594,0.36607242544203983,0.39563039942796585,0.6371910136378184,0.05
3270,0.57395,False,0.0,0.1879,1.0,10.0,0.0,0.274626421865191,0.08763947332674196,1.724862237711319,0.05420439859921445,1.5722777777785026,0.07977429967675785,0.10409687624826869,0.01971248861314442,0.006600000000000378,0.019800000000001136,0.05
3271,0.45215000000000005,False,0.0,0.22199999999999998,0.7975000000000001,28.8,0.0,0.29630071536117625,0.13173562464690855,2.0002035365896123,0.399694056901077,2.2359585965208852,0.9561053102400333,0.28351198847241565,0.288640709142461,0.25222287586652337,0.46701355468591094,0.05
3272,0.5708,False,0.0,0.18160000000000004,1.0,10.0,0.0,0.2573281296136603,0.07145708990569644,1.7293351804261117,0.05569691524560182,1.568,0.05451238391411628,0.0968674772764592,0.016176006598488363,1.6500437377764077e-242,0.0,0.05
3273,0.5365,False,0.0,0.1882,1.0,28.8,0.0,0.2597509484711301,0.12541637607940637,1.7779254528551234,0.17376126169413306,1.5726000001189284,0.05943601618726829,0.12551946938987796,0.10170384165529789,2.649734660940457e-170,0.0,0.05
3274,0.5995,False,0.0,0.199,1.0,0.0,0.0,0.28651616979032174,0.01614728665016149,1.7046678955657988,0.030326855295991984,1.5521999999999998,0.05941346648698422,0.10285573689949343,0.0019583304773629177,1.1831131066989658e-242,0.0,0.05
3275,0.5132499999999999,False,0.0,0.1778,0.9286999999999999,20.0,0.0,0.2622837180232117,0.11055904058235598,1.788823340695529,0.24918018854311474,1.818593168819017,0.7432246579550225,0.16063975272009176,0.20136328742871268,0.21125982444889022,0.6337794733466707,0.05
3276,0.44605,False,0.0,0.28159999999999996,0.8073,49.2,0.0,0.3544521904066354,0.14081093005516088,2.0694613416149847,0.4608402334760184,2.409963438018498,1.4258527462875261,0.38526453727084553,0.34364627160174505,0.40497838099327466,0.7079374324082779,0.05
3277,0.5355000000000001,False,0.0,0.27190000000000003,0.8599,15.2,0.0,0.344429385727929,0.07061990975187366,1.97823415780146,0.28169470902603394,2.0903054134125134,1.102829209826433,0.31328950907369635,0.26628814439197224,0.3968048305976642,0.7938466907486865,0.05
3278,0.3207999999999999,False,0.0,0.18080000000000002,0.7295999999999999,67.2,0.0,0.2281618739495186,0.18830142020097967,2.013122341686315,0.49975330005288415,2.3854025026374077,1.0312352654680104,0.4049925185636581,0.4334515268470353,0.6682800652854171,0.8269419210739494,0.05
3279,0.6005,False,0.0,0.201,1.0,0.0,0.0,0.29846864787231075,0.014281218087734372,1.7574238436662526,0.028771173984006103,1.5859999999999999,0.1013548222829087,0.10398791273200314,0.004168948163370921,3.84028876114565e-237,0.0,0.05
3280,0.49215000000000003,False,0.0,0.24569999999999997,0.8586,30.0,0.0,0.34128754500775677,0.055097873323731526,1.9143932967689488,0.2657838502486205,2.352729783194159,1.5642178186555937,0.271319577635798,0.2648945282281021,0.3604753077751968,0.7263475274089997,0.05
3281,0.49224999999999997,False,0.0,0.3152,0.7877,29.6,0.0,0.40970199460264467,0.0870397200838539,2.109295689463589,0.27022119898982494,2.3767286646027754,1.2971098615162338,0.4282335027365748,0.2842675147441196,0.43794131648830303,0.6920418363884497,0.05
3282,0.57085,False,0.0,0.18170000000000003,1.0,10.0,0.0,0.2607398554598258,0.07165786908770266,1.725261720125903,0.07848474108771497,1.6161,0.06203458712686014,0.09684064057754349,0.015578630240723394,2.2409917171064812e-242,0.0,0.05
3283,0.5503999999999999,False,0.0,0.23289999999999997,0.9286999999999999,15.2,0.0,0.32396738565001193,0.042257430055339516,1.8648915599026605,0.178287431290616,1.861267202783622,0.8051243888566233,0.20633355239581666,0.20754485725545704,0.2042031264992076,0.6126093794976228,0.05
3284,0.51155,False,0.0,0.30619999999999997,0.8703,38.35,0.0,0.40548347562983966,0.0820769812769878,2.0841389306956852,0.38665984877265247,2.194815224162367,1.3287409769969274,0.3641327572398382,0.27666811613663483,0.38507213189914885,0.775744437979591,0.05
3285,0.5033,False,0.0,0.266,0.843,25.6,0.0,0.3320370883487277,0.1840050463963718,2.061335407505977,0.4945981625305958,2.1610568225065045,0.9050887445938344,0.37180039928208264,0.38854583551526795,0.4983331828076983,0.7621975059503432,0.05
3286,0.5196500000000001,False,0.0,0.23559999999999998,0.8841000000000001,20.1,0.0,0.3095728914543148,0.1541105918235134,1.9555042055979537,0.4376912421449299,2.0390280682236765,0.9675911724145738,0.2624414810126988,0.3307376951847666,0.10250000000000041,0.20380444057968886,0.05
3287,0.54425,False,0.0,0.16850000000000004,1.0,20.0,0.0,0.2510829543506393,0.10273035267779379,1.7134894269439556,0.06550710995820071,1.5360999999999998,0.03911892125302025,0.09898615176095524,0.021420335643462404,3.6768311871164055e-237,0.0,0.05
3288,0.52825,False,0.0,0.2254,0.9295,24.6,0.0,0.3210701865647058,0.140094063904944,1.9440611355575412,0.36577651156027235,1.7548016808373679,0.7271477766923903,0.23504948205617926,0.26762669958925567,0.17307686344628356,0.5192305903388507,0.05
3289,0.5542499999999999,False,0.0,0.21630000000000002,0.9321999999999999,10.0,0.0,0.3300441386988292,0.04084272540152207,1.8140865259570382,0.26135731658828115,1.7433337946165082,0.6487084040389854,0.1818118844334392,0.20163523943593983,0.17623379461648622,0.5287013838494586,0.05
3290,0.49849999999999994,False,0.0,0.27049999999999996,0.7264999999999999,0.0,0.0,0.3752621655393897,0.0811447888252568,2.074737050406897,0.38824360306746536,2.3378998085874083,1.036369200155552,0.4096440695541735,0.35117057282933367,0.6137317958720486,0.7999029724495617,0.05
3291,0.5499499999999999,False,0.0,0.2347,0.9452,20.0,0.0,0.30504740253564266,0.12715410808647132,1.8866461470282776,0.30265005772844983,1.7082525397405608,0.5171333596145729,0.20617439630640186,0.2414454499258925,0.17173496089531226,0.5152048826859368,0.05
3292,0.4755,False,0.0,0.21280000000000004,0.8581999999999999,30.0,0.0,0.2856348435703694,0.1310893280256629,1.8547057512733638,0.2632590431253539,1.9940599084464616,0.8826858692007185,0.25494623969692853,0.26223766782258146,0.37473356475248715,0.7495494869054861,0.05
3293,0.48340000000000005,False,0.0,0.197,0.8644000000000001,23.65,0.0,0.2652777859747022,0.12632709757413535,1.9441308495296024,0.40819023330322457,2.0872225945382747,1.0130234342324462,0.23535148069741144,0.291840419768247,0.262855154555095,0.5503732341156913,0.05
3294,0.47705,False,0.0,0.2605,0.8775999999999999,46.0,0.0,0.3248713326976803,0.11571116562075397,1.9942063971944481,0.434449248607954,2.0394903157569546,0.9744473559891454,0.30486617592346005,0.30143614835676913,0.3703226330570378,0.7489290413775538,0.05
3295,0.54365,False,0.0,0.2814,0.8059,0.0,0.0,0.3947292028276139,0.10515297273423593,2.090122555656221,0.4239376325316091,2.2186646987067684,1.0439812982606071,0.3762054107040378,0.3498983876662376,0.5531788349608865,0.8486614043819224,0.05
3296,0.6043,False,0.0,0.2486,1.0,10.0,0.0,0.347494688152906,0.08061201416887101,1.8482194177589364,0.16281385265409806,1.5690000000329267,0.06048801539305293,0.1689275144029261,0.11231380459015212,1.1113793606602124e-163,0.0,0.05
3297,0.49515000000000003,False,0.0,0.20820000000000002,0.8621000000000001,20.0,0.0,0.28942630533101515,0.09093438254029157,1.880495132409396,0.3073667094178278,2.1966230137057248,1.4389570941575456,0.25098261187944315,0.30248321739707845,0.37915124036115383,0.7597341619702116,0.05
3298,0.57095,False,0.0,0.1819,1.0,10.0,0.0,0.2576509993556086,0.0758969112585243,1.7040476811457719,0.052156686209945936,1.5541,0.08708323604460279,0.09829993729683975,0.015489059234790863,2.6955187385805613e-242,0.0,0.05
3299,0.5995,False,0.0,0.199,1.0,0.0,0.0,0.2849611894140901,0.013183482512602516,1.704427658897507,0.04157156076829326,1.5439000000026724,0.05522943056515288,0.10394448571304116,0.0025635097905088223,2.0989372945560287e-242,0.0,0.05
3300,0.56135,False,0.0,0.24269999999999997,1.0,30.0,0.0,0.3101188703930723,0.10550552753659267,1.8250965319984935,0.22396899761896838,1.5582,0.06654592399238289,0.18340276232139868,0.11895681309821017,2.5090525196568646e-176,0.0,0.05
3301,0.5995,False,0.0,0.199,1.0,0.0,0.0,0.2849264456364169,0.021264514048280583,1.7489351843443575,0.04229892079975323,1.5486,0.0662905724820657,0.1037896079633489,0.0024616677986417502,2.652089802431588e-242,0.0,0.05
3302,0.4745,False,0.0,0.193,0.876,30.0,0.0,0.2589713173086571,0.1491756533185233,1.8445242999996339,0.33682208540555103,2.0369923398260816,0.9434413977426377,0.2388317522003094,0.30717319270521437,0.36467350717638963,0.72936903813169,0.05
3303,0.49665,False,0.0,0.33099999999999996,0.8223,40.0,0.0,0.44568638993764376,0.18021401806401643,2.2250415769313805,0.41793356995651754,2.5381844780365657,1.6744321746559003,0.47907882644451966,0.343592637006794,0.6051031477765078,0.930361013627929,0.05
3304,0.5384,False,0.0,0.20020000000000002,0.931,13.6,0.0,0.2870855745106019,0.0969815806549197,1.8289474228592937,0.24585396774927204,1.9745922202489716,1.2498173739139402,0.1960910338336584,0.22893771463167087,0.21855735512902613,0.6556720653870783,0.05
3305,0.58365,False,0.0,0.23819999999999997,0.9291,0.0,0.0,0.32711546574400996,0.03856708384701456,1.8533404655652277,0.22111348764725475,1.8636897815744042,0.8933079672814108,0.21639981087493454,0.21518678520050044,0.15530001555208384,0.46590004665625145,0.05
3306,0.60785,False,0.0,0.2157,1.0,0.0,0.0,0.3050721439627781,0.03874655217895636,1.763008676961519,0.1157677827557746,1.5513008273681592,0.04243892625491778,0.12951834314868532,0.07603182500970541,4.747212362477963e-193,0.0,0.05
3307,0.5708,False,0.0,0.25149999999999995,0.9301,10.0,0.0,0.32420840695923203,0.05435921127797706,1.8921020519926768,0.2610701397318634,1.7560475573493917,0.5131645930720133,0.21425419711604202,0.19266709593581774,0.15072665014129077,0.4521799504238724,0.05
3308,0.5565499999999999,False,0.0,0.22089999999999996,0.9321999999999999,10.0,0.0,0.32839292812127585,0.04106376700960837,1.8030685049008632,0.1772453340414067,1.719739054196237,0.5790482597436409,0.1920340773871215,0.2174763501819226,0.16090000032423601,0.4827000009727081,0.05
3309,0.5338999999999999,False,0.0,0.21529999999999996,0.9324999999999999,20.0,0.0,0.3163354807151936,0.10710695352098344,1.832984760069704,0.20478955887909125,1.7158222094715003,0.3332098007546972,0.19671533541329356,0.2100000289293891,0.07990000000003097,0.23970000000009292,0.05
3310,0.44859999999999994,False,0.0,0.18650000000000003,0.9330999999999999,55.6,0.0,0.2422860620407552,0.1365584661887665,1.8625184252393219,0.3172651776832887,1.8306390604206573,0.7478462268528582,0.2057080465601086,0.23687421807211123,0.19726793624192457,0.5918038087257737,0.05
3311,0.5995,False,0.0,0.199,1.0,0.0,0.0,0.29078209500683105,0.02423379057679949,1.713865341357753,0.04958601788841801,1.5586999999999998,0.06081619850007067,0.1034692641553098,0.0021570061106373772,2.7900759276485234e-242,0.0,0.05
3312,0.5995,False,0.0,0.199,1.0,0.0,0.0,0.3036483060869043,0.019413605232238663,1.7222298107111995,0.04811070699614445,1.5398222222222229,0.05522555769046013,0.10386038329924041,0.0013739227283596327,0.009400000000000418,0.028200000000001252,0.05
3313,0.5995,False,0.0,0.199,1.0,0.0,0.0,0.2662414022760442,0.021223528488758588,1.7487211183523979,0.0286917598917966,1.5174,0.017934324631833767,0.1021807062514076,0.001551920763939947,2.2797556075367405e-242,0.0,0.05
3314,0.5232,False,0.0,0.19760000000000003,0.9288000000000001,20.0,0.0,0.26774614141676223,0.07634416765601287,1.8131612886229178,0.17213852055842632,1.8166281917466858,0.7619462116099807,0.17600211040454156,0.20581970206863914,0.15390981293486944,0.46172943880460826,0.05
3315,0.5104500000000001,False,0.0,0.311,0.7653,13.85,0.0,0.3952447152199765,0.13361915857273396,2.205673092744922,0.5010089232717658,2.442669321084527,1.092108266376924,0.43369419152299066,0.3799730008787338,0.7160458634321331,0.8827941808366727,0.05
3316,0.5869,False,0.0,0.24040000000000003,0.9334,0.0,0.0,0.3114482949324771,0.058734908671352344,1.8564368250132763,0.30353304234316514,1.8243421316333912,0.7538856563762293,0.20503671267765947,0.22725153329177297,0.05,0.15000000000000002,0.05
3317,0.5710999999999999,False,0.0,0.1822,1.0,10.0,0.0,0.24928808599564292,0.0671179421554375,1.7181903298960939,0.06084407078440717,1.5637003199784292,0.0732313896573029,0.09929628108532129,0.01591517747347957,2.432326816363662e-242,0.0,0.05
3318,0.4907000000000001,False,0.0,0.22240000000000001,0.8790000000000001,30.0,0.0,0.30162904804035207,0.16719968532870255,1.9507521597477961,0.43276778936649957,2.086259522501047,1.0342336516556259,0.2784006089571603,0.33834960840269673,0.3227072262327055,0.6477278088330376,0.05
3319,0.5728,False,0.0,0.18560000000000004,1.0,10.0,0.0,0.26717193477300294,0.0874346175873478,1.7477676800229553,0.06536113126456079,1.5302482638888895,0.03516517363598468,0.1009056081660444,0.01921950815572096,0.0018000000000003096,0.005400000000000929,0.05
3320,0.5432,False,0.0,0.16640000000000002,1.0,20.0,0.0,0.2425066207649531,0.0975725526349661,1.7090723427379035,0.060280240123930566,1.5673999999999997,0.07079717508488602,0.09437493748769599,0.022629781325071794,1.9600088507660476e-237,0.0,0.05
3321,0.5995,False,0.0,0.199,1.0,0.0,0.0,0.2895412278901387,0.012448008053392856,1.7339408969592036,0.06130726865343939,1.5511000000000001,0.04500099998888913,0.10312445865516154,0.0015881424812569057,1.8378227576885418e-242,0.0,0.05
3322,0.5423,False,0.0,0.1646,1.0,20.0,0.0,0.23647246917035822,0.0960847065251989,1.7033321114011202,0.07578545835903877,1.5714000000000001,0.09206541152897767,0.09412643535998884,0.02009284410132984,2.343498547368785e-242,0.0,0.05
3323,0.5840500000000001,False,0.0,0.223,0.9451,0.0,0.0,0.3013453663943001,0.0955407691208097,1.8428383039693785,0.30722983208221033,1.6508046116961537,0.3343030926542839,0.183332211137248,0.2385183052734706,0.07980000000395562,0.2394000000118669,0.05
3324,0.44215000000000004,False,0.0,0.1931,1.0,77.2,0.0,0.28160227268062976,0.1519418901574843,1.81562756109534,0.1864051203098557,1.5973,0.09205221344432735,0.1946637121788477,0.13055132531134092,1.0350526872740307e-172,0.0,0.05
3325,0.54985,False,0.0,0.2723,0.9474,30.0,0.0,0.38340531473063555,0.14806548760632152,1.9700919243573338,0.3039505141075658,1.6844402089802855,0.46316489595078775,0.27606177599066484,0.26011870179159735,0.15690009109544198,0.470700273286325,0.05
3326,0.54455,False,0.0,0.16910000000000003,1.0,20.0,0.0,0.2420637774828111,0.09802079301337176,1.7086303369382534,0.0748190058317575,1.5401,0.04653267669068694,0.09694586188078351,0.023234744318513852,2.4948045319283685e-231,0.0,0.05
3327,0.54255,False,0.0,0.23899999999999996,0.9309000000000001,21.2,0.0,0.32950174962922735,0.13604136280912565,1.916510406082787,0.3845131397357593,1.7981365573869983,0.7887680728346637,0.21917424159517612,0.20891036498441576,0.05,0.15000000000000002,0.05
3328,0.54235,False,0.0,0.1647,1.0,20.0,0.0,0.23036932239361443,0.09304748392624251,1.7084856662428578,0.0775434593480697,1.5726,0.0621614028155736,0.09283765986991735,0.020319930813135285,1.9239898489792298e-242,0.0,0.05
3329,0.5224,False,0.0,0.2593,0.8606999999999999,18.8,0.0,0.3361383303440561,0.13588196511771627,1.9690095878121188,0.3493348683504217,2.0516257825263606,0.960948744202147,0.30426108017708986,0.2998943038684133,0.336943662513006,0.6472102159552527,0.05
3330,0.53725,False,0.0,0.2129,0.9416,20.0,0.0,0.28572036165261894,0.09869128650223224,1.8474916898499871,0.414147501301249,1.7862654163510214,0.7721285639190387,0.19415622982584288,0.2625139904556041,0.18672684010017515,0.5601805203005255,0.05
3331,0.55965,False,0.0,0.21939999999999998,0.9399000000000001,10.0,0.0,0.33396803034079175,0.06588438918266212,1.8306814270196903,0.35320667347507795,1.9917771016195147,1.3927175981820072,0.18529300721126357,0.24128600714007575,0.19999994911782265,0.599999847353468,0.05
3332,0.5995,False,0.0,0.199,1.0,0.0,0.0,0.2939065167873357,0.013716722554042953,1.7269525408722497,0.06643814602957651,1.5621000033665036,0.05738196879430124,0.10249720975710117,0.0014271014652480064,2.310525659224114e-242,0.0,0.05
3333,0.5184499999999999,False,0.0,0.21609999999999996,0.9408,30.0,0.0,0.31521581536791243,0.19217595051845313,1.8743086188479772,0.29178258346161423,1.7276726007525558,0.6434420673380634,0.21737792093253713,0.25209508273537645,0.16529666681951927,0.49589000045855774,0.05
3334,0.41829999999999995,False,0.0,0.3156,0.6042,20.8,0.0,0.434788136141376,0.08955010335961916,2.3267581603829823,0.43163139311515164,3.095217784451004,1.2931625022540798,0.6027937331207285,0.3529379039557496,1.0339718231354866,0.8539847799937123,0.05
3335,0.43075,False,0.0,0.2642,0.7173,30.0,0.0,0.34873103693378626,0.054812111956261816,2.077350508043985,0.3633846468900261,2.520098836873351,1.2036992485076052,0.39476791304940867,0.317568501172558,0.7525670367317493,0.9068766841702395,0.05
3336,0.4428,False,0.0,0.21270000000000003,0.7929,30.0,0.0,0.28938575034266856,0.1359047877552241,1.9041004398095347,0.2875183715063332,2.123137473885694,0.9680376337013986,0.31512471310331097,0.3107059041382479,0.43603922338700485,0.7112526207628251,0.05
3337,0.57085,False,0.0,0.18170000000000003,1.0,10.0,0.0,0.26980756441154463,0.0695985203033057,1.7221500901775055,0.050558215659616504,1.5886,0.07425927551491464,0.09794437013803234,0.016027121530714613,2.885992672603342e-242,0.0,0.05
3338,0.50105,False,0.0,0.3077,0.7744,20.0,0.0,0.3971845452335441,0.12016979798306651,2.17391038204138,0.5262045408144543,2.3593739412263313,1.0514144069443012,0.436251877280778,0.40819385775027417,0.6604796876695331,0.8105543373857051,0.05
3339,0.56325,False,0.0,0.2324,0.9341000000000002,10.0,0.0,0.30819955695294793,0.05952241750114403,1.8537559048539431,0.2525449223671301,1.8283405876275154,0.8290943762371302,0.19574016581339637,0.21986453425659563,0.16291282007251534,0.4827682891131172,0.05
3340,0.5204500000000001,False,0.0,0.263,0.8147,9.2,0.0,0.3716114908302539,0.09301717659033083,2.0538338440238406,0.4322332418419876,2.4344734208161922,1.4320780987874986,0.33961121509099634,0.3606743403001407,0.5580354773152817,0.8578239936224198,0.05
3341,0.5642999999999999,False,0.0,0.23879999999999998,0.9298,10.0,0.0,0.3453563748769074,0.04598551173728073,1.8561781654209164,0.20015973024635117,1.7112467342949618,0.5185055807583103,0.2236275013499797,0.23011707459444578,0.17893330753657172,0.5367999226097151,0.05
3342,0.47674999999999995,False,0.0,0.23899999999999996,0.7945,20.0,0.0,0.32311728835261755,0.11903086273321457,1.9859843932875911,0.3533300444120132,2.424391364785854,1.4449410880535298,0.33113846626907273,0.30885391709761306,0.5325380972091968,0.8181755356644062,0.05
3343,0.5811000000000001,False,0.0,0.2729,0.9373000000000001,12.0,0.0,0.36099667962125764,0.09057223533486966,1.9554656358445353,0.30763299949910117,1.7699205862181135,0.77030007546349,0.26593363854821267,0.2519450931472157,0.2051872528847798,0.6155617586543394,0.05
3344,0.6015,False,0.0,0.203,1.0,0.0,0.0,0.302960912393699,0.02398306343928415,1.70650632826507,0.030217897715795396,1.5289,0.04622650754707733,0.10773229355235,0.008028749682859103,7.27793962458722e-237,0.0,0.05
3345,0.51535,False,0.0,0.2608,0.9299,40.0,0.0,0.31882847255452296,0.14207269752012344,1.9232806854524127,0.2773593787860668,1.6755988142618226,0.5089788013180367,0.24591999529155953,0.18947457371552945,0.14925763900906086,0.4477729170271825,0.05
3346,0.5995,False,0.0,0.199,1.0,0.0,0.0,0.2795266979150139,0.015653808365340128,1.7221910374891576,0.03894369592109964,1.548133340454102,0.04516517883178043,0.10233690871490778,0.000977499823934916,0.0038000000000003387,0.011400000000001015,0.05
3347,0.5447500000000001,False,0.0,0.1975,0.932,10.0,0.0,0.2819755129170454,0.09924054769502463,1.7950054327204323,0.2178517345161656,1.716622991710948,0.5320401158041638,0.17058337905774662,0.21556429515309267,0.16081047260211284,0.4824314178063385,0.05
3348,0.4899,False,0.0,0.24539999999999998,0.9343999999999999,50.0,0.0,0.31479290525756376,0.11109732277578378,1.9036712496017938,0.2783376920642297,1.7314390491387612,0.5089295361687979,0.24441731527831512,0.21430082679188922,0.1518715222719894,0.45561456681596824,0.05
3349,0.6005,False,0.0,0.201,1.0,0.0,0.0,0.3252539055038903,0.03653920919545301,1.7833742331634788,0.09263187165950655,1.661755555555557,0.32081788534238226,0.1310941114935903,0.052436505268029045,0.07720000000000085,0.23160000000000255,0.05
3350,0.5995,False,0.0,0.199,1.0,0.0,0.0,0.2910261266364339,0.012816754431445518,1.7231889457957217,0.054100258847865484,1.5591,0.06582469141591173,0.10289436465899934,0.0015887322305653847,2.5127744127537436e-242,0.0,0.05
3351,0.54755,False,0.0,0.1988,0.9362999999999999,10.0,0.0,0.29587509399213635,0.11119947609424627,1.826366642890496,0.30768433288259434,1.9251290879469583,1.1169818290886946,0.18244888079066682,0.253629381429389,0.185809376525729,0.557428129577187,0.05
3352,0.5453000000000001,False,0.0,0.275,0.9292,28.4,0.0,0.34648902411487836,0.13536947622579643,1.984127458035293,0.31454499339690556,1.8177544917621262,0.6140100695690751,0.2722263543253322,0.21036192837963255,0.17274878536241212,0.5182463560872363,0.05
3353,0.49005,False,0.0,0.23620000000000002,0.8583000000000001,28.6,0.0,0.313264021801131,0.10532579108471717,1.9183910546337462,0.3013848878438296,1.9732439137161522,0.8127026406337535,0.2725328794339736,0.2589557683664612,0.23089246480115286,0.5297522926586449,0.05
3354,0.5995,False,0.0,0.199,1.0,0.0,0.0,0.27759049237137434,0.016170772355147,1.7322348427939,0.052264251753878256,1.5657000004015036,0.04456467215470051,0.10242522467047983,0.0018069462039342504,2.662941815872589e-242,0.0,0.05
3355,0.5481499999999999,False,0.0,0.242,0.9343,20.0,0.0,0.32525874729480425,0.11022901185063536,1.9403034438109912,0.3190596161669895,1.68644320830495,0.4798736529208172,0.2253283798331313,0.22389176846737557,0.16437462836843972,0.49312388510531924,0.05
3356,0.5235000000000001,False,0.0,0.1773,0.9897,30.0,0.0,0.2706065541708749,0.12590397709579768,1.7705987704795523,0.14241321108660016,1.661755555555557,0.33422275339792673,0.13054662772488151,0.08212693957175617,0.07990000000000086,0.23970000000000255,0.05
3357,0.5995,False,0.0,0.199,1.0,0.0,0.0,0.2917413857023178,0.020143224983212783,1.7236754764658362,0.04184845734021719,1.5427,0.03354415001158918,0.10201189528241746,0.0009229926491942002,1.608796510947444e-242,0.0,0.05
3358,0.5995,False,0.0,0.199,1.0,0.0,0.0,0.2882050634657354,0.01879074761459946,1.7368058968076443,0.05580263230726724,1.5925,0.10100024752444918,0.10129129931521823,0.0012027139135974223,1.8642119641734722e-242,0.0,0.05
3359,0.5724,False,0.0,0.21500000000000002,0.9298,0.0,0.0,0.3317812682394803,0.07883545107934892,1.8302035516197972,0.20772769996675575,1.7660139070113374,0.6654578093446059,0.17902044057026245,0.21595414884434463,0.18971390701133714,0.5691417210340115,0.05
3360,0.53775,False,0.0,0.2444,0.8711,10.0,0.0,0.34459972615171575,0.08690831677437538,1.9404515928296817,0.3486753777004134,1.9330722112629615,0.8744994976097711,0.28214126976851966,0.3101062426956978,0.2746955844351242,0.6070640752664243,0.05
3361,0.45460000000000006,False,0.0,0.25989999999999996,0.7293000000000001,20.0,0.0,0.34391594823546867,0.12349932519964046,2.0605162819921166,0.38912297366185616,2.3683699495081343,0.9948191741917,0.388922288514001,0.3343589594611535,0.6867909632348954,0.8462401684513092,0.05
3362,0.5793,False,0.0,0.19860000000000003,1.0,10.0,0.0,0.30861266521516867,0.09304593769296195,1.7414959708455242,0.10630515435872363,1.5971,0.11564467129963237,0.12393982276994683,0.06793876674742913,8.719723394603994e-201,0.0,0.05
3363,0.55915,False,0.0,0.22799999999999998,0.9303000000000001,10.0,0.0,0.29530037759931477,0.038413212502891904,1.8648260056258608,0.22173116159117442,1.7948334876159913,0.6597394870283062,0.18042600714691875,0.17059373674045994,0.18463348761599127,0.5539004628479738,0.05
3364,0.53165,False,0.0,0.26549999999999996,0.8778,20.0,0.0,0.38705243641629056,0.14767434058418685,2.017919261769527,0.386001579561824,1.9972814918820627,0.7687126198697558,0.3167127647273522,0.3260166118662789,0.3937263956239499,0.6805735533564804,0.05
3365,0.57075,False,0.0,0.18150000000000002,1.0,10.0,0.0,0.262140055084675,0.06986520815071098,1.729051605469963,0.06311737532030821,1.596,0.08972736483370061,0.09745500692463764,0.016675046579395263,3.054278565625709e-242,0.0,0.05
3366,0.57085,False,0.0,0.18170000000000003,1.0,10.0,0.0,0.2566144883687323,0.08092859254812496,1.710116039237296,0.059314385834098655,1.548,0.055445468705747306,0.09836055836056413,0.016084203717840497,2.129210103965435e-242,0.0,0.05
3367,0.57105,False,0.0,0.1821,1.0,10.0,0.0,0.2649591319130889,0.07828543941949632,1.6858736511040036,0.03471730269464324,1.5426666666666673,0.04133198922545887,0.09913889836398451,0.015265928623297393,0.009500000000000413,0.028500000000001236,0.05
3368,0.5915,False,0.0,0.2358,1.0,13.2,0.0,0.3408988554367243,0.10561560357134084,1.802191692607865,0.15783471740287972,1.5493613769531251,0.05049426259055585,0.15467639890691223,0.10696028792318783,2.1163669402996833e-169,0.0,0.05
3369,0.44725,False,0.0,0.2623,0.7922,40.0,0.0,0.3500401405604351,0.06874045184375376,2.0821128753957363,0.4142757984867851,2.2969432175239963,1.1368465694269563,0.3317478673973261,0.2775635636267541,0.6145074388869304,0.9227113443981343,0.05
3370,0.4573000000000001,False,0.0,0.26739999999999997,0.8072000000000001,40.0,0.0,0.32594307199742306,0.18436376040102084,2.1025959593318673,0.46884758453598463,2.2606591295975695,1.093860983640874,0.3791851558271021,0.3319408561102397,0.3984239093568044,0.6879402417336323,0.05
3371,0.57075,False,0.0,0.18150000000000002,1.0,10.0,0.0,0.28080510743639564,0.08392754677409787,1.711940014477306,0.05482868533821648,1.6244777777779944,0.08227466870873862,0.09899627722567786,0.017131903642271823,0.015600000000000705,0.04680000000000212,0.05
3372,0.5586,False,0.0,0.27719999999999995,1.0,40.0,0.0,0.3796794856432035,0.07886226965897508,1.9202250863147683,0.2248895257513822,1.5589,0.06606125944909017,0.2246710133691055,0.1379018078237254,1.952122622977119e-169,0.0,0.05
3373,0.46514999999999995,False,0.0,0.1892,0.9023,40.3,0.0,0.2647175398898504,0.12611750867704127,1.8383652092830551,0.2576799049043578,1.9108793354354563,0.8628748303539051,0.1985498919690704,0.19723332862195037,0.29255711321323347,0.6561104430735704,0.05
3374,0.5698000000000001,False,0.0,0.21500000000000002,0.9294,1.2,0.0,0.32044116840468984,0.05267786890108371,1.7903601348239917,0.21158351310930942,1.7744105296498032,0.5787886537129486,0.17307546069811627,0.19959980769073518,0.17065998391672016,0.5119799517501605,0.05
3375,0.47450000000000003,False,0.0,0.2628,0.731,11.2,0.0,0.3546741570031808,0.0917102939406007,2.102784777836786,0.4261133927503173,2.676131440538101,1.3257899676448544,0.4019678795594578,0.3582118077426012,0.77765551052667,0.9593096011030391,0.05
3376,0.4630499999999999,False,0.0,0.1599,0.9301999999999999,41.0,0.0,0.2469100764462131,0.17784670366738992,1.8053616479105556,0.2670952178111425,1.8280700698589158,0.7629845235415165,0.1859221893335414,0.2334833313949243,0.17080000001055456,0.5124000000316636,0.05
3377,0.5316,False,0.0,0.2211,0.9221,20.0,0.0,0.30459433803436686,0.10709794291217244,1.8933329297869321,0.3368118309855814,1.836183148058374,0.5783358781987527,0.21545223790338225,0.22297036252536198,0.2451965815709723,0.5262588100701013,0.05
3378,0.5995,False,0.0,0.199,1.0,0.0,0.0,0.2893359396110109,0.012082884048653934,1.7309614219951928,0.07022993039402725,1.5731,0.07263669871352914,0.10207171821925391,0.0010939829645269345,1.7867211332976139e-242,0.0,0.05
3379,0.52805,False,0.0,0.2843,0.8358000000000001,16.0,0.0,0.3717399985484647,0.18988113047348817,2.1128589845158143,0.5674023743902685,2.2640048742432244,1.1481385950555492,0.3669601632315413,0.38651698996032574,0.587723715432187,0.9008271015054558,0.05
3380,0.5719,False,0.0,0.18380000000000002,1.0,10.0,0.0,0.27817749334857733,0.0703373527574387,1.7168009094757934,0.04317090400129216,1.5773000000000015,0.06459109845791686,0.09963913043175274,0.016844329865073372,2.8916829768227166e-237,0.0,0.05
3381,0.4936,False,0.0,0.2671,0.8000999999999999,20.0,0.0,0.3509168352511597,0.08687772049877186,2.026364511653766,0.357846557235854,2.195310003182495,0.9468029974316562,0.3486605019192085,0.3324059240986959,0.5482378135947577,0.8474418255823696,0.05
3382,0.6005,False,0.0,0.201,1.0,0.0,0.0,0.2908535632700676,0.02108028532042684,1.7487716824198993,0.04145896175680138,1.6003,0.08446425279371156,0.10531690384510442,0.005129884509874189,5.2052161630621894e-238,0.0,0.05
3383,0.5312,False,0.0,0.1972,0.9452,20.0,0.0,0.29315544894392037,0.16231335995480817,1.8125251690969761,0.34133927408374404,1.7926389781639531,0.7031894505488332,0.18512250251393902,0.2627829525436897,0.1659176813077242,0.4977530439231726,0.05
3384,0.5995,False,0.0,0.199,1.0,0.0,0.0,0.29978574664967284,0.020893710302128436,1.6899865921689972,0.028947080155307146,1.5238,0.030694624936623654,0.102890446241567,0.0013274097880959736,7.632830432710063e-243,0.0,0.05
3385,0.5323500000000001,False,0.0,0.24080000000000004,0.9439,30.0,0.0,0.33996349710138357,0.12144237301268983,1.9102119676999791,0.36859471008004696,1.7928162188589103,0.6056035809383398,0.23559367966446634,0.2588418164493763,0.18614955219224344,0.5584486565767305,0.05
3386,0.5134000000000001,False,0.0,0.26030000000000003,0.8657,24.8,0.0,0.3512197067367662,0.0925748056087641,1.9782404521738386,0.31934668476235456,1.9651122717693408,0.7766218719877913,0.2899129861306816,0.2849118531469006,0.30850843584027976,0.6170169068372774,0.05
3387,0.5587,False,0.0,0.2251,0.9323,10.0,0.0,0.3168461582857634,0.0386327386511163,1.8295985109337582,0.1808406414828161,1.8439272825351005,0.8628898665605992,0.19292788057765947,0.21641085746435176,0.186135654735004,0.5445509550766724,0.05
3388,0.55555,False,0.0,0.2219,0.9292,10.0,0.0,0.32284653007419606,0.0449924019932378,1.832738199708953,0.20563309045879727,1.71913692207219,0.5322876862359764,0.18264574435198827,0.19413428785135212,0.1558214465249738,0.46746433957492134,0.05
3389,0.5428,False,0.0,0.24279999999999996,0.8764,8.4,0.0,0.3440497766422487,0.07078335078886012,1.941112740718004,0.42133430351682616,2.40082253501562,1.751246144702652,0.2747082536679222,0.32951026422946067,0.40286871701863386,0.8057630044137639,0.05
3390,0.52585,False,0.0,0.2311,0.8606,10.0,0.0,0.34527499674067197,0.06650459935493623,1.8502604194989125,0.24423814100631616,2.094399191347417,1.0519707593573024,0.26104146349169405,0.28057716343617717,0.31271662890393104,0.6261205856026285,0.05
3391,0.4298499999999999,False,0.0,0.26539999999999997,0.8150999999999999,55.2,0.0,0.33689289567822334,0.16772002310744713,2.11394170105471,0.4893394057105831,2.512112937144564,1.5894129817463802,0.37348052394030246,0.3425060741832986,0.5462105304042371,0.8372973380936352,0.05
3392,0.5780500000000001,False,0.0,0.227,0.9291,0.0,0.0,0.3427804163576479,0.06091179756676445,1.8327254238181472,0.22555596166638622,1.6723556436135862,0.44452573643834814,0.1992793270688289,0.20385115015843117,0.16876758711315437,0.5063027613394632,0.05
3393,0.5926,False,0.0,0.22519999999999998,1.0,10.0,0.0,0.32465073480752354,0.059806274780052536,1.7670160255848995,0.1815335854441628,1.5864,0.09569242394254632,0.14020958249300836,0.10722266739386285,1.1113793608586885e-163,0.0,0.05
3394,0.55565,False,0.0,0.20950000000000002,0.9418,10.0,0.0,0.3165358508199858,0.14490640137385302,1.8314781469045716,0.36220964504209924,1.7325987756221721,0.5242701751257747,0.18936568246130697,0.264348390739462,0.1602471359058801,0.4807414077176403,0.05
3395,0.6095,False,0.0,0.21900000000000003,1.0,0.0,0.0,0.30061961699694956,0.031228329594484166,1.8163562307424281,0.13081436597088386,1.599755555555557,0.16216700582356108,0.1326099315953027,0.0709929795037241,0.039400000000000844,0.11820000000000253,0.05
3396,0.6005,False,0.0,0.201,1.0,0.0,0.0,0.28635773267791637,0.015688777153182683,1.7476221903018867,0.0362043779871651,1.5429,0.051558607428828035,0.1045357036680394,0.004867482427036444,1.9449900548135553e-237,0.0,0.05
3397,0.54855,False,0.0,0.20660000000000003,0.9305,10.0,0.0,0.29594849989555155,0.1407671240638849,1.840733946685281,0.26264783140544395,1.7922923322061166,0.7688299434436833,0.19180686359292318,0.2298534033968681,0.1724343259725231,0.5173029779175692,0.05
3398,0.5754,False,0.0,0.23080000000000003,1.0,20.0,0.0,0.3258133698894852,0.06181942141719639,1.8079170377064213,0.08574917842573987,1.5673000000000001,0.0959677550013545,0.15350990771391126,0.07584917250439069,1.306420163503548e-201,0.0,0.05
3399,0.49629999999999996,False,0.0,0.24210000000000004,0.7905,10.0,0.0,0.31995476741597134,0.10786384663189098,1.93478105046748,0.31878590364028286,2.3200897785349204,1.2084678986077912,0.319418231393439,0.302992067924688,0.4015105574051578,0.6953626849929601,0.05
3400,0.5422,False,0.0,0.1644,1.0,20.0,0.0,0.23253904985872104,0.09681379988187047,1.7116162403071997,0.07577373352858494,1.5442,0.09341712905029782,0.09241118078183434,0.02128906658262643,2.3635780546440484e-242,0.0,0.05
3401,0.5995,False,0.0,0.199,1.0,0.0,0.0,0.29475487137326956,0.02800568869459515,1.7457476141177686,0.021566465356689813,1.5162,0.032412343327812614,0.10337802175927177,0.001550014816556797,1.7587707218736988e-242,0.0,0.05
3402,0.5183,False,0.0,0.1869,0.9297000000000001,20.0,0.0,0.24490424872470165,0.10434733647227193,1.8146855012645513,0.20288911387873154,1.7948189280567681,0.713831522261108,0.16112455168228784,0.18522109367405606,0.1738300268881378,0.5214900806644134,0.05
3403,0.5207,False,0.0,0.23329999999999998,0.8689,15.2,0.0,0.31874583985132954,0.04918661852732329,1.9388697751873223,0.3903439612407121,2.0951582618312248,1.0902037030175806,0.25525510159572057,0.2956445435872984,0.33999821587841395,0.6835184456108013,0.05
3404,0.5088999999999999,False,0.0,0.25239999999999996,0.8054,10.0,0.0,0.369526419489662,0.13195795804883043,2.0396341757791316,0.44011895049328276,2.463745730378401,1.3562075143243173,0.3468702761089256,0.36456751691230244,0.5886478178357,0.9071634546216502,0.05
3405,0.5204000000000001,False,0.0,0.21590000000000004,0.8649000000000001,10.0,0.0,0.28226019803388736,0.09065406042315977,1.9050820512429862,0.32976232062338123,1.9584456776097532,0.8104579961083036,0.23769868462483176,0.2792199070757237,0.20752574321508285,0.4796630730603198,0.05
3406,0.57085,False,0.0,0.18170000000000003,1.0,10.0,0.0,0.27004349294815533,0.08160023592562962,1.7015101663850178,0.048023414629548226,1.5464,0.05217125645410507,0.09828354322771105,0.0160251035976426,2.40172474935205e-242,0.0,0.05
3407,0.5709,False,0.0,0.18180000000000002,1.0,10.0,0.0,0.2527015044656186,0.0789924945908033,1.70771621162781,0.05753728148422684,1.5688999999999997,0.05040724154325445,0.0973182916191341,0.015488771230422256,2.049645919917901e-242,0.0,0.05
3408,0.57375,False,0.0,0.22749999999999998,1.0,20.0,0.0,0.31285831297423045,0.04904082698663414,1.7893928663686265,0.07926928139010515,1.5575999999999999,0.06077038752550457,0.14242399438544767,0.06363681900429911,1.5947511656045792e-205,0.0,0.05
3409,0.58375,False,0.0,0.20750000000000002,1.0,10.0,0.0,0.29908260980609785,0.10899335732893746,1.773149484386837,0.11743646583167269,1.5617,0.08738998798489447,0.12883580353485888,0.08489499724222827,3.2995886014335345e-188,0.0,0.05
3410,0.6005,False,0.0,0.201,1.0,0.0,0.0,0.29100953276736996,0.038369243325332494,1.75623520951314,0.03593773522862546,1.5561,0.09682401561596178,0.1054041143342358,0.0048403273818844565,1.9334394064672704e-237,0.0,0.05
3411,0.48265,False,0.0,0.16360000000000002,0.9281,31.6,0.0,0.2427297261957572,0.13408958766064266,1.7501685330731795,0.1772732752381156,1.7610090223650197,0.5204539879061629,0.1593692029353869,0.21043656978389402,0.15043721323882167,0.451311639716465,0.05
3412,0.5936,False,0.0,0.22719999999999999,1.0,10.0,0.0,0.319953458698191,0.08429507882704697,1.7700048716464383,0.17326759473265896,1.5544,0.0695545828827979,0.14190302523596585,0.11732292273302944,1.1653657198413917e-157,3.496097159529414e-157,0.05
3413,0.5681999999999999,False,0.0,0.2164,1.0,20.0,0.0,0.3304089334189344,0.04099218853744147,1.7699083914708127,0.04952928906461385,1.5375999999999999,0.04727620966194309,0.13406163330990511,0.052654931324504564,5.8016709627248986e-216,0.0,0.05
3414,0.45130000000000003,False,0.0,0.2609,0.7217,20.0,0.0,0.35759676211131847,0.09125052972396086,2.0734077190849667,0.33989127310841266,2.4069270359133204,1.146082338374036,0.4024130227344174,0.33993862509331685,0.6583085260916963,0.8060524546296874,0.05
3415,0.57075,False,0.0,0.18150000000000002,1.0,10.0,0.0,0.25569707343427683,0.07247593218129572,1.6805785865523155,0.040162748342434836,1.5412000000000003,0.06030389705483387,0.10017067907304526,0.019447889487040074,8.942461255877221e-243,0.0,0.05
3416,0.5698,False,0.0,0.18160000000000004,1.0,10.5,0.0,0.2575122902586366,0.08413839241870943,1.7382606189773608,0.09914258504476262,1.5407,0.0588303493105387,0.1026756990772705,0.02458204249753461,1.804896416450399e-242,0.0,0.05
3417,0.48124999999999996,False,0.0,0.2431,0.8782,39.7,0.0,0.3251548927973017,0.12300056243556047,1.9650661220752093,0.44517699391073845,1.9981295067599727,0.8512391401830995,0.272088849190539,0.2926447821434633,0.38892119648745954,0.7821395093900786,0.05
3418,0.55845,False,0.0,0.22460000000000005,0.9323,10.0,0.0,0.34651178612572897,0.0844826036997427,1.8151500907639613,0.2515357373161635,1.8174697836507654,0.7214519212465254,0.19741464215322208,0.23089193878872938,0.21843645031743195,0.6553093509522958,0.05
3419,0.47875000000000006,False,0.0,0.23820000000000002,0.7993,20.0,0.0,0.3351669642400198,0.1273818977567247,1.9676278507523102,0.3457717903615732,2.245175975755938,1.0342802378825895,0.32146568775727474,0.32144695211770163,0.5521074512753557,0.8472813272461441,0.05
3420,0.5325,False,0.0,0.21270000000000003,0.9323,20.0,0.0,0.2786854663663687,0.08591719362021608,1.8336558529948543,0.24746475677815002,1.6795963050134923,0.4247720086012389,0.18079435634177585,0.19381715610466732,0.15100318571591284,0.45300955714773855,0.05
3421,0.5995,False,0.0,0.199,1.0,0.0,0.0,0.2894401840050191,0.01030319989662404,1.7377553549237352,0.06004686597907587,1.5540807779947918,0.06103111453927267,0.10221431543733812,0.0010701670607964706,2.4043888011705296e-242,0.0,0.05
3422,0.5854,False,0.0,0.21080000000000002,1.0,10.0,0.0,0.305129674526497,0.09002822917036174,1.75347979043027,0.17323571627842885,1.5414625000000004,0.05231515226251358,0.1352619727295456,0.08333618766728906,0.0016000000000003071,0.004800000000000921,0.05
3423,0.57075,False,0.0,0.18150000000000002,1.0,10.0,0.0,0.26639728779084826,0.08413752896847836,1.717765349907776,0.051864041661782975,1.5474233506944448,0.05986600788719687,0.09843612360381655,0.017146998292998726,0.0022000000000003154,0.006600000000000947,0.05
3424,0.57055,False,0.0,0.21100000000000002,0.9301,0.0,0.0,0.33507600739291593,0.08245433114503728,1.8108095314824848,0.20903845642099617,1.773891119105351,0.7648284637175725,0.18254512628968678,0.23158751417576448,0.19519111910535084,0.5855733573160525,0.05
3425,0.4588499999999999,False,0.0,0.1991,0.8785999999999999,40.0,0.0,0.22985975047266166,0.16452492779209243,1.9341768358688713,0.41690184301143285,2.0457584415353165,0.9842644478430984,0.26213383061943907,0.31433724719421335,0.3694471287207142,0.7455220430711211,0.05
3426,0.44625,False,0.0,0.26839999999999997,0.7441,30.0,0.0,0.388069924380713,0.1554959144001816,2.1508141860032284,0.395889149101987,2.3634049971200684,1.1238991148288797,0.4096779155374999,0.315110389433805,0.6048277792171742,0.7897074634587152,0.05
3427,0.5685,False,0.0,0.20900000000000002,0.9279999999999999,0.0,0.0,0.3000893450577432,0.02905167700667431,1.7879252658746072,0.18075689562116404,1.955958019437875,1.0737890596494846,0.1736497260494393,0.20290304848674115,0.21175127767819993,0.5443573101468993,0.05
3428,0.5995,False,0.0,0.199,1.0,0.0,0.0,0.2788410951434421,0.019006874704528613,1.7041034997771605,0.04906623112655737,1.561100000000006,0.078717787062389,0.10261108124708082,0.0014987477177939661,1.985604091022764e-242,0.0,0.05
3429,0.4761,False,0.0,0.2591,0.7871,23.5,0.0,0.3180543246056343,0.10123228982086258,2.0354061177926623,0.34972398472112626,2.361482298534807,1.0669459564137866,0.3623794584024644,0.28870533696080347,0.664738796749535,0.8833766380275364,0.05
3430,0.5995,False,0.0,0.199,1.0,0.0,0.0,0.28961555863660776,0.026748258737086254,1.720648226080753,0.04379254863235213,1.606712507120769,0.08459106733645975,0.10735560604661287,0.011197340583645283,0.005200000000000643,0.011702991070663414,0.05
3431,0.5417,False,0.0,0.23359999999999997,0.9298,20.0,0.0,0.31804574329345325,0.05198035957634372,1.859142092356151,0.2550373877242938,1.831899999359062,0.6704285849165892,0.21502577722992156,0.2358170137937664,0.12979999936948047,0.38939999810844145,0.05
3432,0.4494999999999999,False,0.0,0.29519999999999996,0.7926,47.2,0.0,0.4051227193971079,0.14233689259495574,2.1248671893627114,0.3269628440892016,2.1053024818853707,0.900309440012592,0.42284509848782037,0.2860376312859112,0.41336188373346017,0.6699871991014787,0.05
3433,0.5198,False,0.0,0.2541,0.8655000000000002,20.0,0.0,0.3368317457505522,0.09504061201386471,1.9495234226748805,0.35795921735931613,2.1246276769682906,1.2511639027032848,0.2751309424255485,0.28623325365886015,0.37611396080103743,0.7691055655904853,0.05
3434,0.5034,False,0.0,0.2299,0.9369,40.0,0.0,0.32369627386252525,0.15598373939021984,1.8902103705418027,0.3017231263437444,1.8363799153579734,0.7608326456891237,0.23403864307378625,0.2445128132706094,0.05,0.15000000000000002,0.05
3435,0.50405,False,0.0,0.2481,1.0,60.0,0.0,0.3481657198151573,0.11221837536785188,1.809735318826382,0.1333665065071108,1.5324000000000002,0.06267726860672856,0.1979925496947857,0.1090376081274058,2.6302782080291737e-193,0.0,0.05
3436,0.5995,False,0.0,0.199,1.0,0.0,0.0,0.29954374855749205,0.021829564780944534,1.7185929763832637,0.05721203781456995,1.5961666668097183,0.06637758149756207,0.1039678909786967,0.0017656284681464012,0.005000000000000356,0.015000000000001068,0.05
3437,0.5708,False,0.0,0.18160000000000004,1.0,10.0,0.0,0.257783450103959,0.06587740319077283,1.703427209929836,0.0505531629711553,1.542,0.029906521028030014,0.09620915675103629,0.015905675988687258,2.5918595169551337e-242,0.0,0.05
3438,0.497,False,0.0,0.2699,0.7865,15.6,0.0,0.34889549550141313,0.10699175616853039,2.0021431618433305,0.27771988667644726,2.3270069991560405,1.2141979655455486,0.3606242926196517,0.30913383077122203,0.530831770108296,0.8116557890157682,0.05
3439,0.5708,False,0.0,0.18160000000000004,1.0,10.0,0.0,0.26791058021015657,0.08334117168889305,1.700611221818291,0.062200399694985156,1.5747,0.10144954410937491,0.09727736507930991,0.016361098733195068,1.5280503274183694e-242,0.0,0.05
3440,0.5420499999999999,False,0.0,0.16410000000000002,1.0,20.0,0.0,0.24465143651594015,0.0943388098489734,1.7343700405385085,0.07366719103450203,1.5465,0.08211485858235404,0.09147013101145698,0.021772518074949995,2.3986836801461492e-242,0.0,0.05
3441,0.5995,False,0.0,0.199,1.0,0.0,0.0,0.28502863835541004,0.015157638765636116,1.7193764960796003,0.04380200649295919,1.5354,0.03710579469570756,0.10381144787421544,0.0021117160612045076,2.554261127683662e-242,0.0,0.05
3442,0.4959,False,0.0,0.1789,0.9297000000000001,29.2,0.0,0.2663830379415497,0.11635440507139107,1.8260300817317916,0.18211506327086674,1.8285175751095395,0.7458139313484271,0.1676024396316029,0.21512900076499142,0.079,0.23700000000000004,0.05
3443,0.5651999999999999,False,0.0,0.2104,1.0,20.0,0.0,0.3020040217234886,0.08114674230823231,1.8084574714326043,0.10096478926796193,1.5462,0.05307692530657745,0.13598685615752773,0.0703116187964887,7.652832213121545e-203,0.0,0.05
3444,0.49294999999999994,False,0.0,0.23959999999999998,0.9286999999999999,45.6,0.0,0.3576572659984514,0.11474666907999201,1.8952663708537956,0.23590817057900818,1.696590301540973,0.39164176803818723,0.24850461514855357,0.2200419150537947,0.07990000002813322,0.23970000008439968,0.05
3445,0.43839999999999996,False,0.0,0.3161,0.7431,45.6,0.0,0.40949745650547537,0.19070253587768282,2.235585170267457,0.4556381467296951,2.473192907629172,1.177191976271462,0.4891263219350589,0.35274886936787714,0.6290417766396004,0.8175229261776179,0.05
3446,0.53005,False,0.0,0.18170000000000003,1.0,30.4,0.0,0.27706803228575316,0.11646264497152599,1.7575392816387674,0.11276811222188989,1.5430999999999997,0.04174314314950419,0.1199981834693212,0.055760007739149325,3.114748397277214e-208,0.0,0.05
3447,0.52745,False,0.0,0.2375,0.8573999999999999,10.0,0.0,0.339970367957484,0.06707381437542974,1.928564630609264,0.2818935753741779,2.092077905141154,1.0412238850302546,0.2610770533219261,0.2713635165049314,0.39730075263946196,0.7974578610349716,0.05
3448,0.5499,False,0.0,0.23500000000000001,0.8648,0.0,0.0,0.3272903013418308,0.042716864974324475,1.8968164506206677,0.32429101986156084,2.1106798963502547,1.0562225550072581,0.25185913338981425,0.28467601860736014,0.32743852277237934,0.6548925094223754,0.05
3449,0.5721499999999999,False,0.0,0.21500000000000002,0.9292999999999999,0.0,0.0,0.30109970980603507,0.028328414089715363,1.821941486996207,0.19719296307906783,1.7354733874139527,0.6366985337724221,0.16825629331902903,0.1816621039679435,0.16888922153241942,0.5066676645972582,0.05
3450,0.54225,False,0.0,0.1645,1.0,20.0,0.0,0.23671057867747622,0.10142630578311908,1.7230555524500442,0.07089374061004887,1.5376999999999998,0.03805272657773684,0.0928542434875406,0.021524412212484176,2.159669791615935e-242,0.0,0.05
3451,0.56545,False,0.0,0.2109,1.0,20.0,0.0,0.29249877071023217,0.11764076591431441,1.752538488234125,0.17171411570996148,1.5462,0.045993042952168287,0.13688694556071684,0.11124008428575047,8.891034877231195e-163,2.2227587494850775e-162,0.05
3452,0.4592,False,0.0,0.2412,0.7908000000000001,28.4,0.0,0.3346049757731657,0.10436686985898715,1.9724667290816953,0.3695524072563144,2.3354001200658243,1.119944849984164,0.33659787551605924,0.32078395864828146,0.5442851799842895,0.8360089446887324,0.05
3453,0.5856,False,0.0,0.2112,1.0,10.0,0.0,0.304157506791027,0.03893208723523265,1.7629663672715061,0.05253334505843564,1.557322225952149,0.059518633675953614,0.12090061718417477,0.04990286748659232,0.004000000000000341,0.012000000000001022,0.05
3454,0.5422,False,0.0,0.16440000000000002,1.0,20.0,0.0,0.23974345343219308,0.10306297985126407,1.7112426250876211,0.06399246602552616,1.5769,0.09027895657350056,0.09276421646734193,0.021414487428135304,2.2344021618159828e-242,0.0,0.05
3455,0.5423,False,0.0,0.16460000000000002,1.0,20.0,0.0,0.23808268834282958,0.10145160386579567,1.7190715566274726,0.0846988287964754,1.6343333333333347,0.2953807712089637,0.10506805274232889,0.0443761387169408,0.07040000000000086,0.21120000000000258,0.05
3456,0.54695,False,0.0,0.2728,0.9410999999999999,30.0,0.0,0.3697232621694167,0.12339658790980983,1.977944520675475,0.31107575407595345,1.7518017423628636,0.4876850939402485,0.2895494856513067,0.25661631142066144,0.17550207622531444,0.5265062286759433,0.05
3457,0.48904999999999993,False,0.0,0.20049999999999998,0.8655999999999999,22.0,0.0,0.3011224280836807,0.17276514862523198,1.8918963740021693,0.37311607811426895,2.0996490048638057,1.1103485965616315,0.23421586665879351,0.2812756521138586,0.32625660965188513,0.6804223062990796,0.05
3458,0.44195,False,0.0,0.27490000000000003,0.729,30.0,0.0,0.38655539988000315,0.17503477934595923,2.095307425564024,0.3883106053165583,2.5078927986975432,1.1791409462208968,0.4323317520694401,0.35252392281653233,0.5866291089806824,0.774454017439302,0.05
3459,0.49734999999999996,False,0.0,0.2943,0.8779999999999999,44.4,0.0,0.3870469147644299,0.1624808046324981,2.0451511349858422,0.4479446667833089,1.9977755198221083,0.853441089263327,0.36271538945010634,0.3167680608095566,0.33449958281705816,0.6692642703369877,0.05
3460,0.42829999999999996,False,0.0,0.28300000000000003,0.7335999999999999,40.0,0.0,0.33837725553141507,0.16418857445150822,2.1686442571365565,0.4684556421416617,2.5436992237896376,1.267496863638894,0.4640521101271299,0.3592261302218527,0.7466287892901742,0.9225651091302363,0.05
3461,0.5137,False,0.0,0.14740000000000003,1.0,30.0,0.0,0.21412597146280837,0.11994767716068346,1.7188142446327774,0.07818919600736288,1.5442,0.0497891554457394,0.0865721057736448,0.024002897992049275,2.196714622351466e-242,0.0,0.05
3462,0.5740999999999999,False,0.0,0.22820000000000001,1.0,20.0,0.0,0.31447200610497045,0.033537824089965335,1.8014572422061175,0.10732467481248664,1.5533946180555627,0.06111722670063647,0.14811967044740698,0.08379162278339344,1.672319868679083e-199,0.0,0.05
3463,0.4225,False,0.0,0.31479999999999997,0.8102,70.0,0.0,0.4100948648486417,0.05752718743152829,2.193310379211801,0.4425294545867373,2.6035569748144773,1.8037468704541728,0.41949932630233,0.3105675454734028,0.5586569276466435,0.8600124270929995,0.05
3464,0.5666500000000001,False,0.0,0.225,0.9387000000000001,7.6,0.0,0.31078245645603714,0.048289184923481984,1.8289072985530823,0.24277589489284693,1.7503763507947057,0.5167292406967937,0.18448332579270654,0.23616175204486836,0.15340700354007392,0.4602210106202218,0.05
3465,0.46764999999999995,False,0.0,0.2266,0.8686999999999999,40.0,0.0,0.3088323534505475,0.1583941533276237,1.9478211134735843,0.35293323486064215,2.0059930592139503,0.7854528168248817,0.28301496027927353,0.3043211093391481,0.35590392272728755,0.7146499328172843,0.05
3466,0.5856,False,0.0,0.2112,1.0,10.0,0.0,0.30931611526486286,0.02151127747959815,1.7594733199734698,0.06745426781670946,1.5926,0.08170091798749893,0.13165732374087674,0.04851813458291702,7.252088712568558e-218,0.0,0.05
3467,0.5627,False,0.0,0.24379999999999996,1.0,29.6,0.0,0.36151145102278615,0.0623570818192995,1.8205294138811303,0.09743678774974698,1.5674,0.08960156248637637,0.17443262354593544,0.08195176498620374,1.8675026746998843e-199,0.0,0.05
3468,0.5252,False,0.0,0.19200000000000003,1.0,35.4,0.0,0.2900475107943116,0.14379366847246275,1.7735957532858102,0.1583994852797609,1.564308507474264,0.07336256026025079,0.1332680142494277,0.0954405769171694,0.0012000000000003013,0.003600000000000904,0.05
3469,0.5317,False,0.0,0.2141,0.9292999999999999,20.0,0.0,0.30723821249948313,0.11127955906008588,1.8510269016031458,0.26642517451359043,1.9775722472995363,1.2823211877235703,0.19966005485726873,0.22203032709866477,0.19999509479784386,0.5999852843935316,0.05
3470,0.5995,False,0.0,0.199,1.0,0.0,0.0,0.26443111811343084,0.013098238225578061,1.7300576538700945,0.052135558601748254,1.5464,0.04273218927225704,0.10195611881026898,0.0010938338666639377,2.501159417615895e-242,0.0,0.05
3471,0.46065,False,0.0,0.2352,0.7945,27.1,0.0,0.34389062113510643,0.14183753144764,1.9681297696780455,0.36722862632787784,2.142367666190121,0.9705047750337616,0.33196522504894654,0.3364814626831465,0.5232940241820159,0.8031997176611072,0.05
3472,0.5142,False,0.0,0.21940000000000004,0.9289999999999999,30.0,0.0,0.2921497589983296,0.09702440413151209,1.861483796921273,0.20457643104669535,1.8913939002959534,0.7725247973551718,0.2156236154982209,0.20947937597004554,0.222703954305954,0.5122018424920476,0.05
3473,0.5410499999999999,False,0.0,0.19370000000000004,0.9283999999999999,10.0,0.0,0.2902872984829686,0.08866994339686889,1.8294468621778925,0.22098913101753254,1.888527431660803,0.891597353121286,0.16739314314392237,0.2110483272570645,0.1981999973923138,0.5945999921769414,0.05
3474,0.54225,False,0.0,0.16450000000000004,1.0,20.0,0.0,0.24469506435641875,0.09865698523252153,1.6963997541951545,0.061725249754557766,1.5562000000000005,0.04767137505883455,0.09198052486374167,0.02116180100825035,2.1441004853742456e-242,0.0,0.05
3475,0.5995,False,0.0,0.199,1.0,0.0,0.0,0.281757796956048,0.011795382230406696,1.7148335538220727,0.05343385991359242,1.5577999999999999,0.07020940107991239,0.10270965248678207,0.0012709199232815514,2.4104835076956115e-242,0.0,0.05
3476,0.57255,False,0.0,0.2283,1.0,20.8,0.0,0.31024181948133434,0.09529350610933958,1.8210090243101873,0.14859768279429192,1.5857,0.0904887285798624,0.16262384094560992,0.10158967591992142,3.012399798469692e-183,0.0,0.05
3477,0.5482,False,0.0,0.21639999999999998,1.0,30.0,0.0,0.2991584924298114,0.09652408349069985,1.8235097993630405,0.1462289869816337,1.5265,0.036197375595476526,0.14806888532162107,0.07834519796740594,1.5955321625961617e-205,0.0,0.05
3478,0.6005,False,0.0,0.201,1.0,0.0,0.0,0.2733089591527198,0.019484900130674755,1.759083338067812,0.041849251219087065,1.589,0.08715503427800375,0.10351233151646044,0.0038352566669609973,4.440087714119264e-237,0.0,0.05
3479,0.5325,False,0.0,0.2784,0.8676,20.25,0.0,0.3593293130690758,0.07897197196009349,2.0175560628470324,0.3245060178307222,1.9762881169212392,0.9088135010405444,0.30251336941399554,0.2699681463008007,0.2118476377668769,0.4920032082006946,0.05
3480,0.5448,False,0.0,0.2096,1.0,30.0,0.0,0.31015688305687444,0.1009698190061496,1.7890688850779852,0.10924980284147325,1.5845000000000002,0.10841886367233337,0.13466850604478686,0.07408562568887034,2.191809320512613e-194,0.0,0.05
3481,0.57105,False,0.0,0.1821,1.0,10.0,0.0,0.24939959101623416,0.06513403161300794,1.6984009559695905,0.05578814694550871,1.533,0.0676697864633841,0.09715809167824223,0.014172043001631626,1.963497893432333e-242,0.0,0.05
3482,0.5643,False,0.0,0.1878,1.0,14.8,0.0,0.2796805526579236,0.08800580162015978,1.735063330822566,0.06361448786656954,1.584055555555556,0.07378245048790454,0.10757449996436216,0.03506178603874953,0.010600000000000435,0.03180000000000131,0.05
3483,0.52375,False,0.0,0.2692,0.9367000000000001,39.6,0.0,0.3423362787690881,0.13590646826967612,1.9488225965242933,0.281789451350305,1.772795001234798,0.694707581178818,0.2770457999670967,0.2395326211333507,0.1599114018860774,0.47973420565823227,0.05
3484,0.58045,False,0.0,0.233,0.9279,0.0,0.0,0.3287830405448794,0.05372374878630329,1.8684704725534769,0.3045533562789351,1.8912571183505105,0.6578917810744327,0.2037180409965551,0.22463209174567622,0.28394059071077493,0.6231163570658608,0.05
3485,0.6015,False,0.0,0.203,1.0,0.0,0.0,0.3063868114395919,0.020422427269698853,1.7299378844190898,0.061992755243262636,1.6042999999999998,0.118316566887313,0.10571509829095341,0.006779942001270164,7.80173039183157e-238,0.0,0.05
3486,0.5419999999999999,False,0.0,0.164,1.0,20.0,0.0,0.21485076750043214,0.08793452669958626,1.694730254324087,0.08631938097041347,1.5358157986111114,0.06805013845384333,0.09079274604207148,0.02192364907965529,1.1989851654099586e-242,0.0,0.05
3487,0.48350000000000004,False,0.0,0.26049999999999995,0.8137000000000001,26.8,0.0,0.34304111432241885,0.13990151667054745,2.0308547704022337,0.42558264882541924,2.4268979673342637,1.4127550629693963,0.35295459250412353,0.3555295412344481,0.5517492340412445,0.8440447889932114,0.05
3488,0.5995,False,0.0,0.199,1.0,0.0,0.0,0.2887286707640268,0.020057088373362262,1.7157628074000322,0.04178346401443744,1.5603,0.08017487137501376,0.1032975673852237,0.0016454601100199797,2.803056972550062e-242,0.0,0.05
3489,0.5675,False,0.0,0.18170000000000003,0.9933,10.0,0.0,0.26781762189644076,0.07885884220532667,1.7366070866574206,0.10000587379416337,1.670255555555557,0.33231258544395664,0.11855772262069446,0.05685902750928524,0.07990000000000087,0.2397000000000026,0.05
3490,0.55375,False,0.0,0.23899999999999996,0.8685,0.0,0.0,0.3096008218914756,0.04415100146846233,1.90719047696954,0.2988785144205588,2.0052110174118685,0.8763323247647117,0.23581450440557133,0.25447805404464086,0.2048209735859321,0.4719573152312292,0.05
3491,0.44025,False,0.0,0.2631,0.7325999999999999,28.8,0.0,0.3648451842478926,0.06896605743673388,2.1257265727149246,0.47772600468835524,2.657468774378695,1.460211054518759,0.4195405844564945,0.37532105978788605,0.6919414480955167,0.8549652324149066,0.05
3492,0.5274,False,0.0,0.20580000000000004,0.9289999999999999,20.0,0.0,0.29372039019117013,0.10080340034195691,1.8489911806276829,0.22824665011488207,1.7209544676158746,0.5185755803420227,0.18261553903121017,0.2077450543698315,0.16119676277382727,0.4829239897828205,0.05
3493,0.4886000000000001,False,0.0,0.2257,0.8315000000000001,20.0,0.0,0.31594386572638333,0.10165940946369288,1.9165338901649633,0.3159368292295847,2.031403065685061,0.7323329240877261,0.28103061566393633,0.26446876992006396,0.4092330025038732,0.6629408235892975,0.05
3494,0.5421,False,0.0,0.1642,1.0,20.0,0.0,0.2272016253809183,0.09376078884686716,1.6928935258560678,0.0525728906892927,1.5483999999999998,0.05241984357092263,0.09211284319485298,0.021193469041465633,1.3156730080034695e-242,0.0,0.05
3495,0.4716,False,0.0,0.2112,0.8712,34.8,0.0,0.3008970534881915,0.14497384734967347,1.963666799115655,0.4636410296040019,2.1224983130016586,1.0240289036906227,0.26684523948688893,0.32732199488425234,0.40699148225355264,0.8151462520317723,0.05
3496,0.57075,False,0.0,0.18150000000000002,1.0,10.0,0.0,0.25407383069191186,0.08066954102053998,1.7177154872111255,0.0657691061034979,1.5927000000000002,0.08963375480252975,0.1016288725411831,0.020838362259943892,2.2800071413884327e-242,0.0,0.05
3497,0.5894,False,0.0,0.20500000000000002,1.0,6.55,0.0,0.30674017740423815,0.027536244002366046,1.768447048291644,0.05616616387372009,1.5784,0.1438577074751299,0.11645142446357501,0.023704016878742892,5.261353398484662e-231,0.0,0.05
3498,0.5995,False,0.0,0.199,1.0,0.0,0.0,0.2733126880981629,0.013612908961604062,1.7436736456172632,0.04548302463849939,1.5719999999999998,0.06915345255299986,0.10241357531604381,0.0019565544129469528,1.8846622122901765e-242,0.0,0.05
3499,0.5995,False,0.0,0.199,1.0,0.0,0.0,0.29172562816840386,0.021497738203524158,1.7377860932028,0.039553929184438286,1.54028125,0.048634215466711324,0.10461745132353453,0.008937027273794862,1.4854079228937225e-242,0.0,0.05
3500,0.5491,False,0.0,0.24100000000000002,0.869,2.95,0.0,0.37082505307649904,0.12807339284159341,1.912101927956315,0.3066340273638098,2.016612187944097,1.0522121553782375,0.26197331532535506,0.28987726309970857,0.36393008703067325,0.7217435056777622,0.05
3501,0.54785,False,0.0,0.24099999999999996,0.9347,20.0,0.0,0.3419869626416373,0.06940476499053007,1.8696054866658975,0.1990847295722382,1.885199776943106,0.9519878634910661,0.2218555050440306,0.2341864217594742,0.18102042792866863,0.5430612837860058,0.05
3502,0.49310000000000004,False,0.0,0.21880000000000002,0.8634000000000001,24.0,0.0,0.31018254596318134,0.10936141608687293,1.8905872992645218,0.2911932161443668,1.9278850629975135,0.778060187812719,0.25056806890103467,0.2934928434409595,0.3414500188074789,0.6885425926746725,0.05
3503,0.43710000000000004,False,0.0,0.2808,0.7310000000000001,34.4,0.0,0.39671055760655,0.117788236172087,2.1331868127896696,0.3837922383248742,2.4636112641039682,1.171453436537382,0.39803132072105785,0.32017436100080127,0.6912545037558883,0.8493632744033761,0.05
3504,0.5708,False,0.0,0.18160000000000004,1.0,10.0,0.0,0.25063676819585723,0.06869598246226778,1.7133148602745554,0.04531037865182055,1.5580453231811524,0.06327554030122587,0.09900159460191546,0.018051439943504097,2.1467343370024366e-242,0.0,0.05
3505,0.6035,False,0.0,0.20700000000000002,1.0,0.0,0.0,0.30393488406670693,0.022049441127958643,1.768530778159261,0.031759742751437114,1.5962308700561523,0.058036709815964274,0.1100661478630437,0.009609107615485316,1.4969028660610808e-236,0.0,0.05
3506,0.5990000000000001,False,0.0,0.201,1.0,0.75,0.0,0.3019599097952991,0.043805059442361745,1.770905552574059,0.08242809926022841,1.5607000000000002,0.041453709122345146,0.11230346830270337,0.021401608771389708,9.102104974024333e-238,0.0,0.05
3507,0.5995,False,0.0,0.199,1.0,0.0,0.0,0.2846984661346083,0.017213796610837672,1.7239357510785165,0.0353083313485559,1.541,0.04937610758251399,0.10326699265723942,0.0018219172227306331,2.2436946675863796e-242,0.0,0.05
3508,0.4783499999999999,False,0.0,0.22899999999999995,0.9501,55.6,0.0,0.36253936184207836,0.13060701338021422,1.8329400170405836,0.31374118933691497,1.6420555555555558,0.33803317555792967,0.22443066438009263,0.23669577382159943,0.0799000000000001,0.23970000000000027,0.05
3509,0.5421499999999999,False,0.0,0.2043,1.0,30.0,0.0,0.26511566963748817,0.13396837840401,1.7788007600080369,0.23422804203140077,1.5124277777777781,0.03369227161630194,0.14063708083691276,0.14360306738698345,0.0010000000000002984,0.003000000000000895,0.05
3510,0.5995,False,0.0,0.199,1.0,0.0,0.0,0.27784862676566524,0.01653791119648698,1.7211691458224787,0.044150385260751976,1.5374,0.06789874814751745,0.10173984506911338,0.0005687462357869091,2.0566134366928403e-242,0.0,0.05
3511,0.5995,False,0.0,0.199,1.0,0.0,0.0,0.28076169666316936,0.013155647481795112,1.726520064545897,0.03695386060835359,1.5527,0.0620049191596925,0.10637624508782655,0.009157501947555354,2.3017195177571847e-242,0.0,0.05
3512,0.5400999999999999,False,0.0,0.23129999999999998,0.9289,20.0,0.0,0.3104822563198381,0.11269633958925451,1.8692983189961805,0.22755824746875142,1.889465306986542,0.7783750404701157,0.22485927733826744,0.21481070476632275,0.15806530698654217,0.4741959209596266,0.05
3513,0.5382,False,0.0,0.18040000000000003,1.0,26.0,0.0,0.2534682466771728,0.10938946375942753,1.7449681674739057,0.10593253213985585,1.5289,0.03577555031023283,0.11030697754835983,0.042675431123283064,9.064983614353596e-219,0.0,0.05
3514,0.57075,False,0.0,0.18150000000000002,1.0,10.0,0.0,0.2507378081467325,0.0667414008045048,1.7117105807828779,0.048581165147964185,1.5647,0.06754265319041003,0.09714180692201588,0.016614403666219708,2.5774367144448854e-242,0.0,0.05
3515,0.5995,False,0.0,0.199,1.0,0.0,0.0,0.2852029383926834,0.015655104921326112,1.7249727443675664,0.034390770599297474,1.5626444580078138,0.06855625146404934,0.10209593923565499,0.0010189695899168213,0.003600000000000463,0.010800000000001388,0.05
3516,0.5181,False,0.0,0.2156,0.8606,10.0,0.0,0.3216351539871073,0.1387761250911327,1.862631232269792,0.2657676489348395,2.038151038597055,0.9681078772720795,0.24958422038350614,0.27767803015289266,0.26281530158482475,0.5464512362671028,0.05
3517,0.4808,False,0.0,0.27490000000000003,0.8867,50.0,0.0,0.40313498075935916,0.16847960533544273,2.0074052492947327,0.36400303972483045,2.0419251066106963,0.8077792369156513,0.3388865911369778,0.3289181961734532,0.40009994985407465,0.6967791991725993,0.05
3518,0.57085,False,0.0,0.18170000000000003,1.0,10.0,0.0,0.2570325967869679,0.07292258864755752,1.7082863691753534,0.05873628121270999,1.5349,0.05559037686506542,0.09688931319198353,0.015774661624031183,1.5763097334159067e-242,0.0,0.05
3519,0.56355,False,0.0,0.2071,1.0,20.0,0.0,0.3139426529714291,0.09622853384738093,1.7680338806644353,0.09728670155958791,1.5565000000000002,0.04767651413431982,0.13627799843922322,0.06868030523165941,3.266050416850483e-202,0.0,0.05
3520,0.5922499999999999,False,0.0,0.2245,1.0,10.0,0.0,0.30593613817605203,0.0332020478608698,1.8136133732840594,0.08644472837204598,1.5522000000000002,0.04485710646040382,0.14004104519777233,0.06924583936772656,2.361411884036492e-208,0.0,0.05
3521,0.5422,False,0.0,0.1963,0.9281,10.0,0.0,0.2791285847481741,0.08347326383068411,1.7861660678305689,0.2398011512658206,1.77730286355932,0.7631347374905253,0.16721888046757033,0.20194956325385283,0.15882688227056432,0.476480646811693,0.05
3522,0.52625,False,0.0,0.20210000000000003,0.9304,20.0,0.0,0.2972997628961473,0.10231774699837046,1.84473638000824,0.2901755699778981,2.052515725852805,1.3828798835646996,0.18489835402869212,0.2196671227093927,0.19999999710026692,0.5999999913008008,0.05
3523,0.5995,False,0.0,0.199,1.0,0.0,0.0,0.28759451577442113,0.031854347379049186,1.7394083981342827,0.044852731631285885,1.5518,0.0544,0.10650696933573514,0.010580831359857833,2.844031738647336e-242,0.0,0.05
3524,0.5995,False,0.0,0.199,1.0,0.0,0.0,0.2925823574843001,0.018647974550963932,1.7340743961570482,0.045511422832170786,1.5760999999999998,0.07264220536299815,0.10246248532418678,0.0010492305377773135,2.641055828591493e-242,0.0,0.05
3525,0.45835,False,0.0,0.1757,0.861,30.0,0.0,0.25199807942305613,0.1438158023025754,1.850977799425935,0.3167793000710831,1.927605092354705,0.7995181970972514,0.2325231470970111,0.29697901002659444,0.372111144529051,0.7454796187892484,0.05
3526,0.57085,False,0.0,0.18170000000000003,1.0,10.0,0.0,0.24221624834306038,0.06787168876189191,1.737836106402293,0.05324728772800497,1.5554251738866172,0.06529936814551607,0.097019531001656,0.015505126570425963,2.679314142135779e-242,0.0,0.05
3527,0.4109500000000001,False,0.0,0.29640000000000005,0.6839000000000001,39.6,0.0,0.35994678150551035,0.17538259792966635,2.2179728780698413,0.4267402012548939,2.6968271750514856,1.132352575844204,0.5275445572834988,0.3660125732465083,0.8932226982012624,0.9028673161788469,0.05
3528,0.5249499999999999,False,0.0,0.35990000000000005,0.8019999999999999,28.0,0.0,0.40997787230298055,0.13384563354945736,2.2962726078352995,0.5654958425790495,2.651276240004094,1.3730586186961227,0.49241423481478075,0.4098534352118337,0.7013315315735759,0.880168353245503,0.05
3529,0.5161499999999999,False,0.0,0.24169999999999997,0.8705999999999999,20.0,0.0,0.336987503549424,0.060529234423248444,1.963442692819799,0.4157770928654111,2.1461004363009786,1.2167026220682928,0.26928519630626047,0.29519480060163095,0.2829631761491954,0.6301536255968941,0.05
3530,0.4254,False,0.0,0.231,0.8154,48.9,0.0,0.32619192445868495,0.17551836483638475,2.022911623552683,0.47109058290824524,2.0864830321056544,0.913911157264344,0.34445424347292464,0.3711285045439195,0.43535966129459147,0.7130493686788557,0.05
3531,0.4923,False,0.0,0.1983,0.8663000000000001,20.0,0.0,0.2629784532625439,0.1284442835085123,1.8831283505265677,0.36675466771414605,2.0369504651078816,0.964613614637787,0.23620992475884445,0.2894485670662255,0.39308364172788196,0.7874063917130935,0.05
3532,0.57105,False,0.0,0.1821,1.0,10.0,0.0,0.25485914324827996,0.06721451883469777,1.73643796163182,0.05625289422635169,1.5462555555555562,0.05222844052812729,0.09793927607785066,0.015334454745335435,0.010600000000000435,0.03180000000000131,0.05
3533,0.5995,False,0.0,0.199,1.0,0.0,0.0,0.2820582990669799,0.015802625569488582,1.740042869859368,0.04567921735905513,1.530711111111112,0.0413477931696477,0.10307704901099901,0.0021498916516593533,0.0017000000000006708,0.003742993454443735,0.05
3534,0.48069999999999996,False,0.0,0.2638,0.8016,26.0,0.0,0.3852507744563869,0.13164204159258347,2.0528458951549284,0.44390726177643397,2.2578905327771652,1.0143375103397922,0.3583504727471866,0.35100567722218057,0.5188378367668636,0.7932237326903432,0.05
3535,0.5458999999999999,False,0.0,0.19960000000000003,0.9321999999999999,10.0,0.0,0.2839149093573606,0.08607180650005752,1.8427199657180267,0.29712689955382604,1.7575541640935106,0.5728736563013259,0.1640952845128564,0.1961829508720711,0.17156320378099307,0.48638174160477393,0.05
3536,0.54655,False,0.0,0.20380000000000004,0.9292999999999999,10.0,0.0,0.29183004654263406,0.07944887268539627,1.8201417556937969,0.23434406089392373,1.7520756209830726,0.6046844927430276,0.17043634343541658,0.19899469775305978,0.15620001734518085,0.4686000520355426,0.05
3537,0.6005,False,0.0,0.201,1.0,0.0,0.0,0.29012549076919913,0.02264399448252435,1.7254205957899604,0.04511201413278917,1.6072000000000002,0.07673565012430664,0.10516544006139558,0.004998253730785566,1.952924511163535e-238,0.0,0.05
3538,0.57075,False,0.0,0.18150000000000002,1.0,10.0,0.0,0.2727990995464097,0.08117647613326893,1.7251461577667526,0.06165489385335246,1.6032011917114257,0.09519507515595844,0.09716956682851205,0.016778446869123116,1.8798034454647533e-242,0.0,0.05
3539,0.54215,False,0.0,0.16430000000000003,1.0,20.0,0.0,0.24007059044431195,0.09576332893089305,1.702861666136176,0.06051842873817186,1.5608,0.07200944382509843,0.09083657872449764,0.02103317604366523,1.6691545459670734e-242,0.0,0.05
3540,0.5916,False,0.0,0.22319999999999998,1.0,10.0,0.0,0.31397627849346843,0.03129199895391176,1.7962242129696786,0.07999166860930734,1.5598999999999998,0.07121158613596529,0.1389964573132735,0.04443346085462123,7.664989465350573e-218,0.0,0.05
3541,0.53935,False,0.0,0.25349999999999995,0.8892,16.0,0.0,0.3598984978263216,0.1709984766937345,1.9726307284957443,0.41862995305531886,1.986677244516045,0.8660966914027753,0.2839364818708042,0.3368069513056031,0.3753923579519203,0.7567776848952562,0.05
3542,0.5995,False,0.0,0.199,1.0,0.0,0.0,0.2835237049240068,0.015095706264877903,1.7077824458897957,0.04073836404252906,1.5732,0.028593006137865265,0.10168871343303973,0.001258668594405618,1.580058717906531e-242,0.0,0.05
3543,0.38644999999999996,False,0.0,0.3529,0.62,50.0,0.0,0.42401066110325863,0.1045108065709469,2.3695479119232834,0.42019032051371497,2.911682542248626,1.1563936972431512,0.6205880021047884,0.3335573319317187,1.039076977847973,0.8619533087648189,0.05
3544,0.59165,False,0.0,0.2233,1.0,10.0,0.0,0.30768638685246363,0.04081324050107339,1.7966538609100184,0.0742816251157162,1.5543000000007072,0.045596162120820294,0.1336521317335333,0.06101138922116194,1.672217808632401e-199,0.0,0.05
3545,0.50525,False,0.0,0.2604,0.9292999999999999,44.8,0.0,0.36817797099733357,0.12315407559261332,1.9689687359364119,0.2718997320123554,1.7791836176783924,0.7290374326623618,0.26664814041567253,0.18883959753515422,0.05,0.15000000000000002,0.05
3546,0.46080000000000004,False,0.0,0.3173,0.6107,1.6,0.0,0.38385473802869524,0.11039711148574426,2.288217612203461,0.4681526129327934,2.892083899198865,1.1692391463765763,0.5621869350391477,0.36187419660006065,0.9444872662281879,0.8636837852589414,0.05
3547,0.49840000000000007,False,0.0,0.2338,0.8542,22.8,0.0,0.3121707682505012,0.09699339922972486,1.956123080694421,0.36512095586388227,1.9559558165939603,0.6765450260821051,0.2635699100596848,0.23098077602816527,0.4112681398573265,0.6671724220748102,0.05
3548,0.6005,False,0.0,0.201,1.0,0.0,0.0,0.28743185400904914,0.02041876561443929,1.7548014861593006,0.047658927717720276,1.5373,0.049610583548271255,0.10480091023632679,0.005724822897312142,3.856167932482331e-237,0.0,0.05
3549,0.49894999999999995,False,0.0,0.2138,0.8593,18.8,0.0,0.3104531188407639,0.10535029660417888,1.8850938574338811,0.37024865846954796,2.242860444398947,1.5265535183624923,0.24927324795269654,0.2724985440422506,0.37033297147483235,0.7436307522894812,0.05
3550,0.5995,False,0.0,0.199,1.0,0.0,0.0,0.27633305643096207,0.019597454334469203,1.7214137439300259,0.046193879589255936,1.5493999999999999,0.05130146196747222,0.10297558027948812,0.002461956261802437,3.512637292952981e-242,0.0,0.05
3551,0.597,False,0.0,0.23399999999999999,1.0,10.0,0.0,0.3337241596099336,0.052680551074410525,1.8178309378721296,0.15856487121496732,1.5502,0.06766210165225436,0.15412562145952569,0.09844324455063326,1.6172698277649593e-174,0.0,0.05
3552,0.5354,False,0.0,0.2383,0.8724999999999999,10.0,0.0,0.33374615819981795,0.12171475958064203,1.9348571625172934,0.3836673801314391,2.0562133488017,0.9390508559033597,0.26479329692602316,0.2993634948691312,0.3121272588972481,0.624412506228364,0.05
3553,0.5995,False,0.0,0.199,1.0,0.0,0.0,0.30096959111002664,0.018591156763706027,1.7064795749977892,0.04752388552079434,1.5643,0.06931673679566865,0.1021856771320615,0.0015486383448238504,1.9742844994825647e-242,0.0,0.05
3554,0.4858,False,0.0,0.30820000000000003,0.7929999999999999,32.4,0.0,0.4140427559521836,0.10384786010267574,2.0981412036634444,0.2665471589266277,2.1382615642486202,0.9326446305966664,0.4142907451726689,0.2905087454027139,0.49251213489208895,0.7527292063440759,0.05
3555,0.5995,False,0.0,0.199,1.0,0.0,0.0,0.2779305854765216,0.012467020566778984,1.7232205400720289,0.08608424692195685,1.6041999999999998,0.12285178061387649,0.11547277093761307,0.04286110831955883,1.4598002208872969e-242,0.0,0.05
3556,0.53305,False,0.0,0.24899999999999997,0.9371,30.0,0.0,0.314632044619203,0.13551337941379304,1.9131981383466523,0.3003924101334594,1.7678379148747148,0.603498557696711,0.2411761382745472,0.2574409091844176,0.168051267095221,0.504153801285663,0.05
3557,0.50545,False,0.0,0.275,0.7359,0.0,0.0,0.3377046966201333,0.07530256765333722,2.072826951797336,0.38732146598633305,2.433362117175421,1.1253268127852403,0.39089182073294876,0.34707450196693496,0.6589780028240412,0.8081156162570867,0.05
3558,0.4665000000000001,False,0.0,0.1913,0.8617000000000001,30.0,0.0,0.2589303338334254,0.11611415366480125,1.8923861454932003,0.3410684118551912,2.2120295677910478,1.4391273521594863,0.2382821596945365,0.29682311455996746,0.3569701887403898,0.7203948023720682,0.05
3559,0.463,False,0.0,0.2894,0.7502000000000001,28.4,0.0,0.3629292698859808,0.07556562506657998,2.1319654892723663,0.4532028359862958,2.2968833955118306,0.9094792023183993,0.4075649848186022,0.34685916038346043,0.570127798160246,0.7353705156022966,0.05
3560,0.5995,False,0.0,0.199,1.0,0.0,0.0,0.29603792085774516,0.010262182135557591,1.6897870301375115,0.04956463261103925,1.5896000046248235,0.07578548743292596,0.10253055226421906,0.001391905995148436,1.0327322337704348e-242,0.0,0.05
3561,0.49284999999999995,False,0.0,0.2727,0.873,40.0,0.0,0.34601409664634425,0.12237408605896871,2.069298217122664,0.4203317793090265,2.2128889662987454,1.4358801553741378,0.34840961208792864,0.31702432287994814,0.35740070069854035,0.7211202558155416,0.05
3562,0.5029,False,0.0,0.23679999999999998,0.9289999999999999,40.0,0.0,0.30892957401801346,0.14936399210027088,1.8809247472432005,0.22366373367504322,1.7697326682811625,0.6570688164425401,0.2375125961568405,0.2025734221719712,0.19299933494782923,0.5789980048434877,0.05
3563,0.43825000000000003,False,0.0,0.26139999999999997,0.8007,46.4,0.0,0.31594913284181436,0.10639052824403272,2.057211298855472,0.4107189526351875,2.3910471376254376,1.2302912109553528,0.359630667933424,0.32818622706084216,0.38407300690582247,0.6604875274597908,0.05
3564,0.5357,False,0.0,0.22190000000000004,0.9295,20.0,0.0,0.2988762286409875,0.09306915881165194,1.8457154134529639,0.27719567241879645,1.7566845768520096,0.7041805779458544,0.20039940896434638,0.21393751146803092,0.20558457685200962,0.6167537305560288,0.05
3565,0.56285,False,0.0,0.21500000000000002,0.9107,0.0,0.0,0.3188403073423491,0.04212728965048961,1.8349620869828893,0.20425073480224853,1.9273626496923661,0.7374048932496368,0.1907478041982828,0.1961142745391165,0.12980000000000097,0.26801559656109814,0.05
3566,0.47154999999999997,False,0.0,0.198,0.8651,30.0,0.0,0.2510200638593682,0.1157221526463085,1.899194683932135,0.371936854872193,1.9316274387116539,0.760002695605257,0.23051404867230363,0.2829150353657892,0.32960025704755885,0.6599587062135576,0.05
3567,0.5645,False,0.0,0.1738,1.0,11.2,0.0,0.2661717866998749,0.10139073415293853,1.729925110080634,0.05887912190585228,1.5743,0.08781121796217158,0.10592076059262936,0.023056450471213207,3.7057203947743137e-237,0.0,0.05
3568,0.5025000000000001,False,0.0,0.29359999999999997,0.8026,22.8,0.0,0.3784267714589274,0.06522049070120563,2.0822793794218137,0.3370378150329965,2.138120636634445,0.9507243485438366,0.38817361526460936,0.3089757332695525,0.32315716846748455,0.5982414864473232,0.05
3569,0.57085,False,0.0,0.18170000000000003,1.0,10.0,0.0,0.27052492966928765,0.08125467407011584,1.714634250387927,0.06015632927656985,1.5935000000000001,0.07968092619943624,0.0977266872884415,0.015819184050151428,1.8609158070950462e-242,0.0,0.05
3570,0.5634,False,0.0,0.18160000000000004,0.9852000000000001,10.0,0.0,0.26472786110594415,0.08314233437051335,1.722058475453648,0.1013871737746422,1.686555555555557,0.3268827516607992,0.11764930937329858,0.06493750277469583,0.07990000000000086,0.23970000000000255,0.05
3571,0.46869999999999995,False,0.0,0.23900000000000002,0.8583999999999999,40.0,0.0,0.3342526745636776,0.10271094163645214,1.9342057368898247,0.29012627799013896,2.17927662432924,1.0738435706436427,0.2744542630706717,0.2617120336374528,0.24998882611157608,0.6020472510644147,0.05
3572,0.5125500000000001,False,0.0,0.2083,0.9446,31.95,0.0,0.30094018631315966,0.1941569820807765,1.915285929247111,0.42061175210543134,1.787140309197381,0.6921452573392352,0.23869340326588614,0.28993718621203174,0.16481337059412504,0.4944401117823752,0.05
3573,0.5343,False,0.0,0.21340000000000003,0.9352,20.0,0.0,0.31658350804522917,0.10968638447650483,1.8718937664665827,0.26644361860703136,1.8354921883072268,0.5621149809262364,0.20279315827960284,0.1988925746442748,0.23207278772053813,0.5283298649901912,0.05
3574,0.5139,False,0.0,0.14780000000000001,1.0,30.0,0.0,0.22054497864072253,0.10553883827397105,1.6899703998264244,0.08078010388021904,1.5656555813259576,0.06787914151582496,0.08658410958164561,0.022921610674237453,0.0034000000000003324,0.010200000000000998,0.05
3575,0.5995,False,0.0,0.199,1.0,0.0,0.0,0.27845581845414974,0.016126738954018078,1.7280627942093276,0.05128802781433475,1.5640000000000005,0.058923679450625016,0.10243754027266465,0.0008347998435652323,3.861078024845671e-242,0.0,0.05
3576,0.5995,False,0.0,0.199,1.0,0.0,0.0,0.27803181690697065,0.013906226034305462,1.7375453366220146,0.042916229691265975,1.5263000000000002,0.03664164297626405,0.10231135681154072,0.001224398946234942,2.328366482313695e-242,0.0,0.05
3577,0.5247499999999999,False,0.0,0.2319,0.8592000000000001,10.4,0.0,0.3216733521708138,0.1126727535946905,1.949168950426055,0.3141729873049381,2.2195295420454095,1.2533576528779728,0.2852153336020679,0.28420793460904453,0.38822299335205657,0.7882593633728148,0.05
3578,0.4725,False,0.0,0.22149999999999997,0.8035,20.0,0.0,0.29847835251603266,0.09087882943415904,1.9388104348904847,0.33354046424918965,1.950277071695951,0.701966222758914,0.30287674561986555,0.28293913070685,0.3149207985554666,0.5186323075984881,0.05
3579,0.5528500000000001,False,0.0,0.23500000000000001,0.8707,0.0,0.0,0.37144043858287984,0.1321189378210987,1.9144437600054858,0.30060126815395516,1.9638347353753791,0.907588272037269,0.26062630040531787,0.30596273667778706,0.1789000174311884,0.36033999447488846,0.05
3580,0.5142499999999999,False,0.0,0.299,0.8094999999999999,20.0,0.0,0.44345509464838617,0.14408940139706006,2.1419871320836883,0.45041208411125433,2.0787352928341853,0.6987865271315413,0.4247264969079427,0.3587967203283364,0.4801654547030008,0.6418663896227759,0.05
3581,0.47735000000000005,False,0.0,0.2412,0.8747,40.3,0.0,0.33602945923171046,0.12201395151908809,1.940638908534322,0.36338825435492567,2.0463555740263515,1.1552377393560558,0.2996832702230323,0.33044015363247625,0.19647190958572053,0.40140875649046837,0.05
3582,0.5367,False,0.0,0.25880000000000003,0.9346,30.0,0.0,0.3572054707492518,0.057132593045744307,1.897652785978351,0.254575555599051,1.8221539816938814,0.8144889834997519,0.23292351532218922,0.21982693826647565,0.1785619864830057,0.5356859594490171,0.05
3583,0.55345,False,0.0,0.219,0.9279,10.0,0.0,0.320138815389218,0.0400658504674117,1.8059597681808797,0.19936606134285464,1.8317596258707352,0.9173525338923098,0.18422094465498456,0.20181527393339396,0.15915605756887685,0.47746817270663056,0.05
3584,0.4513999999999999,False,0.0,0.2184,0.8572,43.2,0.0,0.28827382806871016,0.14674676750816248,1.9161362367022599,0.31589453904089904,2.05899017832285,0.9421254907928045,0.2621575234002861,0.26020654017115447,0.33747637478507897,0.6766447810553216,0.05
3585,0.4039000000000001,False,0.0,0.2722,0.8108000000000001,68.8,0.0,0.3615841676840651,0.11882846370817317,2.042848149500965,0.4116861694981012,2.409820247421546,1.3618210615468112,0.37712792930173594,0.3294543491494633,0.5924898083998457,0.908227390445648,0.05
3586,0.5455000000000001,False,0.0,0.21100000000000002,1.0,30.0,0.0,0.30123639202886865,0.09890644937054792,1.795921966993155,0.1042320384329288,1.5604,0.061976124435140355,0.1373609985649796,0.07203737981581466,2.551602478685401e-204,0.0,0.05
3587,0.47875000000000006,False,0.0,0.19480000000000003,0.8427,20.0,0.0,0.2785930794206594,0.12470143215906204,1.9172664972891382,0.3121003558781185,1.963591477244164,0.7503333164008585,0.24904017041856297,0.2685062009986003,0.33922149270747537,0.5787299759235905,0.05
3588,0.52525,False,0.0,0.3106,0.8679,32.0,0.0,0.4166033673515511,0.09751838895261182,2.1090196708038644,0.40269843190857724,2.1644276387718735,1.2070356138361231,0.37071824724424873,0.32164419636387964,0.3699120372117912,0.7406468444909968,0.05
3589,0.5914499999999999,False,0.0,0.23089999999999997,1.0,12.0,0.0,0.3435953420608249,0.05207271692644923,1.8229716876439288,0.14325882666452353,1.5513002003505827,0.04752300838991381,0.15990570917790523,0.08264422491598539,1.429064572820284e-199,0.0,0.05
3590,0.44179999999999997,False,0.0,0.2687,0.7333000000000001,29.6,0.0,0.3302158906292396,0.1316015152286976,2.112350513092239,0.4545638852994829,2.351948269698621,1.03374351769894,0.40809420541600633,0.346084390610803,0.6749255550552883,0.8402403029080886,0.05
3591,0.57175,False,0.0,0.18350000000000002,1.0,10.0,0.0,0.28118673578979353,0.08393928223993317,1.7325242316840075,0.04959668263964094,1.5357999999999998,0.03292051032411253,0.10107714750682448,0.019220638535818468,2.18846481184587e-239,0.0,0.05
3592,0.54725,False,0.0,0.17450000000000004,1.0,20.0,0.0,0.233569506664196,0.1037710907039879,1.7272245300758997,0.11583491452468901,1.5501999999999998,0.050761796658510834,0.10469848614573399,0.03612281763543758,4.4384814664043224e-219,0.0,0.05
3593,0.57075,False,0.0,0.18150000000000002,1.0,10.0,0.0,0.2531660739764702,0.06533603090985898,1.703761264883277,0.06545391860050287,1.5558,0.07921843219857364,0.0962399652827367,0.016233376573461532,1.347578794877885e-242,0.0,0.05
3594,0.5419999999999999,False,0.0,0.164,1.0,20.0,0.0,0.2375078676635753,0.10186520994213233,1.7228792647789226,0.07570898771693657,1.5761,0.11768300641978868,0.09861998057907789,0.03469145581543096,1.502981230652149e-242,0.0,0.05
3595,0.53375,False,0.0,0.227,0.8596999999999999,4.8,0.0,0.3115851058085314,0.04715283822138232,1.886231369954957,0.313868858984744,1.9670381960162444,0.7777473539136975,0.2253995127346565,0.24378541977922036,0.3388237872891589,0.6786477510391122,0.05
3596,0.45730000000000004,False,0.0,0.27379999999999993,0.7944,38.4,0.0,0.35440756974955023,0.13016061955516373,2.0448876726547294,0.3416891620090006,2.2712800695762927,1.05538384390189,0.3647425756995092,0.27910071422516186,0.5926134029096255,0.9068131722960758,0.05
3597,0.5484500000000001,False,0.0,0.2345,0.9312000000000001,17.2,0.0,0.3137606356237093,0.05994814578832401,1.8328711014450145,0.2265432123722961,1.7636835777116047,0.6188874718908136,0.197533167841822,0.2124975126367332,0.16452738807754796,0.4935821642326439,0.05
3598,0.5995,False,0.0,0.199,1.0,0.0,0.0,0.28032688476597645,0.01862358759201964,1.7325619041419447,0.03953077323289949,1.5359,0.03483805390661197,0.1038355697715301,0.0013264819022177248,2.867927237421775e-242,0.0,0.05
3599,0.53035,False,0.0,0.22139999999999999,0.9320999999999999,23.2,0.0,0.3084035774648134,0.09650417781922849,1.8406537934807576,0.24825975564499023,1.7424776757081741,0.5626126167144581,0.1924673336313602,0.20020472385823213,0.16681885269371136,0.5004565580811341,0.05
3600,0.5995,False,0.0,0.199,1.0,0.0,0.0,0.28749007349459105,0.010541934893405549,1.7310277117744852,0.04529542673947108,1.5493,0.045937022106357736,0.10402317553703447,0.002282530006011244,2.40055445271338e-242,0.0,0.05
3601,0.57275,False,0.0,0.21500000000000002,0.9305,0.0,0.0,0.3279048933638317,0.07201975279670701,1.784028899909347,0.18558515791035374,1.7453258729897065,0.5707372664907476,0.17892528688292092,0.20593530309300362,0.21040365076748402,0.5643944770129207,0.05
3602,0.51895,False,0.0,0.22030000000000002,0.8576,10.0,0.0,0.3174425160708424,0.061916995931906374,1.8430468455156155,0.25031489811315283,2.320344865156978,1.5196374749205335,0.2465502350413685,0.286900252142826,0.35038191477741315,0.7094920807536098,0.05
3603,0.4830999999999999,False,0.0,0.26739999999999997,0.742,10.8,0.0,0.35146723289971105,0.11843349833394225,2.141187990048035,0.478396860727459,2.6198623598779163,1.3611173752907315,0.42470773449485205,0.37975218027287105,0.6202522144507532,0.8556099991944003,0.05
3604,0.5231999999999999,False,0.0,0.2407,0.8633,14.4,0.0,0.33120183892351795,0.1104743415011096,1.9671651433127875,0.3449786088473333,1.8775560702915688,0.7022866021175296,0.30411841216665914,0.30426082562370793,0.3002842377249289,0.6753007363060493,0.05
3605,0.49579999999999996,False,0.0,0.2613,0.8199,22.4,0.0,0.376129602328377,0.22652549042111167,2.0929144140780123,0.5039826977692626,2.1061968587332216,0.8567972575082354,0.3658209741531768,0.3758135891461336,0.5234779334410726,0.8041953223995286,0.05
3606,0.44,False,0.0,0.2492,0.7908,40.0,0.0,0.3254535891604537,0.09640519492191277,1.9552682997950597,0.33190225614225377,2.1418648232264497,0.8506979039327364,0.34569693280532265,0.29761688054026375,0.37253262518804153,0.6374714633759853,0.05
3607,0.4885,False,0.0,0.19280000000000003,0.8642,20.0,0.0,0.32408834344644405,0.20329314454011146,1.8245262463561591,0.27039352837820796,1.9429083014069062,0.8290607240712596,0.2440335147399284,0.30991811088376103,0.3413406934938057,0.6830142886956215,0.05
3608,0.54525,False,0.0,0.18160000000000004,0.9489000000000001,10.0,0.0,0.27411759179568734,0.08439001162531783,1.742531350417955,0.14737337476438886,1.650255555555556,0.33552328781571544,0.13806134365197903,0.12512777077283704,0.07990000000000028,0.23970000000000077,0.05
3609,0.46165000000000006,False,0.0,0.28400000000000003,0.7353000000000001,24.0,0.0,0.3576424599516702,0.08266491349724614,2.1049673126638258,0.39704228367801514,2.582224762749429,1.3396659799796136,0.4079172935472647,0.3418665136186552,0.6109453754316443,0.8452619750691165,0.05
3610,0.5945,False,0.0,0.229,1.0,10.0,0.0,0.3150168151141866,0.0387791790151156,1.7967562008419198,0.1627152995686578,1.5412,0.046318031046235095,0.1404794724095865,0.10220782514858291,2.7784484080563035e-164,0.0,0.05
3611,0.4493,False,0.0,0.2061,0.8588999999999999,41.6,0.0,0.27377568306687255,0.11431420376305163,1.9101391849021767,0.37362364923435487,1.9120922802020779,0.6881417670855988,0.24015381220716883,0.2547045957581955,0.32883840971169276,0.6576801089906031,0.05
3612,0.45959999999999995,False,0.0,0.29229999999999995,0.8839,64.25,0.0,0.3863328659323058,0.18457928294598663,2.093438215831005,0.4158359052737472,2.0056899440880156,0.9765006716124861,0.38345361911988357,0.3202129233273427,0.34185699348419823,0.6858259860611157,0.05
3613,0.51505,False,0.0,0.2811,0.8690000000000001,30.0,0.0,0.37171201058012354,0.13939870585171582,2.024516712289567,0.4045689466005282,2.0834421589806373,1.0402546429770456,0.33380283085463003,0.31202208592100344,0.34792797991114754,0.6961529223801134,0.05
3614,0.6135500000000002,False,0.0,0.273,0.9893000000000001,8.8,0.0,0.33601068822122093,0.1581419645845798,1.8865477478368267,0.49256198187734723,1.769660631062259,0.679908878970375,0.20913693752604762,0.31869543210321766,0.1722272977289252,0.5166818931867756,0.05
3615,0.5166,False,0.0,0.21459999999999999,0.8682000000000001,12.4,0.0,0.2922789750432971,0.0914030370625663,1.8856086118577071,0.37649404989361723,2.0954266620810036,1.083450963843048,0.23918581598189412,0.28618667645644363,0.21090000047924717,0.463621927073548,0.05
3616,0.57085,False,0.0,0.18170000000000003,1.0,10.0,0.0,0.2723895141890046,0.07344157369018188,1.7310786567421637,0.04816494028653522,1.5512000000000001,0.04789321455070648,0.09697275624950666,0.016025272903051297,1.3572962094924065e-242,0.0,0.05
3617,0.5995,False,0.0,0.199,1.0,0.0,0.0,0.2900635324639607,0.0216202826035555,1.7347078088212544,0.04868341173007492,1.5602,0.0732281366689062,0.10260346575449089,0.0015952725974246746,2.4076328913272046e-242,0.0,0.05
3618,0.5423,False,0.0,0.1646,1.0,20.0,0.0,0.24405174978275807,0.10157522927777463,1.6934471853514015,0.06378772530452649,1.5645,0.08228639012619283,0.09353359379538846,0.02088093284114202,5.876584772203318e-243,0.0,0.05
3619,0.58205,False,0.0,0.2077,1.0,10.9,0.0,0.3181045934401054,0.05447163498762364,1.760379236142749,0.08745930460174474,1.5226000000000002,0.03127682848371939,0.12214502739367057,0.03458103710995445,2.2131618335193282e-222,0.0,0.05
3620,0.4770999999999999,False,0.0,0.23819999999999997,0.8055999999999999,22.4,0.0,0.32672490804780574,0.14070557624624414,1.998082739650528,0.41869836400899346,2.324961472143266,1.2421841164853682,0.33635765539081086,0.369646494088164,0.5027418476152417,0.7697211428639185,0.05
3621,0.5995,False,0.0,0.199,1.0,0.0,0.0,0.29475280709058693,0.021248995779423407,1.7407221747320398,0.06769490580795379,1.6103555555555567,0.16782207509410096,0.10854171805337472,0.01235912003683814,0.04120000000000086,0.1236000000000026,0.05
3622,0.59745,False,0.0,0.23490000000000003,1.0,10.0,0.0,0.33113980645283075,0.061094863014990494,1.816345643256735,0.18812938961180242,1.5852,0.07203443620935752,0.15459043787079488,0.08658191506511981,1.5329355399871313e-182,0.0,0.05
3623,0.573,False,0.0,0.18600000000000003,1.0,10.0,0.0,0.287184461433803,0.0816310184829733,1.7155991097218344,0.052463950578152285,1.5926,0.12651023673995718,0.1037793037631348,0.020744417685060537,4.206340331934258e-231,0.0,0.05
3624,0.48950000000000005,False,0.0,0.179,1.0,50.0,0.0,0.2788403895544024,0.16023475515301194,1.7559114637413362,0.14669061447528328,1.5804,0.06578176038994399,0.14283102057629524,0.09801629290157567,1.1162551906942548e-188,0.0,0.05
3625,0.48630000000000007,False,0.0,0.20750000000000002,0.8579000000000001,23.2,0.0,0.2854376751942409,0.09093498017137977,1.8620248440708989,0.2692478330810848,1.9263657556472669,0.7577773369989289,0.2246053281241353,0.248764368569572,0.32029448116613235,0.6415741456172338,0.05
3626,0.55425,False,0.0,0.2452,0.8633,0.0,0.0,0.3252879801500299,0.05315200436693251,1.9348089497227619,0.30793938172444907,1.9460607262683283,0.8262524668549664,0.2583300042303377,0.26845572740476215,0.32752336484010636,0.6552320149840526,0.05
3627,0.4967000000000001,False,0.0,0.18460000000000001,0.9288000000000001,30.0,0.0,0.2810318960080516,0.12656960580717372,1.8173420801392215,0.2379873420407036,1.8110642333253053,0.7065197128883605,0.17269831566785837,0.20376119747439742,0.20656423332530513,0.6196926999759155,0.05
3628,0.54225,False,0.0,0.1645,1.0,20.0,0.0,0.23047193611956654,0.09406859847764833,1.6948612317135627,0.07379054981584005,1.5622777777777785,0.10607756596001061,0.09275765639238878,0.021432213326194167,0.02100000000000058,0.06300000000000175,0.05
3629,0.57125,False,0.0,0.18250000000000002,1.0,10.0,0.0,0.28157211159482365,0.07618616552717428,1.703718949963837,0.04657808700536964,1.5944,0.07677395391667675,0.10097938513563695,0.013413085325451506,2.1050527447162014e-242,0.0,0.05
3630,0.5149,False,0.0,0.2092,0.9294,27.2,0.0,0.2975716937284048,0.09280570515841,1.8127394370402368,0.190628184216612,1.8003041030742601,0.6637432400321195,0.19992404389388246,0.23435817902038628,0.16670864289771536,0.5001259286931462,0.05
3631,0.5143499999999999,False,0.0,0.2165,0.9321999999999999,30.0,0.0,0.27274365505850695,0.11286438407568128,1.8806171062925472,0.2851403442531777,1.7528734977020186,0.4919683976603575,0.20594653874650382,0.2154603087168469,0.16306013525787466,0.489180405773624,0.05
3632,0.5995,False,0.0,0.199,1.0,0.0,0.0,0.28601955799874695,0.013875305156223757,1.7106589341602465,0.038319265720352304,1.5415,0.06351102266536113,0.10672922075193889,0.01366300369684356,1.9294673709566198e-242,0.0,0.05
3633,0.57115,False,0.0,0.18230000000000002,1.0,10.0,0.0,0.27837512908673095,0.07393440966710184,1.7149009517483624,0.04982157092734831,1.559344444444445,0.08348719795407272,0.09796750971438088,0.015494976191783917,0.01800000000000054,0.054000000000001616,0.05
3634,0.5703,False,0.0,0.18280000000000002,1.0,10.55,0.0,0.2793132858036918,0.0808716613381475,1.7279893980444399,0.08598509406759408,1.5739,0.09848903492267552,0.1045759459490702,0.020774858102871024,2.6093349268643194e-242,0.0,0.05
3635,0.5995,False,0.0,0.199,1.0,0.0,0.0,0.28938299700694026,0.011627249681622449,1.7300702442869373,0.0426615072749893,1.5230000000000001,0.03256992477731564,0.10305517887131373,0.0031790504919285098,2.6742823074307448e-242,0.0,0.05
3636,0.52055,False,0.0,0.1842,0.9369,20.0,0.0,0.26206738388278566,0.11435660858291098,1.7962669168072067,0.3205321134748233,1.8103773181701317,0.8751081239095564,0.17546205271857135,0.24553039713185154,0.16457342085094226,0.4937202625528268,0.05
3637,0.5408499999999999,False,0.0,0.2333,0.9283999999999999,20.0,0.0,0.30385263319702943,0.08680053637114722,1.84216240989423,0.214320067545307,1.8600047129548123,0.9186486438662425,0.22436451923714543,0.21089457374442028,0.15191883281431692,0.45575649844295074,0.05
3638,0.5660499999999999,False,0.0,0.2121,1.0,20.0,0.0,0.2961835440393458,0.09924635308770727,1.790215421262772,0.1655817350088586,1.5664000000000005,0.09428170554248641,0.14797725518968805,0.11207440575641893,1.5793650638643286e-177,0.0,0.05
3639,0.5995,False,0.0,0.199,1.0,0.0,0.0,0.2787533906855682,0.010743055834335057,1.7436099194120385,0.05654003283639366,1.535,0.04714445884724947,0.10244405093157014,0.0010209802532802287,2.661645297650469e-242,0.0,0.05
3640,0.5042499999999999,False,0.0,0.22399999999999998,0.9285,36.0,0.0,0.2913279966060728,0.09497074026426888,1.825223143950962,0.2223477152377376,1.8051080936420196,0.6893266883980387,0.2086298625451677,0.2028236219967385,0.15220581658701543,0.4566174497610462,0.05
3641,0.5995,False,0.0,0.199,1.0,0.0,0.0,0.29176471853147723,0.010719525074451052,1.7406849832309887,0.056256607839744545,1.5544999999999998,0.0524771378792708,0.1036761559048387,0.0026146770521663634,2.522739132442685e-242,0.0,0.05
3642,0.47125,False,0.0,0.2332,0.9339000000000001,56.15,0.0,0.3338387190868678,0.15544070970467372,1.9001097178663842,0.3013247041100416,1.7195224935141709,0.3975505526950342,0.25678528092005204,0.23384582903488738,0.07980012273616247,0.2394003682084874,0.05
3643,0.52915,False,0.0,0.16710000000000003,1.0,27.2,0.0,0.2538254388236062,0.10653319088387855,1.703794279400095,0.08083777252425658,1.6099999999999999,0.06036886614804026,0.09806817395794339,0.026496204182616657,7.862727282061472e-237,0.0,0.05
3644,0.5421,False,0.0,0.1642,1.0,20.0,0.0,0.2321259188221601,0.09526183023697955,1.684406723001917,0.05191864818673587,1.5234,0.03404761371961329,0.09169673516773362,0.021550838895925652,2.1695959307775615e-242,0.0,0.05
3645,0.56245,False,0.0,0.20329999999999998,1.0,19.6,0.0,0.3058552578711911,0.10040024291246469,1.760186161462057,0.12797781880296627,1.5635,0.06037756205743986,0.13186098719402123,0.0718285987621812,2.070798146167524e-199,0.0,0.05
3646,0.5421,False,0.0,0.1642,1.0,20.0,0.0,0.2433940666735767,0.09407542185712872,1.706379052021712,0.06934025478828873,1.5946000017907882,0.0877236574717866,0.09188125071233466,0.021558674174148574,1.640077646228775e-242,0.0,0.05
3647,0.57125,False,0.0,0.18250000000000002,1.0,10.0,0.0,0.2552949227630834,0.06390469600110092,1.711294700310967,0.050895064383568556,1.5298000686009725,0.03324996281926857,0.0977768432868025,0.013137091374277139,1.291343643124656e-242,0.0,0.05
3648,0.44975000000000004,False,0.0,0.2683,0.7432000000000001,28.0,0.0,0.32329234895639447,0.11252756690507335,2.113812922047875,0.4823156620206534,2.411295275452741,1.051931707584408,0.38834625371646314,0.35635773003397553,0.5751581562892824,0.7937517519957169,0.05
3649,0.5705,False,0.0,0.21100000000000002,0.93,0.0,0.0,0.31122331667038944,0.050375833032558215,1.8203106630254093,0.2128772266146592,1.8062772593452394,0.7861959286233138,0.18022242332305588,0.23155646378818545,0.1500140360738879,0.4500421082216638,0.05
3650,0.5708,False,0.0,0.18160000000000004,1.0,10.0,0.0,0.2671373198335726,0.06668768674728251,1.7282922489476,0.065708699316692,1.5817949759589303,0.04959181554924493,0.098292854992272,0.012349259650869747,2.8232216565669065e-242,0.0,0.05
3651,0.4309,False,0.0,0.26680000000000004,0.7374,35.6,0.0,0.36579176748816083,0.16075884771468604,2.088397161563009,0.4125209312403522,2.346996812345823,0.9586874479290525,0.4096446045690416,0.3466185870990239,0.6898187021978142,0.8486972329857515,0.05
3652,0.54235,False,0.0,0.1647,1.0,20.0,0.0,0.24393047004176963,0.09333117941234273,1.7117790216838848,0.06319643297061593,1.5481000000003928,0.05984889305544602,0.09237610667897957,0.020887834849898188,1.3887761311988062e-242,0.0,0.05
3653,0.5372499999999999,False,0.0,0.2243,0.9301999999999999,20.0,0.0,0.29761426758572485,0.09941036463756828,1.8766780852639642,0.21899630298594128,1.824526490031488,0.6386599472180183,0.2230337782947079,0.2320321579881714,0.23548296281083866,0.5098043556913505,0.05
3654,0.5417500000000001,False,0.0,0.19550000000000003,0.9280000000000002,10.0,0.0,0.27311429021591427,0.08101734157895318,1.7854589148772284,0.1711566978382432,1.8456834986927546,0.8232019821461763,0.16920899887218369,0.2085736437033238,0.1598317952651943,0.4794953857955829,0.05
3655,0.52165,False,0.0,0.23209999999999997,0.9296,29.6,0.0,0.32664538037550944,0.11753258426262918,1.8550429151883219,0.2574779316223506,1.7937229306323441,0.7319520917794908,0.22703050181369785,0.2297368781670411,0.16254507047828032,0.4876352114348409,0.05
3656,0.39974999999999994,False,0.0,0.2404,0.7990999999999999,60.0,0.0,0.2969141242905012,0.17579957228610862,2.0834267387209233,0.466613301365853,2.4997036355960693,1.4906997382692584,0.3722104468796986,0.3379791662941974,0.5474649860991257,0.84272508627204,0.05
3657,0.47454999999999986,False,0.0,0.24899999999999997,0.8600999999999999,40.0,0.0,0.3289148475772644,0.11188364746423693,1.971552100392716,0.3328177691047391,2.110518147692398,1.0894258451475838,0.2871028204767613,0.26421474226313924,0.3963085484781316,0.7942876844039508,0.05
3658,0.57355,False,0.0,0.21500000000000002,0.9320999999999999,0.0,0.0,0.28464089562933415,0.03032021330006416,1.8307579738028033,0.23698148884301995,1.7370711875570257,0.5750027224328444,0.16700396865326667,0.1940368209715095,0.1603186530295448,0.4809559590886344,0.05
3659,0.5759,False,0.0,0.219,0.9328,0.0,0.0,0.3018383993823982,0.01803392440672848,1.7952612389402838,0.15285881000347906,1.8197150692297661,0.750083147737893,0.17860059999112393,0.21383991321760393,0.21361715198075276,0.6408514559422582,0.05
3660,0.47309999999999997,False,0.0,0.285,0.6612,0.0,0.0,0.3447328567932876,0.06859015753419054,2.119534357757325,0.41312237691235043,2.5591686569474867,1.0530434890098652,0.44276638646272043,0.3419930746714316,0.7078606055021716,0.78359501086809,0.05
3661,0.5995,False,0.0,0.199,1.0,0.0,0.0,0.2790814666609432,0.010718390248650001,1.722915717544489,0.047754363422981394,1.5394999999999999,0.044437034104449415,0.10311759922048296,0.0019143116878658762,1.95889017927926e-242,0.0,0.05
3662,0.5595999999999999,False,0.0,0.2279,0.9312999999999999,10.0,0.0,0.31816061683428154,0.03945520172812888,1.8118786675707526,0.211736647532029,1.8012314487846812,0.7152545119643718,0.1827220063623812,0.16688874631457978,0.059000000000000406,0.14942891286494733,0.05
3663,0.5995,False,0.0,0.199,1.0,0.0,0.0,0.2913054263263941,0.01647133556175698,1.716690612502821,0.045083019649492115,1.5782000000000136,0.07498773233004943,0.10239225400064064,0.0012839303657921494,2.0624450455708884e-242,0.0,0.05
3664,0.49424999999999997,False,0.0,0.22849999999999998,1.0,60.0,0.0,0.3302267690261106,0.15848193467704122,1.844534576245589,0.17507988709446046,1.597438552347819,0.11117839111154636,0.1899780093910767,0.1174227703647016,1.7920095324759367e-194,0.0,0.05
3665,0.37949999999999995,False,0.0,0.2365,0.7224999999999999,50.0,0.0,0.3109797865565905,0.10902083138521457,2.0737524725503285,0.4565823781412727,2.653504204421741,1.4992330374410634,0.3628191905576183,0.330639061889324,0.7463503540333678,0.9191882583333907,0.05
3666,0.516,False,0.0,0.20749999999999996,0.9301,26.4,0.0,0.2731188644537602,0.09707699121348923,1.822000516860832,0.26964378911760317,1.8048736198096482,0.7962876806100923,0.1767146177033076,0.1797666464339521,0.0508000000000003,0.14975232886336018,0.05
3667,0.4294,False,0.0,0.3014,0.671,28.4,0.0,0.3754676006621581,0.09764450053146943,2.204086230960728,0.4426977303596976,2.7159254107314967,1.209455941475707,0.49887017920124566,0.37236705369326484,0.8445142253966841,0.845874813812937,0.05
3668,0.58465,False,0.0,0.22519999999999998,0.9440999999999999,0.0,0.0,0.3132247461229823,0.06639758451185013,1.8491313745041444,0.3637043790610405,1.816177011780916,0.8170292391673246,0.19054826672826572,0.26323059412227745,0.15889662724252207,0.4766898817275662,0.05
3669,0.48064999999999997,False,0.0,0.22079999999999997,0.8605,30.0,0.0,0.29468882017138254,0.09888898938480696,1.9092959370397327,0.30669138859608847,2.171657352202977,1.393074382978475,0.24752691383287478,0.26077302385328344,0.36323095211182876,0.731099658596185,0.05
3670,0.5485500000000001,False,0.0,0.21710000000000002,1.0,30.0,0.0,0.30470006757495055,0.10564867952684523,1.7680060642634057,0.16121713022520212,1.5203,0.03725869026146785,0.15396950145912874,0.10717082159860178,1.9279358723632183e-181,0.0,0.05
3671,0.5995,False,0.0,0.199,1.0,0.0,0.0,0.2877758641810061,0.020758978343975047,1.7109370341549535,0.037928179701084315,1.5481,0.07469598382778016,0.1051227426416114,0.011019565434161646,1.0716480765341313e-242,0.0,0.05
3672,0.5733,False,0.0,0.217,0.9296,0.0,0.0,0.31104963637219535,0.05387635204080299,1.8187842841636102,0.23355449976463705,1.7026670787215885,0.5516219974744085,0.1780566889042328,0.18967182533231175,0.17804457070852858,0.5341337121255857,0.05
3673,0.52895,False,0.0,0.20529999999999998,0.9326000000000001,20.0,0.0,0.2916502944033127,0.08822966645553527,1.80563276098385,0.23413499986714628,1.7289554249873142,0.5570318413162456,0.17276908586899667,0.18954190897465448,0.1711763082701206,0.5135289248103617,0.05
3674,0.4730999999999999,False,0.0,0.3095,0.7967,40.0,0.0,0.3636388575589519,0.13674981811508063,2.1842707562728814,0.36893725433979874,2.178029941786123,0.9940164297478844,0.41486241937871104,0.2788814553013666,0.2761018849479376,0.5057489847373471,0.05
3675,0.4882,False,0.0,0.24610000000000004,0.8103,20.0,0.0,0.3327508013723469,0.11778549674729213,2.055997993280658,0.517103238686249,2.365549792815923,1.1897360925808644,0.3192873801804179,0.3348264098682408,0.4332302699780227,0.7237979459775096,0.05
3676,0.49405000000000004,False,0.0,0.2064,0.8649000000000001,20.8,0.0,0.2670389998573321,0.11130056372352091,1.8610135285215499,0.34537597770362227,2.029572320586889,0.8517946456313774,0.23856376131942394,0.2859303780717676,0.21020685246808032,0.4722567899006048,0.05
3677,0.48665,False,0.0,0.16720000000000004,0.9292999999999999,30.8,0.0,0.2210848164688101,0.1271337956100407,1.7927704281802845,0.22380678602122098,1.7434656782847537,0.5463578483891577,0.15422346109616691,0.191067023416886,0.15623900068083485,0.4687170020425045,0.05
3678,0.5708,False,0.0,0.18160000000000004,1.0,10.0,0.0,0.2578021475133682,0.06377286249526323,1.746216850411765,0.0690037316470065,1.5394059677322705,0.054433084670799735,0.09696069883057085,0.01602379179455099,1.692085816144791e-242,0.0,0.05
3679,0.5128,False,0.0,0.257,0.807,9.6,0.0,0.36573448752326276,0.12512772616639925,2.0248898675784885,0.41652271595038076,2.3228376476704446,1.2548187573038467,0.3312854257876975,0.3486163934579351,0.3723585210323983,0.6256676174548538,0.05
3680,0.5995,False,0.0,0.199,1.0,0.0,0.0,0.29110276489747045,0.02371745016961744,1.718216983076531,0.05450129094068056,1.611333333333334,0.10263332792032101,0.10428631602344304,0.002608239778745555,0.014600000000000491,0.04380000000000146,0.05
3681,0.5172,False,0.0,0.2488,0.8656,20.0,0.0,0.32876051129080963,0.04405487143267679,1.9368821834558319,0.33535899507125183,1.9947883597498248,0.8739824776187969,0.2624571221568568,0.2746047395316893,0.3154384220195498,0.6316322909261389,0.05
3682,0.46265,False,0.0,0.2536,0.7887,29.25,0.0,0.3170177450442525,0.03940405484121115,1.9985060872311255,0.3300282620524092,2.433828106589152,1.2923462678514988,0.31414856010082437,0.28403895347186864,0.5252933171994101,0.8075365348111172,0.05
3683,0.48955,False,0.0,0.3264,0.8126999999999999,40.0,0.0,0.38418759378430045,0.06270058650621736,2.212530829299161,0.4212842291383522,2.198694608821127,1.0002149059506862,0.41783618868597294,0.3073673994840674,0.5297801084008003,0.8099223871891258,0.05
3684,0.3635,False,0.0,0.2773,0.6817,58.0,0.0,0.3298728248446097,0.16929055668588108,2.263907118481618,0.5380567874032636,2.772597351664979,1.272788291819802,0.5094133514996887,0.4018391501742756,0.8534158865078962,0.9229664616994279,0.05
3685,0.5511,False,0.0,0.2525,0.9297000000000001,20.0,0.0,0.34106732542242746,0.05684470703213985,1.881156766617903,0.1773067733153767,1.7347201433586936,0.5534796299089921,0.23214611577537964,0.20039967488319943,0.1861199539671518,0.5583598619014555,0.05
3686,0.5059499999999999,False,0.0,0.2701,0.8618,30.0,0.0,0.36983610521467697,0.07140428507296649,2.0460150382992173,0.37354551796629915,2.1101828976305885,1.156149363951632,0.29399774069734125,0.2617804237433642,0.38105384841860873,0.7627390401514932,0.05
3687,0.5995,False,0.0,0.199,1.0,0.0,0.0,0.27699481889652466,0.013152068646616952,1.713599321800902,0.03992072404087791,1.555,0.06468539247774573,0.10253075142565678,0.0011215612636241302,2.9738545531513186e-242,0.0,0.05
3688,0.43585,False,0.0,0.2528,0.7325,28.4,0.0,0.34165990811090097,0.1306550508671689,2.053906156548822,0.40048342610286786,2.4229998941609767,1.0558123797441037,0.39647816426461213,0.373043652919221,0.7400508365447579,0.9099695549096926,0.05
3689,0.4955,False,0.0,0.2745,0.8045,22.0,0.0,0.3583281618006044,0.1565357470535428,2.0757220457230674,0.4173972173898411,2.2415781092763325,1.0344256176612907,0.3903416450095925,0.3472231970075996,0.5411868333469663,0.8365200335415975,0.05
3690,0.5995,False,0.0,0.199,1.0,0.0,0.0,0.2834742520532715,0.015314500013851585,1.72476242736894,0.039197229126125104,1.5425999999999997,0.07872128047739065,0.10189890391138992,0.001302276740373564,1.8714028226934678e-242,0.0,0.05
3691,0.5139,False,0.0,0.20380000000000004,1.0,44.0,0.0,0.2920376764590238,0.14821469411018373,1.7942629085888804,0.16525874010417815,1.5466,0.04211223100240593,0.150892130581442,0.10955368235660194,6.169394766014911e-180,0.0,0.05
3692,0.5442,False,0.0,0.2582,0.8702,10.0,0.0,0.34110484738480207,0.1276415050151158,1.9984645253432014,0.36595319527622416,2.0827015120988586,1.1538895388009662,0.32701645830659015,0.3216388571927205,0.40514206792960694,0.8127434486296592,0.05
3693,0.5619999999999999,False,0.0,0.18150000000000002,0.9824999999999999,10.0,0.0,0.26705253412871643,0.07774079357276839,1.7229456099730367,0.13067886280901939,1.6782111111111124,0.3303121772572831,0.1252475157239691,0.07073744748763605,0.07980000000000084,0.23940000000000253,0.05
3694,0.48629999999999995,False,0.0,0.2218,0.7908,10.0,0.0,0.319359215569864,0.139913613780464,1.9145712415826626,0.3436328759842762,2.3199244018254137,1.227854850688656,0.3032558794623356,0.31999078024627875,0.5330107214150888,0.8182819425292679,0.05
3695,0.5332999999999999,False,0.0,0.2711,0.8755,20.0,0.0,0.38912119641594745,0.1164943121293386,2.0002877798229965,0.3870466579067346,2.02531018047536,0.8814302922106533,0.3017389269360163,0.30733329289386896,0.22898750862699738,0.5106207016193488,0.05
3696,0.41115,False,0.0,0.27,0.7315,44.8,0.0,0.3418953702485247,0.13170596206187835,2.148997632852577,0.43381927367023493,2.6480096772669564,1.400251823419876,0.3948035501675291,0.3231643514409288,0.36886956417173555,0.6279188843409974,0.05
3697,0.5934999999999999,False,0.0,0.2692,0.9305999999999999,3.2,0.0,0.3597883303786586,0.05308587182095277,1.9297767290862193,0.29566931200961083,1.7271244325713482,0.5658946164286339,0.24260132651080463,0.19049845497756285,0.16535313880560737,0.4960594164168221,0.05
3698,0.57095,False,0.0,0.1819,1.0,10.0,0.0,0.26563930952702164,0.07609736007529176,1.7480583087768626,0.08660228160116426,1.559333333333334,0.05423836280715084,0.10179696857570555,0.019015138700528778,0.01100000000000044,0.03300000000000132,0.05
3699,0.6015,False,0.0,0.20299999999999999,1.0,0.0,0.0,0.2968968780483948,0.03184069760658955,1.754741304608467,0.048561478050648116,1.5285,0.05009640705679394,0.10720014842852447,0.01013360472554177,8.39763304488639e-233,0.0,0.05
3700,0.5353500000000001,False,0.0,0.231,0.8669,6.8,0.0,0.32017072290009335,0.11338609416137341,1.9088494690538294,0.32903933349311804,2.026363861854795,1.0287582231202206,0.24923461612007425,0.2955111536867503,0.2606029235070465,0.5694667106360497,0.05
3701,0.5533,False,0.0,0.22969999999999996,0.9297000000000001,13.2,0.0,0.333970877522654,0.04232488656547333,1.888397237647102,0.30227936897700036,1.8179959328091901,0.7762839330118093,0.18654342631235873,0.17621330386711723,0.05,0.15000000000000002,0.05
3702,0.44270000000000004,False,0.0,0.21070000000000003,0.7947,30.0,0.0,0.279921473926338,0.12821408234285278,1.9295742930969073,0.34384058217856706,2.4546083634481857,1.4983047998469878,0.30331469159640523,0.3319672076269499,0.5703871820828363,0.882363719733777,0.05
3703,0.5222999999999999,False,0.0,0.2254,0.8591999999999999,10.0,0.0,0.29534628932586715,0.09950153917642422,1.9089263080154288,0.2953658823461514,2.1009816064044413,1.1037514061928142,0.24652341001785558,0.2502333121259387,0.41993542133812695,0.8398784012407438,0.05
3704,0.47185,False,0.0,0.2762,0.7987,32.8,0.0,0.35708001960191005,0.15064873581946567,2.0653760512793498,0.35695406313347355,2.3029463608768608,1.1681861019982012,0.3801474706845095,0.3169509296675966,0.4326215589626955,0.7096308062605096,0.05
3705,0.5573499999999999,False,0.0,0.2254,0.9292999999999999,10.0,0.0,0.33236454062003307,0.04777950707846234,1.8616962489558784,0.2404864789778688,1.7452759378112694,0.49895362191621245,0.186912082487316,0.20285215744784546,0.16710791786559936,0.501323753596798,0.05
3706,0.4635,False,0.0,0.19870000000000002,0.8691000000000001,35.2,0.0,0.2958990568616322,0.15492808635695857,1.8944979614839241,0.4305594156638804,2.159977775459081,1.3079982724884187,0.24364649404323266,0.30791187218533456,0.3676159166885862,0.7411617549643151,0.05
3707,0.5995,False,0.0,0.199,1.0,0.0,0.0,0.2833871255074495,0.0122950539323581,1.7316609021490232,0.044682267740230826,1.5581000000000014,0.07548834347103095,0.10318656377113675,0.004436737444392448,1.8315147332503022e-242,0.0,0.05
3708,0.57095,False,0.0,0.1819,1.0,10.0,0.0,0.24632540340434206,0.06365001335905225,1.690260774763043,0.06632997328668773,1.5286890625000005,0.05556824195671627,0.0977353950790617,0.015497334709369513,0.002800000000000324,0.008400000000000973,0.05
3709,0.54245,False,0.0,0.1649,1.0,20.0,0.0,0.2414939218333474,0.1018060560487698,1.6986307337060427,0.07051051418425933,1.5332000000000083,0.0397537419622287,0.09210215022720214,0.01961770053897733,1.0221629963312965e-242,0.0,0.05
3710,0.54245,False,0.0,0.1649,1.0,20.0,0.0,0.2276079732395735,0.10056674962995087,1.7000454815987152,0.05883179751591798,1.5746,0.0968733193402601,0.09136836449134736,0.02001345645965231,1.1339007131547008e-242,0.0,0.05
3711,0.58815,False,0.0,0.21630000000000002,1.0,10.0,0.0,0.2973356361351029,0.049703224919640576,1.748105996505106,0.08353894487720226,1.5582,0.06669902548013727,0.12823801346094557,0.06891930032181132,1.7123510332406017e-196,0.0,0.05
3712,0.5144500000000001,False,0.0,0.21480000000000002,0.9341000000000002,30.0,0.0,0.3139313995897321,0.10071021420531695,1.8130487064098115,0.27462945170534353,1.736873419056027,0.6136897309035425,0.19220214890275117,0.21849488886075943,0.17069444550038207,0.5120833365011462,0.05
3713,0.6015,False,0.0,0.203,1.0,0.0,0.0,0.29056306318169006,0.014545063723013445,1.747539035307297,0.02254000831686943,1.5744,0.07749348359700965,0.1059139442208185,0.006315994334914174,7.865172167200319e-237,0.0,0.05
3714,0.4670500000000001,False,0.0,0.2693,0.8648,50.0,0.0,0.3532158562885795,0.11439674310776286,1.9749545550550516,0.3320756128032776,2.0587303730307225,0.9973345290621054,0.33003670529312107,0.29248228022384576,0.2780604757189062,0.585610895564763,0.05
3715,0.54785,False,0.0,0.20350000000000001,0.9321999999999999,10.0,0.0,0.27932329547425727,0.10095294692226117,1.7873904668728429,0.24046188984918662,1.6852712838019606,0.4650388652449958,0.16380951114107445,0.19241792244122924,0.15079705635568025,0.4523911690670408,0.05
3716,0.5115,False,0.0,0.1745,0.9285,20.0,0.0,0.2648307694529601,0.10733264714496195,1.7751802440695053,0.21882413325414066,1.7702732594209032,0.6306432758569847,0.1605002538184203,0.2082901520962558,0.1727174996106986,0.5181524988320958,0.05
3717,0.58065,False,0.0,0.23279999999999998,0.9285,0.0,0.0,0.30610375936979983,0.027806548002031115,1.861446838173975,0.22789716138031457,1.752487581252407,0.5483969853722248,0.2017146836717077,0.2065674143340704,0.18157551458285162,0.4841227219047143,0.05
3718,0.36395,False,0.0,0.3033,0.6886,66.0,0.0,0.3710145503043869,0.17272492138142645,2.264874337233001,0.5203879314366638,2.497056949130332,0.9521079985912796,0.5336268770221211,0.38041285681717274,0.8726720759316577,0.8782475986494525,0.05
3719,0.5708,False,0.0,0.1816,1.0,10.0,0.0,0.26737227164019456,0.08132345584765055,1.7202667519020474,0.06244408642356458,1.53570027458883,0.04238693728156943,0.09758708996414638,0.01624325842727264,1.2109459961006495e-242,0.0,0.05
3720,0.5422,False,0.0,0.16440000000000002,1.0,20.0,0.0,0.2483794304582704,0.10671151189156357,1.7000943607433925,0.05923705912565728,1.5829777777777785,0.1013007842461714,0.09604860337252,0.023883738213201187,0.024600000000000618,0.07380000000000185,0.05
3721,0.5133,False,0.0,0.20659999999999998,0.86,10.0,0.0,0.3062256948326906,0.10933446166347612,1.8348709573695916,0.24560461889793758,1.8684511662531065,0.7237026841163859,0.24027004349273212,0.28154049827704947,0.23180002093155289,0.4913493805742259,0.05
3722,0.5995,False,0.0,0.199,1.0,0.0,0.0,0.29133737431166973,0.013874993114055868,1.718685209304659,0.036401157885914456,1.5307,0.027488361173412974,0.10277188819904551,0.0012920907207820784,2.2978478206536732e-242,0.0,0.05
3723,0.5194499999999999,False,0.0,0.286,0.8568999999999999,26.0,0.0,0.35739141880511305,0.06590505820866846,1.974305105861698,0.25160748815538403,1.9262427291346849,0.8172920840019552,0.3165465734068812,0.2655129793541751,0.30381493320912584,0.6076429167119147,0.05
3724,0.5557,False,0.0,0.19140000000000001,1.0,20.0,0.0,0.2901715739945756,0.08108265064928662,1.7728144950108977,0.08977586863206646,1.557,0.07002285341229676,0.11205698558281725,0.04608115249481861,4.752728854793032e-213,0.0,0.05
3725,0.5641999999999999,False,0.0,0.2303,0.9237,6.4,0.0,0.34140388662544896,0.03813240870915638,1.8532733007841464,0.27089265961792725,1.9023765921086615,0.7815858134014689,0.20586843686517806,0.1923647370721686,0.12990000000000088,0.26826496230406455,0.05
3726,0.5752999999999999,False,0.0,0.23059999999999997,1.0,20.0,0.0,0.33129848289384156,0.0575462291542288,1.8209214831445055,0.10474144885532277,1.5927000000000002,0.07533664447000543,0.149985645150447,0.08322500979426375,7.013789825502519e-193,0.0,0.05
3727,0.5873,False,0.0,0.21300000000000002,1.0,9.6,0.0,0.33641178876208755,0.048785506749587725,1.756030256130525,0.05750332374862913,1.5751862847606342,0.1040610772671109,0.12646238985364552,0.029767727512054507,8.645163361241186e-225,0.0,0.05
3728,0.4549,False,0.0,0.2783,0.7915000000000001,40.0,0.0,0.36307220175731325,0.14185381800402605,2.060327413164655,0.33292674424373814,2.3999194882473662,1.3098805885029046,0.3850834820526213,0.3055153941542879,0.3726275392933446,0.6377135650407183,0.05
3729,0.5855,False,0.0,0.23569999999999997,0.9353,0.0,0.0,0.3350625319817218,0.06660705329006111,1.8931173082608759,0.2879029612226475,1.7683206741471973,0.584691079149051,0.20665813085891438,0.23905420629533927,0.17193768601829074,0.5158130580548722,0.05
3730,0.53455,False,0.0,0.29059999999999997,0.8585,20.0,0.0,0.3545666553498624,0.07912070420987233,2.0139147312482066,0.2722811591298605,2.0385865902557763,0.9982844543319197,0.3369089905717587,0.2727913757169874,0.3315470618004386,0.6632884453076554,0.05
3731,0.54625,False,0.0,0.17250000000000001,1.0,20.0,0.0,0.24225399545918003,0.10533295262701722,1.742215437033653,0.08748886169295286,1.5974,0.0778064264697975,0.10241105415206339,0.032272933738068596,4.412820720944361e-231,0.0,0.05
3732,0.46995,False,0.0,0.2072,0.9327,50.0,0.0,0.2920400826921775,0.13896073743046194,1.8785234616523236,0.3257302870273889,1.9615166571015628,1.270115396690988,0.21287593031251845,0.22317967697952568,0.20269981682378485,0.5991535292018878,0.05
3733,0.5995,False,0.0,0.199,1.0,0.0,0.0,0.28622520607396557,0.015777555055835904,1.7028976934708282,0.04357403667170156,1.5829,0.09733699194037183,0.10169077265317986,0.001135089494344099,1.989121267377631e-242,0.0,0.05
3734,0.5135000000000001,False,0.0,0.147,1.0,30.0,0.0,0.22450331504776805,0.11701132853572108,1.665603228689238,0.05222680597305591,1.5424,0.036943741012517926,0.08673455892612089,0.02382603277206818,9.71633808442059e-243,0.0,0.05
3735,0.5995,False,0.0,0.199,1.0,0.0,0.0,0.2916574249092242,0.03633233607915669,1.7319188022039658,0.04823184624962677,1.5268000000000002,0.04940000000000001,0.10539086427192643,0.009000089320435669,2.603956048635945e-242,0.0,0.05
3736,0.45245,False,0.0,0.1709,0.9292,48.8,0.0,0.229076041295109,0.1145642243152691,1.7782028055586572,0.17730113369339331,1.8384487075226488,0.9043370637729099,0.1730747255550598,0.21297548982067818,0.20766967106065842,0.6230090131819753,0.05
3737,0.5250500000000001,False,0.0,0.20560000000000006,0.9133000000000001,17.2,0.0,0.283568877157558,0.08302946362631337,1.8309729792732443,0.24489183274154896,1.862945645900514,0.6720850554582578,0.19623693531880723,0.1880578557542102,0.26143811876312123,0.5665015949539239,0.05
3738,0.5425499999999999,False,0.0,0.22499999999999995,0.8600999999999999,0.0,0.0,0.33111001023418973,0.08778689885423213,1.858724677629875,0.27223647092449454,2.056872035987073,1.025921046659546,0.2650564487715597,0.28900141427429965,0.3689724429304582,0.7383549341040089,0.05
3739,0.5718,False,0.0,0.18360000000000004,1.0,10.0,0.0,0.27022150064861045,0.0757719331632994,1.7190383575537684,0.04920422713879578,1.5426,0.056942427064535936,0.09880722756050174,0.01769735292163057,1.7611974439384814e-237,0.0,0.05
3740,0.43435,False,0.0,0.2576,0.8654999999999999,63.6,0.0,0.3201227448176167,0.1515561565588511,2.0128461148138586,0.3932969578473765,1.9849256498897354,0.9116114428413484,0.31367759722148675,0.2578879442543126,0.2599970274734572,0.6311806882199786,0.05
3741,0.5995,False,0.0,0.199,1.0,0.0,0.0,0.2961914398530512,0.033660316466066965,1.7251211544813878,0.05153825219187804,1.600222352430557,0.16200327187601327,0.11025082560383784,0.014914486156170631,0.038200000000000955,0.11460000000000287,0.05
3742,0.54235,False,0.0,0.1647,1.0,20.0,0.0,0.253145020382286,0.10861347781525851,1.7309055374877744,0.09283550614960559,1.5821,0.0691251763108059,0.09648749736534681,0.026682192449215013,1.5048722568109063e-242,0.0,0.05
3743,0.5139,False,0.0,0.17830000000000004,0.9295,20.0,0.0,0.2545307675748703,0.10885064267460604,1.7687566231900078,0.2198724882950511,1.721563963133588,0.5360339847548443,0.15887591274473406,0.20316908248717666,0.1573000257277502,0.4719000771832506,0.05
3744,0.5039000000000001,False,0.0,0.2372,0.9306000000000001,40.0,0.0,0.33919711572647343,0.11607861649283954,1.8623804252589344,0.17318001289142165,1.772385092378504,0.5752410827383317,0.23612776050176426,0.21747618573499683,0.1831640723475127,0.549492217042538,0.05
3745,0.5279499999999999,False,0.0,0.3197,0.7762,10.0,0.0,0.38623964849650994,0.1339169491716587,2.202699026302822,0.5194204293052354,2.5125489904555818,1.1503922441494223,0.4345737055828239,0.39490536076370564,0.5510618713395462,0.747629996580634,0.05
3746,0.45875,False,0.0,0.24559999999999998,0.8718999999999999,50.0,0.0,0.3297404164769029,0.12368245153516948,1.9873033441514363,0.3513644136482055,1.9676067499593557,0.7350587219676286,0.27445204033405346,0.2608866135990317,0.33699466385018273,0.6752982566175891,0.05
3747,0.49255,False,0.0,0.2041,0.861,20.0,0.0,0.2662684848244987,0.12027537334947033,1.901597394129654,0.31441995917596277,1.9793863578226465,0.906507242824051,0.21903978176981695,0.23308681784809318,0.20970094247942486,0.48586976136759796,0.05
3748,0.5995,False,0.0,0.199,1.0,0.0,0.0,0.27842529864613474,0.016033500617142798,1.741654249835538,0.044496759820099464,1.5646,0.07220692487566552,0.10327516211669914,0.0027360914696936377,2.1174618795254896e-242,0.0,0.05
3749,0.56945,False,0.0,0.20900000000000002,0.9299,0.0,0.0,0.2981166923414256,0.036149354268059056,1.8017035658703997,0.24889089142146995,1.7832602861028088,0.7486300884259092,0.1634257915117064,0.18188937881379302,0.23075226540751811,0.6922567962225544,0.05
3750,0.5512,False,0.0,0.21280000000000002,0.9296,10.0,0.0,0.2778021060371591,0.08931100218086128,1.855643213681379,0.23146916260628708,1.8604674965704149,0.6280854775965663,0.19224668417416554,0.18539711006371226,0.2197515856581461,0.490657311082969,0.05
3751,0.5434,False,0.0,0.1668,1.0,20.0,0.0,0.2419480583587656,0.11093088623375535,1.7115409751507547,0.06556479726789939,1.5449,0.06880617704828544,0.09532103623114532,0.021998829015649986,3.905165223628003e-237,0.0,0.05
3752,0.5508,False,0.0,0.2124,0.9292,10.0,0.0,0.3160517696453797,0.05468295166241465,1.7732894608020295,0.19416905525005265,1.9123794605621818,1.1641034373261878,0.17145259030331847,0.1994195419962404,0.21867421764466916,0.6560226529340074,0.05
3753,0.38985,False,0.0,0.24259999999999998,0.6571,30.0,0.0,0.31897967338698463,0.11727899388835895,2.1076468655556466,0.36120757515164004,2.82592731114232,1.4947009036758323,0.4197091057679054,0.3305963364245609,0.8385444611604485,0.905077942246809,0.05
3754,0.57185,False,0.0,0.18370000000000003,1.0,10.0,0.0,0.269266651780702,0.08769281621121706,1.7221028399789984,0.0696579672998333,1.5201,0.03844333492297461,0.102235285148837,0.020989395159381304,1.3853953193934298e-237,0.0,0.05
3755,0.51715,False,0.0,0.28049999999999997,0.8737999999999999,30.0,0.0,0.3533734538461537,0.13957258996370586,2.0318121295046563,0.38555618262651276,1.9850279412931815,0.8134873433366718,0.33107172847626665,0.30368987327288477,0.36640752879817734,0.7348113925304012,0.05
3756,0.5688500000000001,False,0.0,0.199,0.9387000000000001,0.0,0.0,0.2946558774207536,0.02356056393877837,1.8314989972422446,0.3095894815782401,1.6740111111111111,0.32874590153761324,0.14818848193644288,0.13640160489521783,0.0798000000000001,0.23940000000000028,0.05
3757,0.5266,False,0.0,0.22410000000000002,0.8690999999999999,10.0,0.0,0.3101012917882506,0.11177660998089935,1.9401195408614988,0.3704024575339046,2.175665844297503,1.217564292921922,0.2691415659891418,0.3277002231023773,0.20680004191209508,0.47759425677190004,0.05
3758,0.5995,False,0.0,0.199,1.0,0.0,0.0,0.2766853740420855,0.0169135203387132,1.7639825678609704,0.06714289611985082,1.5984777777928731,0.09699134554441627,0.1027740172887498,0.0012974316953190026,0.005700000000000457,0.01710000000000137,0.05
3759,0.5388999999999999,False,0.0,0.2508,0.867,10.0,0.0,0.3370208169767453,0.0725098520814917,1.991194753673766,0.37920771885004495,1.9947764474262055,0.9882641073794394,0.2804552663153066,0.30640919456439075,0.339620438738254,0.6847011948167039,0.05
3760,0.47245,False,0.0,0.1729,0.932,40.0,0.0,0.2187118146369694,0.12442014133559208,1.7956562220661936,0.2648341498964705,1.9066105409337575,0.9556808027015297,0.1773088657119472,0.23034255061975678,0.1598903952487821,0.4796711857463463,0.05
3761,0.4245,False,0.0,0.2626,0.8664,70.0,0.0,0.33134902500088653,0.16504404646252316,2.0023761373882425,0.36226133993389104,2.1993932334705883,1.4443740788905124,0.33762354320875476,0.2899598317638195,0.36148767230279877,0.7280860795388829,0.05
3762,0.5369499999999999,False,0.0,0.25050000000000006,0.9385999999999999,28.8,0.0,0.3522479274782506,0.11573563974127672,1.8913835916363708,0.2765791105511456,1.7787614269656988,0.6912204733265344,0.23616447618171993,0.2504552020557304,0.20876142696569863,0.626284280897096,0.05
3763,0.4501,False,0.0,0.2233,0.7968999999999999,30.0,0.0,0.28967241035991004,0.16909969874539874,1.9503525254118848,0.34390036621063624,2.45985586521688,1.3982201765489009,0.3338464608155049,0.33539076263328954,0.6072537198003063,0.9430318658730287,0.05
3764,0.51285,False,0.0,0.20800000000000002,0.8577,10.0,0.0,0.2937441222570249,0.0935963793552268,1.83105586850457,0.2522060661092649,2.0265633577459927,0.9434249120596172,0.22956182067028755,0.2632839829083815,0.3249504391067246,0.651782541307981,0.05
3765,0.4995,False,0.0,0.27909999999999996,0.7999,20.0,0.0,0.37688416680851183,0.07522539603117834,2.0323878303369134,0.3774885953185641,2.152960733822785,0.9526108848963774,0.3539883164335117,0.2897491678733143,0.5323957657809345,0.8059068595707667,0.05
3766,0.53135,False,0.0,0.21330000000000005,0.9294,20.0,0.0,0.3006096905215447,0.09318903875159279,1.8208034450819148,0.2253431798302275,1.6981016022424544,0.504906451999163,0.1780907904935749,0.17917146622637992,0.15690057866885582,0.4707017360065675,0.05
3767,0.5441499999999999,False,0.0,0.1683,1.0,20.0,0.0,0.23175049777054274,0.10089542820607125,1.725597449755582,0.07562603495548749,1.5785,0.07630629069742546,0.09832306131841162,0.031220148143344985,3.036900517289348e-231,0.0,0.05
3768,0.6055,False,0.0,0.211,1.0,0.0,0.0,0.3170451561429709,0.04986426852767624,1.7538521904250022,0.0436617007532633,1.5448,0.06010457553298253,0.12034950997838223,0.03361348913691044,3.403927642065751e-226,0.0,0.05
3769,0.5995,False,0.0,0.199,1.0,0.0,0.0,0.28754903594350834,0.016319407056842008,1.72426662285751,0.04986919496815331,1.5243,0.0599016694258182,0.10255739082887225,0.0014236453648104586,1.8485007998556672e-242,0.0,0.05
3770,0.57365,False,0.0,0.2592,0.9281,10.0,0.0,0.35994474189615644,0.09106317276261411,1.9167019265877436,0.2762445288407718,1.8578445575748141,0.8268949813071833,0.25299699641423046,0.24842431464834808,0.17634455757481374,0.5290336727244412,0.05
3771,0.5725999999999999,False,0.0,0.2425,0.9362999999999999,8.4,0.0,0.34527338972208843,0.11352992369420394,1.9081086111082317,0.3044718574073416,1.8130855225232705,0.7839932720637609,0.21896286792912,0.25765881404304697,0.1614236141134905,0.4842708423404715,0.05
3772,0.5522,False,0.0,0.186,1.0,20.4,0.0,0.2709483533332121,0.13014145377821318,1.781155597951404,0.1917421041742616,1.5718999999999999,0.09677546176588364,0.13586544418153892,0.0976575983713117,4.414405395002663e-179,0.0,0.05
3773,0.5778,False,0.0,0.21900000000000003,0.9366,0.0,0.0,0.2978318220883222,0.06789971904753395,1.8584632809880244,0.31751266727974026,1.7454776085506698,0.6301243740652883,0.18492518066088456,0.24135026227662368,0.16291742626219935,0.488752278786598,0.05
3774,0.58315,False,0.0,0.2063,1.0,10.0,0.0,0.28599616026899694,0.09033673292630502,1.7748274032900877,0.13410788174115396,1.5883000000059495,0.07731241815383642,0.12731170372035933,0.06606713111087133,4.27989719555526e-204,0.0,0.05
3775,0.31584999999999996,False,0.0,0.2605,0.6512,70.0,0.0,0.31788715299123554,0.14822082392810762,2.1663129593394133,0.40026880343696164,2.7827968836273103,1.342288667076446,0.4446277219720754,0.29747565780947943,0.7568121037134697,0.8428107397008469,0.05
3776,0.55675,False,0.0,0.22149999999999997,0.932,10.0,0.0,0.3524912301480609,0.06407483789515533,1.8057010341279551,0.21444012857501124,1.6965110929323095,0.40943353349858996,0.20410822337153495,0.2112046537834677,0.07980000000000008,0.23940000000000025,0.05
3777,0.5749,False,0.0,0.18980000000000002,1.0,10.0,0.0,0.2793455724174666,0.08408521044679555,1.7334649481719058,0.07628241446362462,1.5325,0.04479787941409729,0.10521328623665234,0.023329531925117216,4.6986096218579e-225,0.0,0.05
3778,0.48874999999999996,False,0.0,0.26569999999999994,0.7918,20.0,0.0,0.3701730909970679,0.057542856615877803,1.9961369633641326,0.34678551831114485,2.206558559154593,0.8606085219209626,0.33390333001141254,0.27372270761788037,0.568023748267457,0.7915941110127952,0.05
3779,0.5586,False,0.0,0.24699999999999997,0.8702,0.0,0.0,0.3299033402121628,0.04300440431272344,1.9236548706777898,0.3228401225093447,2.0403426007866683,0.9142489394061805,0.2688892513411671,0.31126680619892894,0.3527634167922882,0.7092907624649922,0.05
3780,0.4302499999999999,False,0.0,0.22970000000000002,0.8016,42.7,0.0,0.3317124579422964,0.18970828365305914,2.0058231958573525,0.47214325179085215,2.377878722042113,1.370455882182623,0.3488636265120107,0.34303530952991174,0.5585476127828909,0.8621059836993297,0.05
3781,0.5375,False,0.0,0.2186,0.8564,0.0,0.0,0.29097514425965637,0.04766466022151753,1.8721034921057942,0.2782595590739659,2.0617303946518404,1.081532076033436,0.24324566934181915,0.2805541601425466,0.3056290474587019,0.6114000534883576,0.05
3782,0.5524,False,0.0,0.21420000000000003,0.9306000000000001,10.0,0.0,0.31018338028582704,0.050023565314537784,1.8210483312901444,0.23986504292037206,1.8091177623604704,0.7019060828217204,0.16483455873776773,0.1854900396993666,0.16607737449505589,0.4982321234851677,0.05
3783,0.562,False,0.0,0.246,0.9292,12.8,0.0,0.36610690044973804,0.03978841902396681,1.9122619446982625,0.2507188772199608,1.7954866227459854,0.5633532556574212,0.23121367054361802,0.20393377415514977,0.1658137863992285,0.49744135919768545,0.05
3784,0.57675,False,0.0,0.1935,1.0,10.0,0.0,0.26912760346801623,0.08138799475009423,1.7497278918803563,0.11500799033055444,1.5648000000000002,0.07852744743081877,0.11623089451070945,0.0530285437908964,1.8618350556234656e-226,0.0,0.05
3785,0.5947,False,0.0,0.199,1.0,2.4,0.0,0.30136618963928863,0.040359106926144896,1.736392957966037,0.0664544608098769,1.5596999999999999,0.05657570149808131,0.11288584089149316,0.030610416135428257,2.9915289565776158e-242,0.0,0.05
3786,0.57285,False,0.0,0.18570000000000003,1.0,10.0,0.0,0.28483440644995384,0.08110917317013622,1.7118632514716605,0.06331478085761029,1.5956946180556062,0.0835327431867058,0.1015896296227079,0.017980967181335735,1.0773140315493556e-237,0.0,0.05
3787,0.4545,False,0.0,0.2425,0.7961,32.4,0.0,0.33290359177476214,0.1257163093876404,1.9926425312653513,0.38691384980386656,2.277900733995316,1.1431031474258986,0.3302740265856082,0.32033056961803197,0.5275947215196612,0.8093894881953828,0.05
3788,0.5709,False,0.0,0.18180000000000002,1.0,10.0,0.0,0.2724729061684067,0.07546293897590776,1.7124385328320713,0.05166144679230508,1.5689000234625408,0.09279058179255609,0.09980823169976294,0.01691851166047462,2.5654548895825165e-242,0.0,0.05
3789,0.5133000000000001,False,0.0,0.28659999999999997,0.8088000000000001,17.2,0.0,0.3981073582002863,0.17380600282799116,2.0968248033287256,0.4280135877371222,2.2558822621820074,1.0840972987486157,0.3598790576287566,0.3300102275476446,0.41652762416657013,0.723430858385954,0.05
3790,0.4579500000000001,False,0.0,0.2765,0.793,38.4,0.0,0.3715293559097251,0.142414870031739,2.052889407018411,0.33064593323786234,2.1132081080823495,0.8950828173895491,0.3837160107984626,0.29931448005826916,0.44379768074725606,0.7275089355665002,0.05
3791,0.5492499999999999,False,0.0,0.24189999999999995,0.9366,20.0,0.0,0.34473041883397587,0.11347170395354962,1.880808584079722,0.2370124084099725,1.7484583717598419,0.6139500100492981,0.21224149988278876,0.22368784355666496,0.16280083788112168,0.48840251364336507,0.05
3792,0.5014,False,0.0,0.23809999999999998,0.8671,25.6,0.0,0.33150678669967426,0.1559367094867106,1.9482626119533104,0.3504334176971329,1.9494297933030016,0.8152273220421595,0.2843111752231272,0.3000657884426092,0.32598778562315955,0.6526404101042718,0.05
3793,0.572,False,0.0,0.21500000000000002,0.9289999999999999,0.0,0.0,0.3231278760174537,0.0315071276970702,1.8252331336578478,0.19416452697053568,1.8781438881057562,0.8085864837758656,0.1818837662194444,0.22453848178567923,0.20303365610759155,0.6091009683227747,0.05
3794,0.5502,False,0.0,0.19640000000000002,1.0,24.0,0.0,0.27762378271406496,0.0891115873559341,1.7414343460770403,0.07529495321831038,1.5161000000000002,0.026478104161740863,0.12242824417337794,0.05688615490021126,9.733588703574986e-210,0.0,0.05
3795,0.45280000000000004,False,0.0,0.2435,0.8629000000000001,50.2,0.0,0.2947854031467518,0.13778569455605452,1.9646950871318354,0.3119116865128857,1.9807076737436062,0.9483178866350103,0.30132544891807084,0.27137556808718644,0.32585149950041686,0.6536166169254617,0.05
3796,0.5045499999999999,False,0.0,0.2591,0.7931999999999999,10.8,0.0,0.33783211015791237,0.05137057328368876,2.0063234704208845,0.32062381629402614,2.1535175409349234,0.9670803992172219,0.3166986597641065,0.2950168898521176,0.3523083892056198,0.598198919915195,0.05
3797,0.49489999999999995,False,0.0,0.1751,0.9347,30.0,0.0,0.2521839499897497,0.14208504303763506,1.7820635470323114,0.31337066528590585,1.7975735331701164,0.7105379825278618,0.17334654653482942,0.22980566758847584,0.17470000050632842,0.4863525588230388,0.05
3798,0.5987,False,0.0,0.199,1.0,0.4,0.0,0.2748988639373503,0.015470701364236877,1.7453839716224469,0.08702553678494548,1.5387000006912896,0.04248070277497736,0.10206090154200124,0.0008672516418100285,3.0636914345305997e-242,0.0,0.05
3799,0.48735000000000006,False,0.0,0.22300000000000003,0.8609,27.3,0.0,0.2964485192829036,0.16378117724067967,1.9163239914176664,0.3698817166065659,1.9703135341448992,0.7769539094010938,0.27478833743567166,0.2917783836547283,0.32531266803060477,0.6525268146493809,0.05
3800,0.41325,False,0.0,0.263,0.7952999999999999,57.95,0.0,0.368083705321469,0.1490853116212601,2.107650986327784,0.42836979098719974,2.356918566679311,1.334724035858568,0.3750464227508612,0.3228782745971975,0.5760817532103961,0.8868908636461803,0.05
3801,0.57835,False,0.0,0.2311,0.9304,1.2,0.0,0.33039413851949256,0.037270461262469294,1.8873815951134667,0.30291956186642527,1.8345868287346523,0.6408614975500487,0.18922483469926293,0.17370719736614476,0.21822410498026606,0.5570812843674187,0.05
3802,0.4274,False,0.0,0.2878,0.7931999999999999,56.55,0.0,0.37717159614754886,0.06880595443226013,2.1355008746872692,0.43336011896900695,2.8431832233992322,1.903768037324965,0.3973761035861268,0.3035601179702813,0.48899989746077815,0.8000554294088219,0.05
3803,0.4972000000000001,False,0.0,0.2994,0.8246,32.4,0.0,0.38210417713559724,0.1014631045377382,2.1030852726076743,0.4872076639633366,2.3543565491389815,1.2838165527991146,0.39775182323169117,0.36794975804428504,0.5034137847244355,0.7704991807272755,0.05
3804,0.5995,False,0.0,0.199,1.0,0.0,0.0,0.2780162787780727,0.012782743625799786,1.7236918442385207,0.04471662853840146,1.5504,0.045015997156566456,0.10367324356590861,0.0019740120389205164,1.5392356354709805e-242,0.0,0.05
3805,0.57085,False,0.0,0.18170000000000003,1.0,10.0,0.0,0.26584018354782923,0.07545316698676037,1.737968470165303,0.056180486970253136,1.5532,0.07986713967583914,0.0979612594929096,0.01575058976120669,3.555081596281424e-242,0.0,0.05
3806,0.5995,False,0.0,0.199,1.0,0.0,0.0,0.27861455296776216,0.011332834782459807,1.7198362198550385,0.04503914379289764,1.5381000000829335,0.05007084997680225,0.10191927318778471,0.001702242192821298,2.1177023112584424e-242,0.0,0.05
3807,0.5708,False,0.0,0.18160000000000004,1.0,10.0,0.0,0.2609365744493111,0.0693249572034512,1.740139660485751,0.05975713200217682,1.5565000000000235,0.05863659267050432,0.09751499871495442,0.016266345580960177,3.3199731910496314e-242,0.0,0.05
3808,0.4941,False,0.0,0.2746,0.792,19.6,0.0,0.3624315345828235,0.06366888850170405,2.055292421954454,0.36098935510840435,2.278779796548083,1.0461926088464895,0.340465277656561,0.2746723657522502,0.5534459713190643,0.7988498980757258,0.05
3809,0.5558,False,0.0,0.19160000000000002,1.0,20.0,0.0,0.27270945091790877,0.08617576448510719,1.7409811932017774,0.07365329254378429,1.5493999999999999,0.0634983464351632,0.11392938761745178,0.05423880998990138,1.901091546935227e-212,0.0,0.05
3810,0.5523,False,0.0,0.20950000000000002,0.9350999999999999,10.0,0.0,0.3151039914641941,0.11129424241575193,1.8278822380127964,0.23680786711808477,1.7616941387946656,0.5905049973580769,0.19067848614604632,0.22299230671228368,0.1738403913940512,0.5215211741821536,0.05
3811,0.5626500000000001,False,0.0,0.2866,0.9083,17.4,0.0,0.37533933563210203,0.16312917859761197,2.0024961286570058,0.48208865023897024,2.1735085401675986,1.2259639187805496,0.2931786950219064,0.33723409623015244,0.4339392327179872,0.8693044749852059,0.05
3812,0.5882,False,0.0,0.2164,1.0,10.0,0.0,0.3019166206285771,0.03242302298723846,1.79458384082398,0.06574486774336048,1.5456999999999999,0.05023753576759115,0.1285260794515341,0.06238159666666703,3.2660504028508993e-202,0.0,0.05
3813,0.4669,False,0.0,0.28409999999999996,0.7459,24.05,0.0,0.37034810735974294,0.16612155464715034,2.1431681661092283,0.4719156784901882,2.6078815175127383,1.4498094172083755,0.45129747936399767,0.3768434994324563,0.5934979896143849,0.778117938403612,0.05
3814,0.5995,False,0.0,0.199,1.0,0.0,0.0,0.2819172232965799,0.010383219300400884,1.7383532921216678,0.03673425400607795,1.5548,0.07460804246192232,0.1024374163189085,0.0014632401888037317,2.3523691235174654e-242,0.0,0.05
3815,0.46214999999999995,False,0.0,0.2293,0.7974,25.6,0.0,0.32429505378942913,0.16052344247351924,1.9827269253155606,0.36406128648489106,2.1261565289915465,0.9694095449488129,0.3126679740425284,0.3298188016003795,0.5484099504418174,0.8434799008282712,0.05
3816,0.4944,False,0.0,0.23369999999999996,0.8751,30.0,0.0,0.3164878292627532,0.11513362925359427,1.966188489896781,0.38047805865412127,2.0930561569532995,1.107792827280799,0.28217229634930463,0.3185797468689474,0.33275394530549374,0.6660664145139407,0.05
3817,0.5740999999999999,False,0.0,0.2202,1.0,18.0,0.0,0.3072718483428518,0.054858895819962464,1.7952439913883615,0.10791332946818259,1.527,0.04299302268973421,0.1362285761607758,0.07925785654642661,8.977650991019742e-191,0.0,0.05
3818,0.46934999999999993,False,0.0,0.2512,0.8731,46.4,0.0,0.4073728725822036,0.15144582214931446,1.9336749165339504,0.31048128897855404,1.8604665598361674,0.6441523162747195,0.3237859568031476,0.2871543933294381,0.24243480446042728,0.5187253826324741,0.05
3819,0.5793999999999999,False,0.0,0.22079999999999997,0.938,0.0,0.0,0.312609269326236,0.038987095642341416,1.8483713806346749,0.3089792440340331,1.8369269520727503,0.8889967134224409,0.1854068459290955,0.24371987363133546,0.1553859976862925,0.46615799305887745,0.05
3820,0.5555,False,0.0,0.2286,0.933,12.65,0.0,0.3296551332425053,0.06066685601507242,1.8844939450092189,0.2862741107976249,1.805967454165895,0.710153508578593,0.198003748479404,0.22396710846720874,0.1684651621019348,0.5053954863058044,0.05
3821,0.5995,False,0.0,0.199,1.0,0.0,0.0,0.2739405256476003,0.009545594808144665,1.7191256041692582,0.05725110672570519,1.548,0.04680170937049201,0.10232865127244353,0.001750947073549415,1.664067611871283e-242,0.0,0.05
3822,0.5646,False,0.0,0.2092,1.0,20.0,0.0,0.3031028655142441,0.09176493442507079,1.7875029357670118,0.11376777833143728,1.5433,0.08575669070107601,0.13257766745319474,0.06808637836328496,2.1404387978081905e-197,0.0,0.05
3823,0.57075,False,0.0,0.18150000000000002,1.0,10.0,0.0,0.26110431876382434,0.07457764580951458,1.733933147056085,0.04591673347873753,1.5515,0.050561348874411965,0.09691409274332388,0.016458274963224172,2.9853624505654933e-242,0.0,0.05
3824,0.44249999999999995,False,0.0,0.19749999999999998,0.9323,61.2,0.0,0.27777438490040063,0.15318872494458938,1.872398388709669,0.34310772722201277,1.7315995010767469,0.4556856576641893,0.20888697238238252,0.21222759140904002,0.16788867623558149,0.48852524014583776,0.05
3825,0.46044999999999997,False,0.0,0.3508,0.6597,22.4,0.0,0.439826221446041,0.106910590504977,2.3717155627932276,0.4118998918437814,2.5008164227472767,0.9999356165719248,0.5599641581597606,0.2924226323790825,0.8626770031600726,0.868909530057464,0.05
3826,0.5138500000000001,False,0.0,0.21860000000000004,0.9291,30.0,0.0,0.30828046250289737,0.11568365172545284,1.8533969175057536,0.2765504962836709,1.9584203619198817,1.2710028426385491,0.20800940433764376,0.23512887836130325,0.19999939024983088,0.5999981707494927,0.05
3827,0.5914999999999999,False,0.0,0.2406,0.9423999999999999,0.0,0.0,0.32589369217760156,0.07765700848444876,1.8767774028664008,0.30129111532479536,1.78587404310702,0.7434507613907515,0.1995541251872055,0.22212578980810133,0.04957190958417936,0.1487157287525381,0.05
3828,0.46730000000000005,False,0.0,0.1993,0.9353,50.0,0.0,0.2951664515610314,0.18273367417438585,1.8298448085934986,0.23985031691080475,1.7018380255891246,0.43604295058568193,0.21270807610215514,0.23791778144892278,0.16624774312394217,0.49874322937182647,0.05
3829,0.5199,False,0.0,0.27609999999999996,0.8677000000000001,26.0,0.0,0.38767373904293356,0.0826653604330227,1.938982193898569,0.2678390381253862,2.0057534737683396,0.9826489343708168,0.31739546555735154,0.28638347288401916,0.3781834845778733,0.7648159530192379,0.05
3830,0.52505,False,0.0,0.233,0.8571,10.0,0.0,0.2925021961451927,0.08465131614633668,1.9056326185724182,0.22829514364479409,2.1513898322270864,1.2308377995502406,0.2733412756470831,0.26549505412711577,0.35589533500328346,0.7158145196790224,0.05
3831,0.55245,False,0.0,0.20540000000000003,0.9395,10.0,0.0,0.2962921115742833,0.11021981552447306,1.8758215959484488,0.3443096914491077,1.8421636434716084,0.8560692543832907,0.18844838606541092,0.2707398693654233,0.19425840055409557,0.5827752016622868,0.05
3832,0.5903999999999999,False,0.0,0.22079999999999997,1.0,10.0,0.0,0.3040970416001577,0.04467612379366163,1.7633228873232951,0.12681051910191304,1.5477,0.07258381362259773,0.1324032591625543,0.07947682046246812,6.024799587720396e-183,0.0,0.05
3833,0.5277000000000001,False,0.0,0.29000000000000004,0.8614,24.0,0.0,0.3879521438860651,0.10681936652480001,2.0239473509898094,0.3099298837857472,1.9220636176368022,0.7021748942494662,0.3365639971579283,0.2644897784719902,0.33676084641441995,0.6739274569321653,0.05
3834,0.5299499999999999,False,0.0,0.24149999999999996,0.8583999999999999,10.0,0.0,0.34010676449124483,0.04420171764284196,1.9235325742525973,0.30968449917383917,2.159435075073414,1.1923172398515691,0.286196341188092,0.277877823232116,0.39164925997675365,0.7859408391055173,0.05
3835,0.57075,False,0.0,0.18150000000000002,1.0,10.0,0.0,0.2542509285490195,0.08279818522069282,1.7043965850841905,0.04224185784535994,1.5253,0.05118798687192143,0.0968851861843181,0.016343971822895438,1.920511796164107e-242,0.0,0.05
3836,0.4214,False,0.0,0.2285,0.7999,46.4,0.0,0.28879469712746403,0.18773808567799227,2.02298558569382,0.42054925975899476,2.251907501984944,1.102635846153113,0.33115807292900346,0.324320790949665,0.44891728566409944,0.788331249881575,0.05
3837,0.5054000000000001,False,0.0,0.202,0.932,30.8,0.0,0.2891458693735801,0.14410760482780774,1.8471297632858725,0.2905300736902847,1.7805389372738616,0.7292515511436417,0.18661807607478673,0.20834142497081626,0.16171020408457018,0.4851306122537105,0.05
3838,0.5709,False,0.0,0.18180000000000002,1.0,10.0,0.0,0.26378300655778397,0.08006014683244579,1.7343091115499587,0.06869907664161545,1.5490004100741612,0.04662673579617251,0.09891642611794486,0.016360181877040487,2.3500575612210667e-242,0.0,0.05
3839,0.49974999999999997,False,0.0,0.2771,0.8103999999999999,22.0,0.0,0.42716795769801646,0.143422274418852,2.0659309233827936,0.415465465614114,2.118362938200337,0.9276341566893933,0.38666561767872254,0.35700592755090976,0.41691881441281026,0.6777932224259002,0.05
3840,0.41764999999999997,False,0.0,0.2287,0.8628,64.05,0.0,0.2829521386367009,0.17161630797289865,1.9774676098278192,0.3629484444891755,1.940058969949185,0.8219322185734024,0.2932447686070072,0.2710610811392024,0.377956834513158,0.7567513202093756,0.05
3841,0.4424,False,0.0,0.2812,0.7380000000000001,33.6,0.0,0.3572709497219826,0.1381711296454131,2.183696808940912,0.4327022562302817,2.536663727050839,1.0395628036704825,0.429470912987784,0.33527667186367843,0.6087044808123898,0.7257086454532309,0.05
3842,0.46565,False,0.0,0.22150000000000003,0.7866,19.2,0.0,0.2783894130465791,0.09213867622603883,1.93232830313905,0.3396443272692232,2.425624340329475,1.367243379427291,0.31690086918256555,0.31706342055736975,0.5101875111417208,0.7799770418867947,0.05
3843,0.56335,False,0.0,0.18150000000000002,0.9852000000000001,10.0,0.0,0.27310673058300555,0.08201552512696439,1.7246122278891687,0.08187787072511828,1.6806111111111126,0.33013052132620746,0.11722009115029133,0.06544135118526387,0.07980000000000084,0.23940000000000253,0.05
3844,0.50185,False,0.0,0.2293,0.9343999999999999,40.0,0.0,0.31792799809447414,0.09887665540408219,1.864224497346595,0.22040043997422493,1.799607772035405,0.7076324769758884,0.2138198367321949,0.22427575131563532,0.18830010494616328,0.5649003148384899,0.05
3845,0.5450999999999999,False,0.0,0.1702,1.0,20.0,0.0,0.2549739058689489,0.09807928386374701,1.6986566646520465,0.06122354357918439,1.5837666666666677,0.09930402811568313,0.09919749062848864,0.026056426930080524,0.02210000000000059,0.06630000000000177,0.05
3846,0.48245000000000005,False,0.0,0.22759999999999997,0.9373000000000001,50.0,0.0,0.3150713187638162,0.15786160589279308,1.845224791490089,0.24772114304745055,1.7175763117919403,0.4890474293634446,0.2375057286415833,0.23719626451218123,0.15620157833831338,0.46860473501494015,0.05
3847,0.54245,False,0.0,0.16490000000000002,1.0,20.0,0.0,0.23257177100220772,0.10565069564375097,1.6971684533347293,0.062211811735015166,1.5527,0.04783523805731505,0.09288425988557007,0.02073487461499353,1.288741115692627e-242,0.0,0.05
3848,0.5665,False,0.0,0.22440000000000002,0.9486000000000001,10.0,0.0,0.3244115413892884,0.14797739854461606,1.8770063740287326,0.35345104287070617,1.7215032348521113,0.4951780974526251,0.2077257659528562,0.27343772228028307,0.17280438076144883,0.5184131422843464,0.05
3849,0.57175,False,0.0,0.18350000000000002,1.0,10.0,0.0,0.2803499427888549,0.0767372029392874,1.7301411253989003,0.06205386700247262,1.5501,0.05059733194546918,0.10112180154438515,0.01918667535339618,3.497014532163525e-238,0.0,0.05
3850,0.42735000000000006,False,0.0,0.23310000000000003,0.7336,28.0,0.0,0.33299947905341465,0.1619199350737503,2.04648795253446,0.41326842739384945,2.534209330336755,1.2079833429966493,0.41420926620161697,0.3989208811645642,0.7668412607738919,0.9511677259897056,0.05
3851,0.5405,False,0.0,0.25129999999999997,0.8696999999999999,10.0,0.0,0.34070129452947473,0.09409948919025193,1.9407216205060824,0.3747751308163494,2.137382383899979,1.165275788770162,0.2789801690140131,0.3014834123839693,0.35879184669957515,0.7203992016610256,0.05
3852,0.5881000000000001,False,0.0,0.20500000000000002,1.0,7.2,0.0,0.3035179816962621,0.029311166140206932,1.765566414067242,0.031118329486392676,1.5396,0.0464417915244449,0.11206714319194551,0.022126743301960048,8.244657791706463e-231,0.0,0.05
3853,0.51345,False,0.0,0.20950000000000002,0.8573999999999999,10.0,0.0,0.2786545425737522,0.08036748480492086,1.8704290929137684,0.2845957339871244,2.0406828789811877,0.9943971686683758,0.24066343626075168,0.27871914135441667,0.31685260340464033,0.6345286978983369,0.05
3854,0.42184999999999995,False,0.0,0.29019999999999996,0.8036999999999999,62.55,0.0,0.3583595022028507,0.1866480543074494,2.158371866537702,0.44048689554685805,2.2158684255996226,0.9877309628738703,0.39991627422613085,0.29994118600744135,0.5261005817425344,0.8042154481646967,0.05
3855,0.52465,False,0.0,0.2704,0.8189,10.0,0.0,0.390915642705225,0.1458199327799521,2.065064410208425,0.46614318423119433,2.549077970326221,1.5665932977468446,0.3494609276532694,0.3696386928532489,0.591367484491127,0.9034682324323354,0.05
3856,0.5654000000000001,False,0.0,0.21500000000000002,0.9306000000000001,3.7,0.0,0.2994075895222996,0.04239315974215147,1.8088939867903402,0.2237265017888304,1.8521520753438032,0.8120434015566534,0.16940294080835844,0.19432769048567342,0.05,0.15000000000000002,0.05
3857,0.57155,False,0.0,0.21300000000000002,0.9301,0.0,0.0,0.31695254593022026,0.04066173321495462,1.8085181959923156,0.20423905504284903,1.7940168139442654,0.7090218284740953,0.16246455634024062,0.17536277444531492,0.0510000000000003,0.1496963593411676,0.05
3858,0.5384,False,0.0,0.1962,0.9269999999999999,11.6,0.0,0.2846010346236703,0.10305276764685585,1.835974634642584,0.22947690904078843,1.968103254010241,0.9045979707704334,0.18422819402023263,0.20842101996698142,0.27710841942218745,0.6131579166864837,0.05
3859,0.5708,False,0.0,0.18160000000000004,1.0,10.0,0.0,0.2786996854436109,0.08740544624454129,1.7040357646127777,0.057703656125451606,1.5432000000000001,0.04903835233773664,0.09969632269867776,0.019052540177880044,9.822250186163862e-243,0.0,0.05
3860,0.49250000000000005,False,0.0,0.185,1.0,50.0,0.0,0.2603247365572408,0.1395877806020239,1.7863501091277705,0.15992245561887444,1.562400105794271,0.040995642038103935,0.14359770642506547,0.09718810083318254,1.3377742472578978e-198,0.0,0.05
3861,0.5962999999999999,False,0.0,0.2326,1.0,10.0,0.0,0.33737083912160176,0.06659791615215184,1.8255059116111076,0.18878451705891186,1.5346,0.042563364528664764,0.14848653056689778,0.116466094618337,1.8208839415431933e-159,5.462652011267668e-159,0.05
3862,0.42184999999999995,False,0.0,0.2579,0.7969999999999999,52.8,0.0,0.33389043267684937,0.1569025196166109,2.039575060386517,0.40335035651013657,2.3549380140024594,1.238852088910184,0.40081587092110216,0.3515890552271143,0.4648577450228061,0.8026429446202472,0.05
3863,0.5428499999999999,False,0.0,0.1974,0.9282999999999999,10.0,0.0,0.29422624024252875,0.08401169141073281,1.800452947506787,0.21026814513971745,1.8725224826256661,0.8945461528564229,0.17266808970526598,0.21236074685836326,0.15110018179888202,0.453300545396646,0.05
3864,0.5995,False,0.0,0.199,1.0,0.0,0.0,0.27214787808791785,0.011518377139351726,1.7315029620114046,0.0496222860790464,1.5213,0.04815194700113382,0.1018603227728208,0.0005593493050884579,2.100647637885504e-242,0.0,0.05
3865,0.5995,False,0.0,0.199,1.0,0.0,0.0,0.28580941689956074,0.010108532620383543,1.7179981093894487,0.044940761169449936,1.5549,0.04910896048584213,0.10159698939395068,0.0008817543542348073,2.0594591703832088e-242,0.0,0.05
3866,0.46395000000000003,False,0.0,0.2906,0.7573,30.0,0.0,0.3820928823232388,0.14627120084768003,2.115211493632314,0.49829986908369445,2.3739296161915595,0.9944984851640226,0.4480268177381202,0.38465939633734003,0.4669165092816627,0.6633580646125774,0.05
3867,0.5708,False,0.0,0.18160000000000004,1.0,10.0,0.0,0.2584441001610947,0.06993919595635992,1.7386967583967254,0.06254061832032048,1.591,0.1014780764500392,0.09703055905168123,0.015871469577174547,2.1583612408821064e-242,0.0,0.05
3868,0.61695,False,0.0,0.2339,1.0,0.0,0.0,0.3322816100315396,0.057007458508441466,1.8361445236856717,0.12221295181890957,1.5496000000000003,0.0941415954825496,0.1602707994919095,0.07428018703568735,1.798539993057578e-199,0.0,0.05
3869,0.5255,False,0.0,0.26759999999999995,0.8634000000000001,20.0,0.0,0.3345624015740005,0.042291158937565854,1.93346891732409,0.29254164299748103,2.0681433184800952,1.0912338232952687,0.29849985874357177,0.2655810525884785,0.32964668065672276,0.6611283948554723,0.05
3870,0.54235,False,0.0,0.1647,1.0,20.0,0.0,0.24133111803656684,0.09719104771240886,1.7036928654662766,0.06913390204511136,1.5802,0.08701356216130914,0.09252092372548285,0.020608699043524185,2.3404408836674546e-242,0.0,0.05
3871,0.57175,False,0.0,0.21500000000000002,0.9285,0.0,0.0,0.29960850821480906,0.03805647896015037,1.7921143239426178,0.2008121102367918,1.7500524137885662,0.5434788450849745,0.17294121660535655,0.20488094490599681,0.15430005595886725,0.46290016787660176,0.05
3872,0.5995,False,0.0,0.199,1.0,0.0,0.0,0.28435582106336277,0.01517046910880645,1.7518301209415992,0.04754781869805951,1.5285999999999997,0.03069267013474061,0.10239904738174463,0.00089353704515538,2.5289023215318173e-242,0.0,0.05
3873,0.5436500000000001,False,0.0,0.19860000000000003,0.9319,10.8,0.0,0.28709875637336096,0.08555303117967569,1.7797775958524624,0.23387996676605813,1.8141106017236275,0.7142030147070519,0.17557802009105308,0.22895629437806153,0.19381060172362755,0.5814318051708826,0.05
3874,0.5117,False,0.0,0.2738,0.8695999999999999,30.0,0.0,0.3500931416163183,0.07257393559481269,1.9937332171508992,0.3484026920602261,2.127992068931768,1.2943997143000856,0.31582743625361226,0.29817777681974267,0.3930824957895097,0.798092868801349,0.05
3875,0.5292499999999999,False,0.0,0.2045,0.9339999999999999,20.0,0.0,0.27472673052607405,0.08890587117171586,1.8100440975395784,0.2918466856322265,1.8987064388354,1.0565544078494897,0.1855882459674561,0.2275079280409471,0.1695795970220163,0.49489723315603024,0.05
3876,0.47365,False,0.0,0.29200000000000004,0.7945,34.8,0.0,0.36848708341254566,0.09714197566175263,2.0805650322097566,0.35843397133893984,2.2761768896473136,1.182172164345235,0.36435136328239603,0.2859619746799584,0.3880595126442388,0.6679277676653212,0.05
3877,0.5748,False,0.0,0.18960000000000005,1.0,10.0,0.0,0.280951591745416,0.07264885705309196,1.7473304376201386,0.07721261329406615,1.563500000012188,0.07375940619295868,0.10591559214718405,0.030442788501882406,5.773213055531768e-219,0.0,0.05
3878,0.5995,False,0.0,0.199,1.0,0.0,0.0,0.2837632854582871,0.024723537339440466,1.7395987417144678,0.047387180871549264,1.5451000000000001,0.0758913038496507,0.10299732159262324,0.0018346264253379506,2.2293904700124307e-242,0.0,0.05
3879,0.4833,False,0.0,0.1945,0.9305,39.6,0.0,0.2809598301809166,0.1270349831751902,1.800296211112996,0.22378011605907827,1.7306884588857208,0.562281741552617,0.17142390875897465,0.17402443940357112,0.162929173036298,0.48878751910889406,0.05
3880,0.5337999999999999,False,0.0,0.19570000000000004,0.9295,14.4,0.0,0.2770371130344379,0.09878480502748394,1.7810408509668985,0.23003965446534133,1.755080293670081,0.6910448267971578,0.1641196074119346,0.201214216611587,0.15722136222676536,0.471664086680295,0.05
3881,0.43715,False,0.0,0.2661,0.6626,13.6,0.0,0.31324422879209113,0.11155491435754386,2.0927199339864746,0.4075931738731895,2.77214639255252,1.2936237582574526,0.4453330501203312,0.3561350214458128,0.9123125536874783,0.9237961265454612,0.05
3882,0.5859,False,0.0,0.21180000000000004,1.0,10.0,0.0,0.31990817763088286,0.039069714574130374,1.7627766582595168,0.0739813596085568,1.5527,0.06627827698424275,0.1217564191527494,0.047545965910746696,4.866794355119195e-210,0.0,0.05
3883,0.5913,False,0.0,0.20500000000000002,1.0,5.6,0.0,0.2797692070234768,0.025570467203823336,1.7452155976890844,0.06885350340979428,1.5335,0.035322089405922734,0.11231488923604467,0.018136260102145224,5.717088833185642e-231,0.0,0.05
3884,0.5897,False,0.0,0.199,0.9804,0.0,0.0,0.3034595879924009,0.02109960525230867,1.7750916583754979,0.10102657547180577,1.674238240390355,0.32789043174888105,0.12576257703564603,0.06633331966930522,0.07980000000000084,0.2394000000000025,0.05
3885,0.52895,False,0.0,0.17790000000000003,1.0,30.0,0.0,0.26260056962891404,0.11819450940491287,1.7330562129867861,0.07163963510750146,1.5621,0.05392300065834614,0.11527846122581038,0.05515389306937774,1.4852277655051764e-214,0.0,0.05
3886,0.53355,False,0.0,0.20350000000000001,0.9292,16.4,0.0,0.2826645942084955,0.0956305997471463,1.8106342131457906,0.2157886855411791,1.7026788049921937,0.5308547954585546,0.17893220536543644,0.20772481516910746,0.1561051624051532,0.4683154872154596,0.05
3887,0.47850000000000004,False,0.0,0.2557,0.7413000000000001,10.0,0.0,0.3754621060021805,0.20188267172807614,2.0408821546483695,0.3917025493426663,2.483768741012591,1.1613942029302726,0.3919915219243896,0.366002751764838,0.789108297864087,0.9830792802321725,0.05
3888,0.4916499999999999,False,0.0,0.20859999999999998,0.9315,39.2,0.0,0.3031323252358963,0.16674227842667966,1.8259855663585214,0.20954280467040948,1.76069829034728,0.5852705527353415,0.21375238159830529,0.2282481499482122,0.18140216318349386,0.5306806251294753,0.05
3889,0.5423,False,0.0,0.16460000000000002,1.0,20.0,0.0,0.24520808835444236,0.10935063736886702,1.6961743031887777,0.053987787837312326,1.5361,0.05623424223727034,0.09317672475433238,0.021133530076455097,1.5306015895113615e-242,0.0,0.05
3890,0.57085,False,0.0,0.21300000000000002,0.9286999999999999,0.0,0.0,0.2956846338418788,0.03305343059820889,1.7877106933876827,0.22908819646731474,1.778605034054559,0.7068998007058667,0.16732697691562332,0.1919261394586321,0.1759566515260488,0.5278699545781464,0.05
3891,0.5852,False,0.0,0.231,0.9394,0.0,0.0,0.3243881847940991,0.048867010853622904,1.8556417199237067,0.3073014113193234,1.8174629760745795,0.6866044938881378,0.19293939776418928,0.23721153003022258,0.19596297607457924,0.5878889282237377,0.05
3892,0.44025,False,0.0,0.23349999999999996,0.807,40.0,0.0,0.28899200798533037,0.1439097177184533,2.0281493889984423,0.4519927780143113,2.1895237995047103,1.0458765142834874,0.33147253583307407,0.3452823274198007,0.5207995108647423,0.799246599350589,0.05
3893,0.4346,False,0.0,0.29090000000000005,0.8183,60.0,0.0,0.3577614286471236,0.16332882599341056,2.13391341945689,0.4298741031506604,2.166174499402957,1.0164460404745588,0.4112834308131016,0.3406376808321955,0.4870263056448813,0.7439987547606474,0.05
3894,0.57135,False,0.0,0.18270000000000003,1.0,10.0,0.0,0.273141510250353,0.07794708126205073,1.7072073767222187,0.07981226853196915,1.5638,0.05720279713440592,0.10828627987329209,0.03707014231821321,8.366305078756393e-243,0.0,0.05
3895,0.5523500000000001,False,0.0,0.22810000000000002,0.9502,18.4,0.0,0.30318008623270387,0.1216706749750183,1.8992219278538272,0.38507053033958216,1.8275058588486837,0.8575727309661444,0.20788665686016744,0.26771088870227394,0.1690735971143436,0.5048917713837773,0.05
3896,0.4714,False,0.0,0.2365,0.8663000000000001,40.0,0.0,0.32604290222238974,0.14788411043355665,1.8893756645022104,0.22981991915999206,1.8172249310393933,0.5648576543730279,0.30786707142311176,0.2566881147847002,0.25411699924687514,0.5500834890824547,0.05
3897,0.57275,False,0.0,0.18550000000000003,1.0,10.0,0.0,0.28473475068180376,0.07985011556397814,1.741118088417489,0.062174937733951705,1.5607000000000002,0.07127418887647902,0.1006889946060179,0.020605324187557762,4.713651485047844e-231,0.0,0.05
3898,0.5313000000000001,False,0.0,0.1826,1.0,30.0,0.0,0.2540448136069788,0.11374353425067732,1.7811863105719816,0.13731037724741185,1.5295,0.0546301198973606,0.12419452181047586,0.08693104647748777,4.596557317740278e-188,0.0,0.05
3899,0.5995,False,0.0,0.199,1.0,0.0,0.0,0.27060818234180833,0.015310323303442168,1.7215352537618709,0.03912240457905961,1.5588000000000002,0.08249703024957934,0.10254612923759901,0.000747353181443403,2.651307333149675e-242,0.0,0.05
3900,0.42674999999999996,False,0.0,0.2393,0.8173999999999999,50.8,0.0,0.3039327200300038,0.19371198648280652,2.0611165444322355,0.5117075988843576,2.263260043693552,1.1283961388311594,0.37831837909198274,0.3855690416623347,0.5549262975507506,0.8495614420981676,0.05
3901,0.5116499999999999,False,0.0,0.2375,0.8657999999999999,20.0,0.0,0.3109101738269252,0.11494440845864096,1.9295832814442064,0.3495489849421945,1.9016033376460169,0.7449226220024926,0.2677227335375513,0.28557781777348706,0.33849655287121144,0.6800210126105889,0.05
3902,0.5751000000000001,False,0.0,0.22600000000000003,0.9306000000000001,1.6,0.0,0.30023744890015897,0.05547146752847957,1.8624268464910674,0.2572125880333554,1.7405997888110498,0.609338060132509,0.18719054874635854,0.20293321836632858,0.1527008540541695,0.45810256216250855,0.05
3903,0.5995,False,0.0,0.199,1.0,0.0,0.0,0.283147920591839,0.01102021347528153,1.728886703204576,0.041630579812269544,1.5866007349677385,0.09977385906944801,0.10275491414576002,0.001167703459194483,1.549737656786404e-242,0.0,0.05
3904,0.54215,False,0.0,0.16430000000000003,1.0,20.0,0.0,0.22463872222642242,0.10042042269402547,1.6798737266110861,0.05897051265671033,1.5333999999999999,0.0397899484794841,0.0918981485260115,0.02136117671127996,1.3258224954248047e-242,0.0,0.05
3905,0.52975,False,0.0,0.28569999999999995,0.881,26.8,0.0,0.38601213558983405,0.09056194801070333,2.0246167203388077,0.36030707340770834,2.010419026810056,0.8827874962689026,0.32233238469013686,0.29869118596897126,0.3309920115882754,0.661989387063963,0.05
3906,0.571,False,0.0,0.18200000000000002,1.0,10.0,0.0,0.28696319783431135,0.0740726063038462,1.7078932659919452,0.057070055633547626,1.587200035264758,0.07863942842993867,0.10741569414285176,0.03162385498889676,0.016100000000000506,0.04830000000000152,0.05
3907,0.5246500000000001,False,0.0,0.16930000000000003,1.0,30.0,0.0,0.2768481729001108,0.11432608941967495,1.7048281077938792,0.06773334545653768,1.5828000000000002,0.06628996907526807,0.10195366584287913,0.031347716384813706,1.0102445225120193e-234,0.0,0.05
3908,0.5427500000000001,False,0.0,0.20550000000000002,1.0,30.0,0.0,0.2859959446064588,0.09256913176484166,1.747248621621369,0.08536048753093217,1.5242,0.03493937606769757,0.13517076175009232,0.0681753887314165,1.2458993532901383e-207,0.0,0.05
3909,0.42835,False,0.0,0.329,0.6889000000000001,40.3,0.0,0.4927091414561865,0.15388648068098396,2.3214508593627587,0.5021792018553594,2.961286174309152,1.4802020767546258,0.5550915946611883,0.3777396173785522,0.8244557138848345,0.9020339492675878,0.05
3910,0.5995,False,0.0,0.199,1.0,0.0,0.0,0.3022142620432734,0.02045177233106308,1.7268395570033377,0.06721044028110952,1.5648000000000002,0.07767985581860982,0.11419412989287481,0.03375220805401395,1.7175950474777445e-242,0.0,0.05
3911,0.5226000000000001,False,0.0,0.25339999999999996,0.867,18.8,0.0,0.3486087356202495,0.14216893912291306,2.0045792162632265,0.42715313310817515,2.0260771664757207,0.9418367987041777,0.3063815213769698,0.32449619544216585,0.3557052568915413,0.7122957634162489,0.05
3912,0.5233,False,0.0,0.2253,0.8613,10.0,0.0,0.3139181004723887,0.11483382905474537,1.9086936908098475,0.32384381339076157,2.011219893874799,0.9593692724092046,0.2657003847784562,0.288144495340999,0.33329965956923857,0.6708192673297835,0.05
3913,0.49784999999999996,False,0.0,0.215,0.8606999999999999,20.0,0.0,0.31213666723067907,0.0896109402550795,1.8566575802622816,0.24371342001228186,2.0400953378082023,0.7432736943125581,0.23551782572056582,0.2456949240161942,0.4124401524963342,0.7067903697786114,0.05
3914,0.53665,False,0.0,0.25349999999999995,0.8725999999999999,13.2,0.0,0.33206696829727794,0.05947192846237589,1.9196956450028064,0.33834665941600733,1.9896833095611934,0.904015518540598,0.26162027773655216,0.27725057881848925,0.36206698726784375,0.7244145058698559,0.05
3915,0.5893,False,0.0,0.21860000000000004,1.0,10.0,0.0,0.30833107412554034,0.0555643595204762,1.7423230063727249,0.10239676643567659,1.5264,0.03667206020937462,0.12849033509683466,0.07540567523455466,1.5061998977770151e-183,0.0,0.05
3916,0.5620499999999999,False,0.0,0.20410000000000003,1.0,20.0,0.0,0.2961981762126207,0.10139997153425753,1.7577391249747087,0.08399943100195757,1.5718000000000016,0.08094788446896185,0.12835551731037675,0.06724409320045871,8.361089028440078e-200,0.0,0.05
3917,0.45280000000000004,False,0.0,0.2032,0.8624,40.0,0.0,0.28065087526339233,0.11766581755168838,1.8672489582920004,0.31390490701123935,1.8570814756749185,0.6343493670864399,0.24570212904795707,0.2686211444508851,0.2512846241588399,0.5426076221694447,0.05
3918,0.48130000000000006,False,0.0,0.18860000000000005,1.0,56.5,0.0,0.23938032876897725,0.12994880161322314,1.7686999695145418,0.16227384838948775,1.5694,0.1121474030015854,0.14798102719460846,0.1136059042632499,7.89682530538182e-178,0.0,0.05
3919,0.4790000000000001,False,0.0,0.29309999999999997,0.8649000000000001,50.0,0.0,0.3539824431635935,0.13321176421910122,2.0211210131123245,0.30246916809921864,2.0516551173405104,1.0239458908361387,0.3549142371061921,0.28434083709160185,0.31720293080467316,0.6346282438966148,0.05
3920,0.5037499999999999,False,0.0,0.19740000000000002,0.9301,30.0,0.0,0.27590668262472107,0.1350463361128702,1.8510531164683495,0.27177932971212704,1.7682535739159064,0.6863185508175403,0.18811949486328666,0.19754221978416234,0.20090041433165728,0.6027012429949719,0.05
3921,0.571,False,0.0,0.18200000000000002,1.0,10.0,0.0,0.26646348019289495,0.07587967818069856,1.7034733270437106,0.05773169257567502,1.5558,0.0483421141449151,0.09744847481348312,0.015459621962652192,2.4519525625456186e-242,0.0,0.05
3922,0.51075,False,0.0,0.2375,0.8640000000000001,20.0,0.0,0.32446588908375557,0.14447983047657562,1.925581505727332,0.3344945357053306,2.100371586474283,1.0747922696525682,0.279016970471404,0.29462057466627867,0.321432270226691,0.644094914704507,0.05
3923,0.60875,False,0.0,0.21750000000000003,1.0,0.0,0.0,0.30777893245734206,0.02951358888567504,1.7558428814052118,0.10560327292462747,1.5787,0.07855450337186277,0.12943883890604807,0.06647701177830498,3.3972203233144065e-200,0.0,0.05
3924,0.5995,False,0.0,0.199,1.0,0.0,0.0,0.264367441024916,0.012051871822084552,1.7531712125948389,0.0645305991314323,1.5742000000000018,0.08191312471149231,0.10192259528991163,0.000961821848848368,2.9214526008643733e-242,0.0,0.05
3925,0.45959999999999995,False,0.0,0.27009999999999995,0.7304999999999999,20.35,0.0,0.3599167122474787,0.07650345743716876,2.045347017726497,0.3559583688553686,2.5439551905368374,1.3563178918600955,0.386598100619468,0.3316139779238174,0.7118629001897064,0.8858371190704253,0.05
3926,0.5578,False,0.0,0.21900000000000003,0.9366,10.0,0.0,0.29740636346006355,0.03509309325275355,1.8347236352835783,0.2639591076250421,1.776290090243133,0.6884272867724304,0.17484001509409905,0.21724447807385322,0.15271521124710122,0.4581456337413036,0.05
3927,0.48754999999999993,False,0.0,0.26559999999999995,0.8631,38.4,0.0,0.36942025729984385,0.05960147563749187,2.002177608817491,0.36738412831391043,2.1111060715042838,1.2194789865915594,0.29347307868874445,0.2601375183958336,0.35507079618373233,0.7097528724299371,0.05
3928,0.5409499999999999,False,0.0,0.19360000000000002,0.9282999999999999,10.0,0.0,0.2755501695199477,0.08134771986565051,1.7777707073388362,0.19033401663984048,1.7979334495700772,0.678569553941074,0.1683949468069752,0.2160401831798654,0.16170719931935656,0.4851215979580697,0.05
3929,0.4832000000000001,False,0.0,0.23769999999999997,0.9287000000000001,50.0,0.0,0.31669022516510836,0.10580203114534696,1.8721494740995588,0.19321442684790932,1.7321797760022282,0.5291543676789618,0.23420828591800014,0.21171631240242375,0.15344612778827987,0.46033838336483957,0.05
3930,0.52125,False,0.0,0.24949999999999997,0.873,20.0,0.0,0.35160955416704187,0.14738812307206142,1.9768218519601626,0.3486019355021582,1.8303866414696386,0.532856923619767,0.3027603556575865,0.3152059184053587,0.24928102546262848,0.5371902498646363,0.05
3931,0.57445,False,0.0,0.223,0.9355,2.4,0.0,0.34453425797721277,0.0520344844693278,1.86850211282073,0.29209905971253525,1.7855100034163491,0.7225161252262172,0.1741801397566202,0.19396638855022616,0.056800000000000385,0.14911793989993294,0.05
3932,0.55565,False,0.0,0.18810000000000002,1.0,19.2,0.0,0.3024199213784774,0.093072187888282,1.7329018284128388,0.06794940032418678,1.5508000000000002,0.05540360999068562,0.11004101548989745,0.03429454867645068,8.645163123822319e-225,0.0,0.05
3933,0.51405,False,0.0,0.21810000000000002,0.8692,14.8,0.0,0.3059354502423737,0.12690020189162024,1.9411387488605043,0.40562159264558495,2.0278963145809485,0.952974574673595,0.25376440017745894,0.31870194088740617,0.3869309652797196,0.7764539869904576,0.05
3934,0.5306,False,0.0,0.23409999999999997,0.8671,10.0,0.0,0.32371777787064066,0.08781561957883266,1.940580915459396,0.36575011099665583,2.2412106859238463,1.449705466313984,0.26748005306563993,0.3196863985697747,0.39365214417246336,0.7979855336896252,0.05
3935,0.56125,False,0.0,0.25389999999999996,0.8686,0.0,0.0,0.3813227226777361,0.11400011075035281,1.9534696290317306,0.3181479048219869,1.9121594876471466,0.7390247903073344,0.293259808238304,0.31147916999250214,0.34314416857979846,0.6616727216601793,0.05
3936,0.5995,False,0.0,0.199,1.0,0.0,0.0,0.2756653327482902,0.016284729068314747,1.7403882294016024,0.043164882866840344,1.531327964952257,0.02805862874731162,0.10223534231614487,0.0011208941236055133,1.9131155009568003e-242,0.0,0.05
3937,0.5995,False,0.0,0.199,1.0,0.0,0.0,0.28359279287448713,0.016353306012521863,1.7386744623636585,0.04650062554270663,1.5401,0.06616562551657773,0.10270899830142641,0.0015215140881817183,3.0730926902958373e-242,0.0,0.05
3938,0.5543,False,0.0,0.2286,1.0,30.0,0.0,0.3117833176652717,0.09613592260819137,1.8147322637840222,0.15068024179181178,1.573,0.1170307651859117,0.16173028343210155,0.11179417609561311,4.043174574162389e-175,0.0,0.05
3939,0.5625,False,0.0,0.21900000000000003,0.906,0.0,0.0,0.3065045102793985,0.03005275199582583,1.8608515724234884,0.19554003730101244,1.820042484460649,0.529991226228493,0.21254867463395288,0.19295363274977784,0.23298103895387462,0.49400864611649914,0.05
3940,0.5549499999999999,False,0.0,0.21999999999999997,0.9299,10.0,0.0,0.32136270734800765,0.04093072014721386,1.83183746511792,0.22908855024884028,1.7689161384482932,0.6161563541704002,0.1793180054793586,0.19047420408957944,0.16523915462222988,0.49571746386668963,0.05
3941,0.5408499999999999,False,0.0,0.269,0.9359,30.8,0.0,0.3722478816852886,0.0625550014396691,1.9409985594548052,0.2627445743331187,1.8365707767531934,0.9187291881237195,0.2678695944402819,0.22671926908352308,0.15920000000005022,0.4776000000001506,0.05
3942,0.5319499999999999,False,0.0,0.23159999999999997,0.8722999999999999,10.0,0.0,0.3197606498751138,0.06677763347773204,1.910646847960253,0.33916096150318614,1.9559000333557637,0.8936454840762609,0.24474944350646383,0.28053578838442045,0.28429959078403383,0.6330922285155886,0.05
3943,0.5421,False,0.0,0.1642,1.0,20.0,0.0,0.22718715945993173,0.09585538675730686,1.7191474780913443,0.06785263492719411,1.5804999999999998,0.09271380695452004,0.09423124517029739,0.023929632847013896,2.891642289678351e-242,0.0,0.05
3944,0.5289499999999999,False,0.0,0.225,0.8568999999999999,6.0,0.0,0.30349045968400423,0.042682287814576704,1.879225388598212,0.2802020335459783,2.1095566327988515,1.1265944313741343,0.23601539406711272,0.26653810210041673,0.3450690779196967,0.691161165784163,0.05
3945,0.5995,False,0.0,0.199,1.0,0.0,0.0,0.29215906546389464,0.013229454778778757,1.7146592649244732,0.049025620509451286,1.5558000259129554,0.03905076157715551,0.10367851785660483,0.002416099356171806,1.5643662443778613e-242,0.0,0.05
3946,0.5179,False,0.0,0.17660000000000003,1.0,35.2,0.0,0.2513913724653739,0.10561945905953572,1.716711738469907,0.07845112322963296,1.5838,0.0978159496196812,0.11203391396845266,0.0557548312660061,7.604366139051862e-212,0.0,0.05
3947,0.6095,False,0.0,0.21900000000000003,1.0,0.0,0.0,0.3044809741490857,0.05760883447987214,1.8013998528392552,0.19684334996107986,1.5345,0.04708768416475796,0.13200990632626258,0.0868077048980828,2.5520572569598727e-183,0.0,0.05
3948,0.5995,False,0.0,0.199,1.0,0.0,0.0,0.28497222373049,0.014259106984423064,1.7193742270881593,0.05536616930841514,1.5530000000000002,0.0916100431175535,0.1032414953116435,0.004642733945092055,2.315092051067466e-242,0.0,0.05
3949,0.5862499999999999,False,0.0,0.24229999999999996,0.9301999999999999,0.0,0.0,0.357194736763366,0.11482095832939276,1.8773598497851136,0.33079538778827816,1.8192216013524796,0.7499385126934325,0.22267548242506474,0.24770549918959464,0.22502160135247937,0.6750648040574381,0.05
3950,0.52345,False,0.0,0.19490000000000002,0.932,20.0,0.0,0.2869434627626262,0.1041392198851844,1.8310856798335462,0.31794070717614,1.9454809790542769,1.3090101916216705,0.17524486181432533,0.2316712443094504,0.1999985836350719,0.5999957509052157,0.05
3951,0.43095,False,0.0,0.2855,0.6692,23.2,0.0,0.37073258706228585,0.09644337521997277,2.1780397309287673,0.419587814009346,2.7150792343397483,1.1434135694636136,0.471447580906523,0.3695855768364105,0.8856172938008706,0.8965747574942289,0.05
3952,0.5269999999999999,False,0.0,0.23290000000000002,0.9410999999999999,30.0,0.0,0.35407427136358594,0.15195608989376502,1.8681685857823278,0.30549871952208113,1.7881859610977806,0.7067654766530395,0.2104373315959321,0.23397542491583823,0.20798596109778028,0.6239578832933409,0.05
3953,0.5995,False,0.0,0.199,1.0,0.0,0.0,0.28146367595268457,0.01700764772689076,1.7136774721834738,0.04395614075879845,1.5700723958360654,0.05827170807592521,0.10149975050630573,0.0012776117212713303,2.046175014369062e-242,0.0,0.05
3954,0.5524,False,0.0,0.2117,0.9330999999999999,10.0,0.0,0.31357474397428536,0.06663262807702039,1.8365663433637511,0.34086711807261416,1.7162142553832098,0.4195258834962617,0.1871002673042837,0.2507152584551607,0.08594999991074041,0.2578499997322213,0.05
3955,0.48924999999999996,False,0.0,0.2698,0.9487,60.0,0.0,0.37518580734144635,0.17477081224918417,1.9583323121088014,0.38885191278124814,1.7342249354660795,0.591603479572816,0.2713743720186211,0.27927062881615466,0.20805826879941253,0.6241748063982376,0.05
3956,0.53585,False,0.0,0.23349999999999999,0.9390000000000001,25.2,0.0,0.3302808404339358,0.1357058092705178,1.878163410097511,0.32707994127877343,1.769610746165935,0.7322898065846004,0.22652688226863274,0.2545173308383242,0.19911074616593472,0.5973322384978041,0.05
3957,0.5439999999999999,False,0.0,0.168,1.0,20.0,0.0,0.24128688233414972,0.09878090970239596,1.7079914280120483,0.06788401332731904,1.6111000000165567,0.10513843255471772,0.09588442782469409,0.02534163632995422,5.669168037210027e-237,0.0,0.05
3958,0.42394999999999994,False,0.0,0.2851,0.7015999999999999,34.7,0.0,0.3948439688893891,0.20345769417221474,2.277428866377917,0.5844143500136932,2.805217562645834,1.626029007547198,0.5303904706760616,0.44084206194564785,0.6801272006124437,0.7713118497401464,0.05
3959,0.5995,False,0.0,0.199,1.0,0.0,0.0,0.28294900879962837,0.011535692074042099,1.7316517473360402,0.06680581307800745,1.5916,0.06553960634608665,0.1025089781397656,0.0010783704898580417,2.152830981809943e-242,0.0,0.05
3960,0.5758,False,0.0,0.19160000000000005,1.0,10.0,0.0,0.26917611049602075,0.0873953133153655,1.7438395461814065,0.08582154404415215,1.5409,0.03813777654766987,0.10655485435217416,0.027816897921185458,3.705163445321774e-219,0.0,0.05
3961,0.5995,False,0.0,0.199,1.0,0.0,0.0,0.2779345455505322,0.01814362972559795,1.7340832229565677,0.049405892993244854,1.566,0.06835349296122328,0.10433179215885198,0.006221214617594817,1.94485091101561e-242,0.0,0.05
3962,0.5420499999999999,False,0.0,0.16410000000000002,1.0,20.0,0.0,0.2400799329076057,0.09126399137158757,1.693556104405652,0.06008761015237723,1.5312000018632912,0.04939595007417783,0.09306438778502686,0.022587266464998968,2.0982446524864634e-242,0.0,0.05
3963,0.51925,False,0.0,0.2272,0.9313,30.0,0.0,0.3157821640382664,0.12223903472819403,1.8832555391058805,0.23056486082447902,1.677256473246595,0.3318753727705982,0.223335027276931,0.23886274080809627,0.0799019613928581,0.2397058841785743,0.05
3964,0.54655,False,0.0,0.17310000000000003,1.0,20.0,0.0,0.26659601757714907,0.11414655352946888,1.718760541265084,0.06980503555411618,1.5814666666666681,0.08051351853363997,0.10218109980610154,0.028516737054538555,0.008600000000000392,0.025800000000001173,0.05
3965,0.51925,False,0.0,0.1894,0.9291,20.0,0.0,0.258304336477457,0.11984366560759531,1.8315755768522322,0.2647014310421386,1.8784458430803732,1.0022028516126607,0.17555316448598007,0.19747007260207805,0.1814383147377799,0.5443149442133398,0.05
3966,0.43504999999999994,False,0.0,0.2645,0.716,27.6,0.0,0.34745583250989914,0.11706622995908936,2.1083299088654,0.3264743285764332,2.5618353841370958,1.2928598965618665,0.3969060947251074,0.3106505420854574,0.6735431332448456,0.832292581366416,0.05
3967,0.5995,False,0.0,0.199,1.0,0.0,0.0,0.2854233296536418,0.020768330393527087,1.717601183286644,0.05812702344257314,1.5674000028472637,0.08494727935924834,0.10364049527205954,0.0027664610752135476,2.0804746891127112e-242,0.0,0.05
3968,0.4691,False,0.0,0.1682,0.93,40.0,0.0,0.24922910366753576,0.14304492821021028,1.7777654582381053,0.26520021432642976,1.7713739188906739,0.6789550116301235,0.16045304671324673,0.18599042819615624,0.21451763045374914,0.6315984915963219,0.05
3969,0.52555,False,0.0,0.20220000000000002,0.9289,20.0,0.0,0.30399484137764976,0.09566158375205025,1.821631465813453,0.20369157118300787,1.9247401931307444,1.1543638179144622,0.17655117160067652,0.19813201563822508,0.21196304059752266,0.6358891217925681,0.05
3970,0.57835,False,0.0,0.25429999999999997,1.0,24.4,0.0,0.3650204564506786,0.08977301914714451,1.8518124305654122,0.14538279241908153,1.5554999999999999,0.06075894995801028,0.18157860574821255,0.10169617786352089,6.023822745325791e-183,0.0,0.05
3971,0.4366500000000001,False,0.0,0.273,0.8003,50.0,0.0,0.33619427019513587,0.17325441390332816,2.089913664863465,0.4315714236736888,2.158160466780573,0.9738835727906351,0.3957602058871635,0.332092167515662,0.5114424958001982,0.7934878905068836,0.05
3972,0.5709,False,0.0,0.18180000000000002,1.0,10.0,0.0,0.2678208746798932,0.08089278637574919,1.6966544595978352,0.04919942113344519,1.5196473671807182,0.024257458098233688,0.09828005242407414,0.01590063236363999,2.0440262530413588e-242,0.0,0.05
3973,0.5446,False,0.0,0.19970000000000004,0.9295,10.0,0.0,0.2842065603525857,0.07910327784000773,1.7886863244358868,0.21705347349001988,1.9535129645362055,0.8952519008172449,0.18465247597391415,0.20403233452222716,0.26470130754919896,0.544428009574872,0.05
3974,0.5974,False,0.0,0.199,1.0,1.05,0.0,0.3026111594768063,0.02859681050451727,1.768713268144991,0.06788480252017927,1.5553000000000001,0.06130587247564462,0.11155545723788488,0.017510533871490725,2.605265056709708e-242,0.0,0.05
3975,0.5426,False,0.0,0.19570000000000004,0.9295,10.0,0.0,0.2702368696218109,0.07545358941774,1.783261816658958,0.19188192596328318,1.8123404131309389,0.6011451582455871,0.16693134874359988,0.20105325558769163,0.16704466887502228,0.5011340066250668,0.05
3976,0.5185,False,0.0,0.1844,0.9326000000000001,20.0,0.0,0.25872777297097616,0.10275477043131807,1.8036835497181147,0.24105460770334128,1.7168383960534122,0.44677485218462765,0.17087617609132055,0.2199697982724726,0.16418711937419575,0.4925613581225873,0.05
3977,0.57175,False,0.0,0.18350000000000002,1.0,10.0,0.0,0.2717131670815983,0.07611582790657742,1.7347609426594108,0.05584289998681808,1.5388529513888902,0.054483195280560205,0.10039431193209807,0.0184212981207836,0.0011000000000004916,0.0033000000000014754,0.05
3978,0.57085,False,0.0,0.18170000000000003,1.0,10.0,0.0,0.24774891989339407,0.07732058226805716,1.7054942117839897,0.06517599042890634,1.5479,0.07358729509908625,0.09733959256005731,0.01567924920318242,1.2132466124873873e-242,0.0,0.05
3979,0.5569999999999999,False,0.0,0.22359999999999997,0.9304,10.0,0.0,0.3087402146249888,0.034799557836793456,1.8299753779225216,0.29922759752350475,1.8531211494523674,0.8371381299036342,0.178559456259187,0.1729459158042002,0.05,0.15000000000000002,0.05
3980,0.48544999999999994,False,0.0,0.2217,0.7892,10.0,0.0,0.3198981088962742,0.13588052905279746,1.919839404869461,0.30567048513913164,2.2232663220403666,1.0018415390667517,0.3212660376902916,0.3354688544293526,0.5426634542798322,0.8345418307913199,0.05
3981,0.56375,False,0.0,0.23349999999999999,0.9339999999999999,10.0,0.0,0.30860674298198665,0.05024496043906721,1.8637214464746765,0.2475370116431382,1.7314190360716275,0.537258535364879,0.19714074984255509,0.2163247164148438,0.14990170497019026,0.4497051149105708,0.05
3982,0.47855000000000003,False,0.0,0.16450000000000004,0.9332,35.15,0.0,0.23893043318594653,0.1404728399286813,1.8031848823738492,0.3094424175266751,1.8954715379366298,1.0213134459357556,0.1644681789210529,0.22989019651669326,0.20457153793663005,0.6137146138098902,0.05
3983,0.53555,False,0.0,0.2505,0.883,15.6,0.0,0.3490212405439168,0.17144862360109234,2.0232247649294335,0.43255393260813363,1.9100020426641298,0.8924890330416478,0.3153467389567589,0.363971683502943,0.23728234212512697,0.4978928322056132,0.05
3984,0.57075,False,0.0,0.18150000000000002,1.0,10.0,0.0,0.24366307651138425,0.06693933160338589,1.7422356027174484,0.06784373792440031,1.5477,0.04547977572504069,0.0970517422988776,0.016776522697167465,2.8395630743239407e-242,0.0,0.05
3985,0.49400000000000005,False,0.0,0.2475,0.8141,18.4,0.0,0.3206223015747631,0.1501618373414995,2.0582483926066777,0.45803905657244015,2.2051011747209124,1.0365147364277916,0.3303284764684508,0.3519828127956556,0.19090000961926218,0.29934478732549774,0.05
3986,0.58345,False,0.0,0.2069,1.0,10.0,0.0,0.3014516944879538,0.10790813806365632,1.7882314203829626,0.1309967997082546,1.5871,0.08081763421432235,0.1384698945170293,0.08351721946599697,5.054120501781143e-196,0.0,0.05
3987,0.5902000000000001,False,0.0,0.2641,0.9627000000000001,11.6,0.0,0.3520627700606589,0.1390558797952124,1.876911349184913,0.40390438406319695,1.7763698840435627,0.6775715328790792,0.21450350345299793,0.2635570574593009,0.21839797445938305,0.6551939233781491,0.05
3988,0.5009,False,0.0,0.2694,0.7916000000000001,14.8,0.0,0.3946352959682654,0.10501621728308454,1.9978111483354204,0.343246031379488,2.2906084920817684,1.0947816860067676,0.3680925509127136,0.31952783773006577,0.4990588179996761,0.7634369627927877,0.05
3989,0.61,False,0.0,0.21999999999999997,1.0,0.0,0.0,0.30217074024317847,0.07374484548689937,1.7896526548487746,0.1239960177147868,1.5582111111111119,0.08132623602913748,0.13218695277210057,0.08076097598269065,0.01860000000000052,0.05580000000000156,0.05
3990,0.55895,False,0.0,0.18150000000000002,0.9763999999999999,10.0,0.0,0.2612655966838806,0.08402230411160817,1.7579040764473706,0.10387880965885139,1.6711111111217236,0.3372414894724968,0.12140012316247281,0.07570935613393831,0.07980000000000088,0.23940000000000264,0.05
3991,0.4218,False,0.0,0.2773,0.7215,38.8,0.0,0.344718201551493,0.0638660329632447,2.129706700152469,0.3495036344969899,2.4368789689033408,1.011730452170308,0.40348531827449297,0.300918899526462,0.5063419297107872,0.7301919360109782,0.05
3992,0.5349499999999999,False,0.0,0.2206,0.9292999999999999,20.0,0.0,0.3050791726331989,0.04163252100187303,1.7848870764790683,0.19229404875962605,1.7124939818670886,0.5288277630148553,0.18058569152882786,0.194121526731037,0.16247725928909446,0.48743177786728337,0.05
3993,0.5134000000000001,False,0.0,0.1468,1.0,30.0,0.0,0.2203460210358342,0.11790560432677409,1.705418879231188,0.07034449113391106,1.5605011133829758,0.04183393175080482,0.0887152660695758,0.025820354018627412,0.00530000000000048,0.01590000000000144,0.05
3994,0.5719,False,0.0,0.18380000000000002,1.0,10.0,0.0,0.2762438230631604,0.08448280295345799,1.7169374370259185,0.05620222431993937,1.5623,0.07392841131797709,0.10034022876866441,0.016738193747408696,3.3263933566481947e-237,0.0,0.05
3995,0.49184999999999995,False,0.0,0.24669999999999997,0.7962,14.8,0.0,0.3357530697611926,0.130159074367804,2.0137511125512555,0.3571173609706175,2.3548277002356253,1.2987526448311688,0.3487249369725465,0.3333479836792154,0.452392414099099,0.725757370568494,0.05
3996,0.5708,False,0.0,0.18160000000000004,1.0,10.0,0.0,0.25423258837064233,0.08046054059885964,1.7343069926662966,0.05428825797756774,1.5610514023356967,0.05391172830755501,0.0994323650069029,0.01806178825330543,2.2483417845925714e-242,0.0,0.05
3997,0.57075,False,0.0,0.18150000000000002,1.0,10.0,0.0,0.2783897559352252,0.07812134099736556,1.69311769728914,0.04705381520656266,1.5523,0.04277861615340075,0.09915282023951819,0.018130228462143436,2.505929780585307e-242,0.0,0.05
3998,0.5439999999999999,False,0.0,0.22599999999999998,0.942,20.0,0.0,0.3097312314422337,0.10196048727913032,1.8838228327470428,0.36133037240164395,1.805499797289342,0.833302368324496,0.20905455333782483,0.2612772668475997,0.1695997972893424,0.5087993918680271,0.05
3999,0.5688000000000002,False,0.0,0.27290000000000003,0.9303000000000001,16.4,0.0,0.3485381500611553,0.04714413803967645,1.940340108326063,0.2334950528429159,1.742876494904814,0.49565282842137615,0.2586834043888789,0.20280703536278738,0.1708336434568618,0.5125009303705854,0.05
4000,0.4859,False,0.0,0.2426,0.7932,16.0,0.0,0.3152525528638959,0.10399356188537619,1.9652434261013476,0.3407379843353443,2.287974539479064,1.1559338744457028,0.3184397272447562,0.30620873733542603,0.5204950914750743,0.8069421089877772,0.05
4001,0.5078,False,0.0,0.2792,0.8564,30.0,0.0,0.33508693660198435,0.04144447276573694,1.969588597234227,0.22782005335000693,2.055239992340343,0.8762914539439963,0.32284337911213346,0.26079104537854897,0.3778615790463894,0.6856529360924467,0.05
4002,0.5597,False,0.0,0.18980000000000002,1.0,17.6,0.0,0.3058098058857453,0.08880474887538956,1.712640625133401,0.051947056940954195,1.5799000070831841,0.03591782861256756,0.110557665460485,0.0295146330407072,8.244668249025216e-231,0.0,0.05
4003,0.47729999999999995,False,0.0,0.2048,0.8585999999999998,27.2,0.0,0.250879783184936,0.10790477453872574,1.889662817557165,0.27363422500184625,2.1182769780763135,1.1935250845174725,0.24990368584346623,0.2715124680981007,0.3795653523233498,0.766595920898483,0.05
4004,0.48579999999999995,False,0.0,0.23959999999999998,0.7912,14.8,0.0,0.3201542201952666,0.11028604271113805,1.981432191965603,0.3227033552228003,2.1266777904086855,0.8924580835657036,0.3037846510289271,0.28618483466995914,0.4871291062481111,0.7446268450911402,0.05
4005,0.5582,False,0.0,0.2164,0.9288000000000001,7.2,0.0,0.3067327981661932,0.03795840667685772,1.781281089610291,0.2082215388510375,1.8078368769338584,0.7651218331496039,0.1839465402597258,0.2072076640713371,0.15380000000047728,0.4614000000014317,0.05
4006,0.46725000000000005,False,0.0,0.22640000000000002,0.8089000000000001,25.2,0.0,0.2909571293251595,0.15252705673990155,2.0059303314073853,0.48580282814704634,2.214286259193524,1.0265310587062602,0.3187839465017771,0.36179896198062056,0.5566539749799423,0.8423723105639782,0.05
4007,0.5068,False,0.0,0.2512,0.8024000000000001,10.0,0.0,0.33232235127416593,0.13971761443566563,2.0541804557626815,0.42197960332871853,2.113565484967099,0.8906464470273615,0.3495748965320344,0.33727270247370805,0.44097655655662893,0.7250647503425331,0.05
4008,0.5775,False,0.0,0.21550000000000002,0.9795,10.0,0.0,0.3124649512219898,0.036821783513258564,1.765866155712256,0.11294927233380582,1.6825111111111124,0.3307094327183478,0.14881295417650447,0.08519480594949887,0.07980000000000088,0.23940000000000264,0.05
4009,0.4857,False,0.0,0.2453,0.8589,33.2,0.0,0.31621424713556817,0.10382624728742683,1.952018694988089,0.28038447224728913,2.0805803974354253,0.965196571843468,0.2781652725396212,0.24872242380742937,0.40704279876284366,0.8160331723689656,0.05
4010,0.5712,False,0.0,0.21390000000000003,0.9285,0.0,0.0,0.31716830902382176,0.040547887011798206,1.8047769892621564,0.19284380970490075,1.821782579971672,0.7815148806970877,0.1733438682493267,0.20283578493173274,0.15606730730627538,0.4682019219188261,0.05
4011,0.5038999999999999,False,0.0,0.20669999999999997,0.8587,14.4,0.0,0.2782264392208206,0.08780166732478811,1.8789998130738268,0.27321050757559023,2.0791879092469037,1.0274611556683282,0.23936787099446794,0.2827907899566749,0.3455966705543778,0.692213026557212,0.05
4012,0.5260000000000001,False,0.0,0.1975,0.9297000000000001,18.8,0.0,0.2779767044837561,0.09309702078819924,1.8093888859531866,0.27157797943228623,1.7777117664645306,0.6288615962820593,0.16333500456291647,0.18359635643030936,0.18055918830952777,0.5416775649285832,0.05
4013,0.5926,False,0.0,0.22519999999999998,1.0,10.0,0.0,0.3100244221428281,0.04394794538683862,1.8126629565659016,0.14803716490987387,1.583,0.07695453203028399,0.13869370350004578,0.07622924196494843,8.401556997399536e-196,0.0,0.05
4014,0.42315,False,0.0,0.2675,0.6636,21.2,0.0,0.3257737762528977,0.12731932256629816,2.1405607203001247,0.4515435778375965,2.7136390521666964,1.1729968384194838,0.4403220850744253,0.3503289066734215,0.8937493456201281,0.8993045467475714,0.05
4015,0.5430999999999999,False,0.0,0.19780000000000003,0.9283999999999999,10.0,0.0,0.30121793433156313,0.09080375324903737,1.77628095011916,0.1648293088842546,1.7113679848075485,0.437185831374053,0.1737589314831665,0.20742741297751935,0.15190068880829163,0.45570206642487493,0.05
4016,0.4781500000000001,False,0.0,0.1649,0.9306000000000001,34.8,0.0,0.2438450273898102,0.13586416009638974,1.7563450375227023,0.22266208771198406,1.8338634892176509,0.7285282629617363,0.16239746473744623,0.22510109942024062,0.19875498227320576,0.5949328087671867,0.05
4017,0.43995,False,0.0,0.2395,0.722,20.4,0.0,0.3002756149945856,0.09191248079850609,2.034771960244123,0.40559842980022576,2.3981509819693634,1.0898045528314528,0.362437581152734,0.3290708146676631,0.6927428128740619,0.8514662843181824,0.05
4018,0.46129999999999993,False,0.0,0.29979999999999996,0.8228,50.0,0.0,0.37713159237283755,0.10543652355408309,2.065822581741596,0.3896234732432602,2.1674262258267034,0.9607319689638517,0.38694205879326316,0.3501066501198678,0.48013191865379284,0.7339172934741843,0.05
4019,0.5728500000000001,False,0.0,0.21700000000000003,0.9287000000000001,0.0,0.0,0.3009661360089232,0.03992528133987132,1.8245036795564722,0.21878116922486443,1.9090634618246114,0.9491787415039408,0.18391110015205978,0.19300891990692803,0.20473806543278314,0.4688620519943898,0.05
4020,0.4947500000000001,False,0.0,0.2827,0.8268000000000001,30.0,0.0,0.38205225032916673,0.13565009644691575,2.080649782241822,0.45167822715240247,2.201419889560482,0.9019202797337404,0.3814280095332582,0.37572257511292195,0.5411875765494824,0.8279169730477094,0.05
4021,0.5995,False,0.0,0.199,1.0,0.0,0.0,0.2885240120245399,0.013717079320424546,1.7409556294396258,0.05769098073483508,1.5827000000000002,0.09250627005776425,0.10239082737389285,0.0010659402756571473,2.5753905249078045e-242,0.0,0.05
4022,0.5001,False,0.0,0.23699999999999996,1.0,59.2,0.0,0.3093133656514923,0.16408805141608024,1.8563357605958242,0.22987883954297172,1.5900000000000003,0.058345522536009574,0.19689020477664987,0.15161437150432883,5.90420283116655e-164,0.0,0.05
4023,0.4424,False,0.0,0.3503,0.7537,54.8,0.0,0.42058906484192066,0.08532690875792837,2.2744353744767536,0.42645916815489615,2.4383700533716492,1.0963887925334546,0.48037261689711946,0.30781265064402963,0.5527501847107811,0.7502615043033642,0.05
4024,0.5196,False,0.0,0.2226,0.8565999999999999,10.0,0.0,0.29771654873444037,0.026377467368569434,1.842456283318531,0.22644005322147845,2.1974813310243397,1.2000409322247092,0.23469618519550073,0.26325850655988053,0.36407937884735875,0.7300625634956042,0.05
4025,0.5899000000000001,False,0.0,0.20700000000000002,1.0,6.8,0.0,0.30235003186737364,0.03689772029595642,1.7186082673721965,0.04336321225131157,1.5609,0.0682677815664168,0.11438035697492115,0.033544137212226585,9.065077645340264e-219,0.0,0.05
4026,0.48560000000000003,False,0.0,0.26449999999999996,0.8683,40.4,0.0,0.36154050126431886,0.13669317252625424,2.045150715225282,0.43397709180724225,2.2683267597138377,1.1656779580119088,0.34130760060132,0.30935580652581357,0.43045355488316994,0.7053779379387819,0.05
4027,0.5447,False,0.0,0.16940000000000002,1.0,20.0,0.0,0.2622860114872855,0.09299097223219624,1.7624804402118,0.07125086375013193,1.5816000000000001,0.1028038909769471,0.11221153268948976,0.03512146079023191,4.7975173285580415e-237,0.0,0.05
4028,0.5995,False,0.0,0.199,1.0,0.0,0.0,0.28150273504804435,0.018510913188941804,1.7469606596035216,0.04234121609434764,1.5834,0.08245871694369249,0.10319941950648506,0.002592756047475034,2.570442839532302e-242,0.0,0.05
4029,0.5332,False,0.0,0.1995,0.9292999999999999,15.6,0.0,0.2786791437954116,0.08255451012052473,1.8001855487978986,0.2139459688568959,1.837679816662734,0.8610024488947206,0.1626885950806481,0.1881486982820035,0.1683799233892563,0.5051397701677689,0.05
4030,0.5695,False,0.0,0.219,1.0,20.0,0.0,0.3207044754952891,0.10358722529681232,1.8245395145197392,0.20232881276676487,1.5451000000000001,0.043008022507434594,0.1544679674531464,0.09698414639298913,1.0157656768520083e-184,0.0,0.05
4031,0.5421499999999999,False,0.0,0.1643,1.0,20.0,0.0,0.23971849300582435,0.1037725505665627,1.6993814157178684,0.06801055062131284,1.5508000000000002,0.055564017133393095,0.09319110612481593,0.021466869594146388,1.5238370276022921e-242,0.0,0.05
4032,0.6039,False,0.0,0.21100000000000002,1.0,0.8,0.0,0.31274896560770815,0.07059673272785985,1.7536641917761269,0.05490509611161599,1.588,0.07723082286237799,0.12010908684052594,0.04001825448964055,3.7951421204361795e-220,0.0,0.05
4033,0.60995,False,0.0,0.21989999999999998,1.0,0.0,0.0,0.29198216908660524,0.02383600959624663,1.7841858870295861,0.13094942837238144,1.5534000268489856,0.06451390094796619,0.13013555327520124,0.06805780120275656,1.1564902826129024e-194,0.0,0.05
4034,0.5278999999999999,False,0.0,0.17420000000000002,1.0,29.6,0.0,0.2424396356399908,0.11217835990156073,1.7061680839075337,0.07829489762140836,1.5192,0.03102192772862446,0.10674454889295655,0.05140674191426532,9.505457633288053e-213,0.0,0.05
4035,0.4198000000000001,False,0.0,0.2567,0.8161000000000002,58.3,0.0,0.3179868802068517,0.14231264466439697,2.112917941421785,0.5520322236230889,2.5909598800246187,1.7160055917366013,0.35485623689184526,0.335423803244642,0.5163500735283483,0.9189048744694279,0.05
4036,0.5016499999999999,False,0.0,0.2218,0.8615,20.0,0.0,0.32641755322699495,0.11820967238676135,1.8750455133407802,0.31182689830582716,1.8814824589397208,0.6756868470671094,0.2504014413695611,0.2618411376479618,0.2705480897588279,0.5813381018068878,0.05
4037,0.4885,False,0.0,0.3025,0.7945,30.0,0.0,0.4137067997501826,0.12758834250463477,2.0686240537600247,0.32077738334757844,2.42191447653756,1.3480515792679313,0.40543814945343837,0.32315775014790726,0.5666333812030919,0.8692273746438022,0.05
4038,0.566,False,0.0,0.24199999999999994,0.93,10.0,0.0,0.3196946432846071,0.047811531895222206,1.8756215062983213,0.1987813486448265,1.7404434887428395,0.48517641619763724,0.1959764378272802,0.18728468847217708,0.15156466206130267,0.454693986183908,0.05
4039,0.49585000000000007,False,0.0,0.2129,0.8684000000000001,22.4,0.0,0.27375370127309506,0.13169938815454757,1.8922477224659748,0.3721741740692512,2.0750345695596115,1.016231550257495,0.26357047722861143,0.31947363433277415,0.37271789798901434,0.7455862386878536,0.05
4040,0.5859000000000001,False,0.0,0.20700000000000002,1.0,8.8,0.0,0.30566796989319683,0.03943763273014146,1.7686590283427754,0.0852991350963139,1.527844444482857,0.03839120274261381,0.12170503518774609,0.04052812400759809,0.005400000000000361,0.01620000000000108,0.05
4041,0.51145,False,0.0,0.21150000000000002,0.8577999999999999,11.6,0.0,0.29302031586207883,0.09529542656233346,1.867920448347606,0.28458160162222146,1.9484935610619698,0.7993095800955753,0.2223575423234066,0.24978978991254175,0.33274251120787185,0.6654854711812243,0.05
4042,0.57085,False,0.0,0.18170000000000003,1.0,10.0,0.0,0.2630630453615806,0.07065493616338317,1.7180399250781935,0.06299704979638922,1.5595,0.06387213790065278,0.0977047871064321,0.016075429547276816,1.6436588917042308e-242,0.0,0.05
4043,0.5995,False,0.0,0.199,1.0,0.0,0.0,0.27794877374326515,0.014758265331609908,1.7624022595839932,0.055703793850884094,1.528,0.040157191136831256,0.10196806880514409,0.001328897095871105,2.588951289712922e-242,0.0,0.05
4044,0.6015,False,0.0,0.203,1.0,0.0,0.0,0.2941627947662197,0.02480564827472402,1.73167730360121,0.03898278073721055,1.5423,0.06859599113650888,0.10705254997823355,0.007898235289426816,3.4454305499025955e-237,0.0,0.05
4045,0.57155,False,0.0,0.21300000000000002,0.9301,0.0,0.0,0.29485047867769276,0.027714834681871102,1.8067986071193185,0.2533023488995126,1.716771890453702,0.5252634736667792,0.15874783997328826,0.1680338909230498,0.1602169517101179,0.4806508551303537,0.05
4046,0.5440999999999999,False,0.0,0.22899999999999995,0.8591999999999999,0.0,0.0,0.34197772108798696,0.07272828701526694,1.903432684581491,0.27644374314667836,1.8742161425729922,0.7316554860094615,0.2534147063024444,0.27635153587933403,0.24428046512485713,0.524178454895067,0.05
4047,0.4634499999999999,False,0.0,0.24769999999999998,0.7976,29.6,0.0,0.3373522904734418,0.11969850385528044,2.001089074804054,0.43557050977586514,2.0825018865251206,0.8158406560000349,0.33005950746236146,0.3243208406829834,0.46317914171743146,0.7076171596169729,0.05
4048,0.57895,False,0.0,0.3071,0.9308,20.0,0.0,0.40180655430199447,0.11384664238689332,2.026289244772071,0.28779378023231117,1.975020203557925,0.826269853659808,0.32415963191690395,0.25706039155647176,0.2488530056877552,0.5105830627089644,0.05
4049,0.5995,False,0.0,0.199,1.0,0.0,0.0,0.2857505971417053,0.01567477742983045,1.7189474174610595,0.03902665917834982,1.5527,0.06634915221764329,0.1028896843026718,0.001663946313016089,3.3517003178017954e-242,0.0,0.05
4050,0.56315,False,0.0,0.1967,1.0,17.6,0.0,0.2868873932144984,0.10369171238534027,1.7695713445095134,0.09920016134590444,1.5241,0.0397780089999487,0.1211285337167413,0.06746695030662903,2.0412796243400787e-203,0.0,0.05
4051,0.49675,False,0.0,0.23349999999999999,0.8,10.0,0.0,0.2820127496084097,0.08859874896823174,1.917562943058461,0.35764752522246823,2.1519821789110276,0.9310580258055264,0.3055870676944174,0.3215214802896974,0.4921265403232266,0.7518397562230621,0.05
4052,0.43955,False,0.0,0.2118,0.8673,50.0,0.0,0.27660228821589017,0.15743346372919093,1.922774671214972,0.3785385256166358,2.033647495013688,1.0190473273408314,0.2689455544617433,0.29767773607448067,0.22518206883601355,0.49750514818101926,0.05
4053,0.5322499999999999,False,0.0,0.2002,0.9442999999999999,20.0,0.0,0.2936130727403751,0.1621356649588678,1.8660852488419946,0.38376869652379814,1.790932245963545,0.7647560008767227,0.19197976154767463,0.27392409242757915,0.17026033637936552,0.5107810091380967,0.05
4054,0.56065,False,0.0,0.2622,0.8760999999999999,4.25,0.0,0.3478138872006695,0.10151425587275724,1.9716340477695578,0.3821239589860921,1.9431121532453197,0.7890025536302058,0.2666921659283904,0.28118565669934825,0.3395840551401982,0.6804594021642961,0.05
4055,0.57085,False,0.0,0.18170000000000003,1.0,10.0,0.0,0.2617246932281662,0.06887477516650092,1.6920620548081498,0.06418862371411635,1.5567,0.07192781103300724,0.09752155946741886,0.015909228647059497,1.6552327606440173e-242,0.0,0.05
4056,0.42954999999999993,False,0.0,0.2682,0.7672999999999999,44.1,0.0,0.33281403573270435,0.20815670064895242,2.124949296127,0.5682388253344292,2.568444789510818,1.2992292733404038,0.410003651768929,0.40938351208878765,0.7227645951458064,0.8932586823297662,0.05
4057,0.5995,False,0.0,0.199,1.0,0.0,0.0,0.27872032108221634,0.02006161116504624,1.7114380687363204,0.03911707737056878,1.5558835086724832,0.07120796819043132,0.10512798449078502,0.0052975968806585946,0.009600000000000618,0.028800000000001852,0.05
4058,0.5718,False,0.0,0.18360000000000004,1.0,10.0,0.0,0.26077453696723707,0.06852440673572215,1.7591355168916496,0.05374250750638608,1.5465,0.05377592398090432,0.0985801963090266,0.0168765289067794,1.8024172401300366e-237,0.0,0.05
4059,0.57085,False,0.0,0.18170000000000003,1.0,10.0,0.0,0.2607526839956008,0.08062025698260882,1.6920179104087563,0.05002143453402522,1.5485000000000002,0.04622823812346738,0.09690954340442348,0.015501282051003868,2.3851033041820693e-242,0.0,0.05
4060,0.5750500000000001,False,0.0,0.269,0.8971,4.0,0.0,0.37094570645604036,0.11291677949999157,2.002475605360773,0.4921015242201864,2.0119036609563388,0.7991866788095163,0.27715367370924904,0.3413854090278552,0.3523485509883145,0.7132685565005522,0.05
4061,0.48394999999999994,False,0.0,0.26569999999999994,0.8622,40.0,0.0,0.3744166567336262,0.050248455404530885,1.9702947500833616,0.3002268316691355,2.0010689543207945,0.9128639449610387,0.30563433837162096,0.26067507450180494,0.3905943881571713,0.7826786032751651,0.05
4062,0.5708,False,0.0,0.18160000000000004,1.0,10.0,0.0,0.24558686151285944,0.07690861213537653,1.7144289021091734,0.06336608737223937,1.5657,0.10780635417265534,0.09728617767924545,0.016478639636679497,1.5863887571782516e-242,0.0,0.05
4063,0.4887500000000001,False,0.0,0.19610000000000002,0.8614,20.0,0.0,0.273197670203265,0.11556342075464152,1.8490138069965583,0.3174228369444571,2.0199049508431246,0.9979097575144735,0.24285702520026847,0.3072991752693404,0.2548042731252352,0.5231083317181441,0.05
4064,0.5995,False,0.0,0.199,1.0,0.0,0.0,0.286609276811154,0.023109167876221498,1.7641982109855256,0.04161008546852583,1.5928999999999998,0.14076821374159731,0.10538422171493125,0.007903508626449436,2.666763115537266e-242,0.0,0.05
4065,0.5206500000000001,False,0.0,0.22000000000000003,0.9413,30.0,0.0,0.3053057914339953,0.1564489536774352,1.8638787316710368,0.346215708883859,1.7771079648573849,0.6909415428952056,0.219051272326458,0.26381739948368327,0.2035360552732052,0.6106081658196155,0.05
4066,0.57075,False,0.0,0.18150000000000002,1.0,10.0,0.0,0.2604974901539393,0.07723667963429429,1.7069988424311173,0.05517541896218556,1.5372,0.05004557922534217,0.09664532832488325,0.016834324774834587,2.2758056000855896e-242,0.0,0.05
4067,0.38495,False,0.0,0.3062,0.6261,40.6,0.0,0.39790832615934624,0.17276094778937276,2.356155442563949,0.5668446728957819,2.914052331805466,1.1574649819718246,0.541900936384394,0.36991995132707733,1.022856619482809,0.9295279228279961,0.05
4068,0.53935,False,0.0,0.19870000000000002,1.0,30.0,0.0,0.293316706829423,0.10360450730231784,1.7415968369970538,0.08121609752452297,1.5763000000001604,0.07692860326326889,0.12637896663589,0.05694293898780803,8.498541454600261e-220,0.0,0.05
4069,0.52015,False,0.0,0.2744,0.8587,23.2,0.0,0.38374278801141515,0.07001599932187956,1.9710263448592582,0.25872240032167465,2.1034664355151187,1.1506823815302896,0.32389634606568485,0.28119694101349957,0.38111737342924706,0.7631088061775716,0.05
4070,0.54215,False,0.0,0.16430000000000003,1.0,20.0,0.0,0.2421206163164836,0.10028887512098483,1.712908837936924,0.06598871657396467,1.5653288452148444,0.07084095643167052,0.09177983400205522,0.021575838410519788,0.0023000000000002814,0.006900000000000844,0.05
4071,0.5160499999999999,False,0.0,0.2222,0.9299,30.0,0.0,0.2949163049451896,0.08943478850143653,1.8544300357934567,0.2589409899649593,1.8007247253649212,0.7434443774795434,0.19520164651078775,0.1781335285381032,0.059000000000000406,0.14942891286494733,0.05
4072,0.50665,False,0.0,0.29419999999999996,0.8103,22.8,0.0,0.40694234173588584,0.15118158086262698,2.0899883152088488,0.3829147883450925,2.1478843895545703,0.9545734561357087,0.3854067020466819,0.33833291891883455,0.5132317106988517,0.784539234343232,0.05
4073,0.5638,False,0.0,0.2395,0.9281,10.0,0.0,0.3331942317724586,0.055764683619506504,1.8706450809396926,0.2280571846056068,1.8588448283567505,1.005742313252006,0.2091445856579958,0.2061513022664816,0.1622432533667429,0.4867297601002286,0.05
4074,0.44339999999999996,False,0.0,0.2,0.8612,43.6,0.0,0.2794381538413664,0.13626496545488653,1.8935623292329133,0.4066355826639271,2.0202828406714337,0.9023947787036928,0.24195803955671275,0.2769159997759085,0.40228284067143355,0.8078705639874973,0.05
4075,0.5995,False,0.0,0.199,1.0,0.0,0.0,0.27132494562357745,0.01874002590002208,1.724478232722079,0.04764814280590582,1.5544,0.10198352808174471,0.10269440551188842,0.002205041828883683,2.2310049147570294e-242,0.0,0.05
4076,0.5351,False,0.0,0.20249999999999999,0.9285,15.2,0.0,0.2781828906531835,0.08912241160457562,1.7896141862128725,0.2375746791540296,1.7433940513419575,0.5577837247853219,0.17130044032458952,0.20033486383403915,0.15977489667009398,0.47932469001028194,0.05
4077,0.37915,False,0.0,0.28250000000000003,0.583,26.8,0.0,0.3349511147944817,0.1047249347560667,2.2113001954702876,0.35274308057546333,2.95708863216841,1.2010561808600697,0.5453057215164331,0.33196608191407284,0.8958412265983988,0.8092831751085254,0.05
4078,0.46019999999999994,False,0.0,0.2151,0.8604999999999998,38.8,0.0,0.27201521043915633,0.12090142532558121,1.937070386222525,0.3400154570221041,2.0299124968459834,0.9388083767531901,0.23249216378630883,0.23028658154718729,0.23294165305734088,0.5427874089558423,0.05
4079,0.53695,False,0.0,0.19390000000000002,1.0,30.0,0.0,0.25784031727924933,0.12020571053176621,1.762176096371838,0.1645874773955358,1.6116001215241025,0.10020788189625232,0.1334129681322112,0.11745945993382237,4.5522098725097125e-160,1.365662324484624e-159,0.05
4080,0.4244,False,0.0,0.27559999999999996,0.6724,24.8,0.0,0.3023757908832355,0.11970604216890489,2.2170117752500262,0.49699729793480285,2.8522398456780045,1.3529797236912282,0.4589535405137715,0.37005620125370675,0.7454466696163949,0.8303080165177057,0.05
4081,0.5470999999999999,False,0.0,0.22469999999999998,0.9286999999999999,14.8,0.0,0.31668970038907024,0.05608333557422568,1.8348622270581767,0.2514129322978194,1.8142029094094938,0.726696358451904,0.18673631530553292,0.1927054379261149,0.16348189936395469,0.49044569809186417,0.05
4082,0.5995,False,0.0,0.199,1.0,0.0,0.0,0.29440561833713896,0.01598462045072309,1.7076127240591699,0.031196434947462562,1.5502,0.06360943326268524,0.10349395583279375,0.002049905345803373,1.6074698671760631e-242,0.0,0.05
4083,0.521,False,0.0,0.2759,0.8093,10.8,0.0,0.374961801127898,0.09448240650569817,2.043936489471793,0.4152612557297567,2.258278228746762,1.091845863331667,0.3542603546361098,0.34494759254947055,0.5660876650406426,0.8682545647843636,0.05
4084,0.5423,False,0.0,0.16460000000000002,1.0,20.0,0.0,0.22714029036049257,0.09660400821104545,1.7251664599537562,0.07075235615667105,1.5498,0.06815541064361655,0.09424960329240445,0.02198666627810972,2.009728646634767e-242,0.0,0.05
4085,0.57375,False,0.0,0.18750000000000003,1.0,10.0,0.0,0.26968767507295327,0.08109570480962217,1.7368619365344173,0.0545688700970033,1.5587000000041935,0.09906265693745386,0.10316823873357106,0.01884427973226205,5.650081630784585e-237,0.0,0.05
4086,0.49289999999999995,False,0.0,0.1774,0.9283999999999999,30.0,0.0,0.2518021137640968,0.11525571367982253,1.78306150213457,0.1597141861801917,1.839972464737377,0.8616586130439268,0.16405249492720744,0.21126867462850332,0.2162160458550117,0.6486481375650351,0.05
4087,0.45575000000000004,False,0.0,0.2818,0.7897000000000001,40.0,0.0,0.3721584379053331,0.04225296067997032,2.0902543599461105,0.33795028465101123,2.523722404939162,1.5832414666398211,0.3807345334408208,0.26904350511974173,0.610746523836837,0.9332250556363436,0.05
4088,0.5401,False,0.0,0.20020000000000002,1.0,30.0,0.0,0.2713490537418325,0.14998087029684812,1.770591045051776,0.19740078368708722,1.6146999999999998,0.12126009236348129,0.14450074094277549,0.12605574027241678,3.641767883080228e-159,1.092530357031391e-158,0.05
4089,0.49945,False,0.0,0.24169999999999997,0.8772,30.0,0.0,0.32371004207535914,0.11656629631549328,1.9726085641725395,0.40396163553455516,2.1327467321368467,1.1945949630371941,0.2791272986566986,0.31440389076952047,0.2117000000125091,0.48932403378018124,0.05
4090,0.57185,False,0.0,0.18370000000000003,1.0,10.0,0.0,0.2658813015478721,0.08207469188576544,1.7280479107241753,0.04870328811742587,1.5491,0.05075322649842077,0.0998733139152051,0.018457505820614343,4.4336731243639404e-237,0.0,0.05
4091,0.6005,False,0.0,0.201,1.0,0.0,0.0,0.2994832464631515,0.023388666265067706,1.7392350120691353,0.04069397876982684,1.54561111111641,0.04331595805958381,0.10646952458693708,0.004900795493022008,0.00600000000000037,0.01800000000000111,0.05
4092,0.5747500000000001,False,0.0,0.21830000000000002,0.9312000000000001,0.0,0.0,0.30741808722746417,0.031213340106632084,1.8234530224283696,0.22959986041567207,1.8448550296040167,0.8789279375589617,0.17619002740371523,0.20005554364890635,0.18201518785881032,0.5417260955659895,0.05
4093,0.5379499999999999,False,0.0,0.25639999999999996,0.9330999999999999,28.4,0.0,0.3865121473031481,0.12162965963576915,1.8929042552945543,0.17555589385953227,1.7013223545575566,0.5041586177470577,0.24334289002799364,0.22121540087920105,0.17550080192543377,0.5265024057763014,0.05
4094,0.45344999999999996,False,0.0,0.2671,0.7998000000000001,40.0,0.0,0.338785978116716,0.11660074276483731,2.039299985438171,0.3816096410884566,2.2200969605220906,1.0518842738712368,0.36337434532601615,0.3244273681040023,0.40515408766050953,0.6808568333354166,0.05
4095,0.554,False,0.0,0.2579,0.8731,5.75,0.0,0.3906986510508234,0.08436250592746548,1.9685440384156927,0.3000218654446724,2.023930206289373,0.9500279995365588,0.2958084301336211,0.30845966847762624,0.3261728107183675,0.6524593987268326,0.05
4096,0.6005,False,0.0,0.201,1.0,0.0,0.0,0.2902699711296551,0.020625260992229957,1.7499721839083306,0.0643910893952606,1.5689002514309485,0.07199760658094298,0.10847202597605587,0.012798915246330148,1.280153711365549e-239,0.0,0.05
4097,0.54035,False,0.0,0.288,0.8695,19.2,0.0,0.3918723534803137,0.12117605584530639,2.019853974931163,0.2974907532670199,2.0336709120360985,0.9841471067648327,0.31828560902068626,0.28662519961206623,0.36694075641156676,0.7351391163007217,0.05
4098,0.57085,False,0.0,0.18170000000000003,1.0,10.0,0.0,0.26035462746403215,0.07697811814627568,1.7262825257154233,0.05637302639855883,1.5800999999999998,0.07369321542720195,0.09711279575391173,0.01567366134983277,2.218097870167974e-242,0.0,0.05
4099,0.5995,False,0.0,0.199,1.0,0.0,0.0,0.278959060373279,0.01733452397864968,1.7132159008490244,0.04427819407765625,1.5716999999999999,0.0547887762228725,0.10252268838132306,0.0006968319057975574,8.677011169505789e-243,0.0,0.05
4100,0.5899,False,0.0,0.23819999999999997,0.9416,0.0,0.0,0.33975326499091396,0.13119652096619175,1.9139022640697334,0.2779683969829462,1.8283278735801278,0.6938085340688777,0.21593958794324966,0.2417944127386098,0.1839338284764222,0.5518014854292667,0.05
4101,0.5173500000000001,False,0.0,0.1947,1.0,40.0,0.0,0.2625643752812695,0.11514753606445866,1.7672822658919063,0.1536652564476518,1.5949,0.06763941158821539,0.14077908567789071,0.08981453962148021,2.3215344238683775e-193,0.0,0.05
4102,0.5060999999999999,False,0.0,0.18780000000000002,0.9283999999999999,26.0,0.0,0.2722728759209876,0.11947476450257388,1.7977085249621276,0.2008860074928674,1.8076010299394198,0.793663233951268,0.17581266729691325,0.21657981089474612,0.15180001924758604,0.4554000577427581,0.05
4103,0.53825,False,0.0,0.27969999999999995,0.8640000000000001,16.8,0.0,0.38656539609413887,0.12801567650642348,2.0210464800305927,0.37170520565276965,2.079601584866565,1.026647213326108,0.32663576999054145,0.29867113492737457,0.4570460293108177,0.8994172182997454,0.05
4104,0.57105,False,0.0,0.1821,1.0,10.0,0.0,0.2728295432517643,0.09269841512779606,1.6983652855866864,0.047979561416222866,1.5157,0.025538402455909392,0.10052012786762907,0.017239529457702706,1.7688985502523315e-242,0.0,0.05
4105,0.5444500000000001,False,0.0,0.2698,0.9391,30.0,0.0,0.3431376130901441,0.08453562831625004,1.9537575787300732,0.25488038509118477,1.8253945413896535,0.8729100348000399,0.25486580083608973,0.2282701535989059,0.19497420295151915,0.5849226088545574,0.05
4106,0.5635500000000001,False,0.0,0.22900000000000004,0.9333,8.8,0.0,0.31577286481842143,0.03431577593891418,1.8257510890415183,0.22620357921081619,1.7402522815372563,0.5543326553258102,0.19916160067858785,0.23729795339133686,0.15600961041964884,0.4680288312589465,0.05
4107,0.57095,False,0.0,0.1819,1.0,10.0,0.0,0.27217769928801755,0.07854363556368535,1.7524308910272346,0.06627745622644857,1.5647,0.05885074341076757,0.10066407948265728,0.019901338304680757,2.363810949012324e-242,0.0,0.05
4108,0.5723,False,0.0,0.18460000000000001,1.0,10.0,0.0,0.28436840390331014,0.07547555941516702,1.7042970229807661,0.05425935880246935,1.5573,0.05458580401532986,0.10137117415674654,0.01624073021056101,2.1211648442959338e-237,0.0,0.05
4109,0.5551,False,0.0,0.227,1.0,29.2,0.0,0.3074199791357962,0.12122475790182295,1.8201305266892631,0.18885215781324954,1.5763000000000003,0.09836874503621569,0.1629810442957962,0.13498923029159104,3.641767725062844e-159,1.0925303118092464e-158,0.05
4110,0.5169999999999999,False,0.0,0.24659999999999999,0.8674,20.0,0.0,0.336667489555398,0.0681796129145044,1.9450227535768871,0.3745065133517176,1.9246369607283462,0.7657652171381373,0.2544082267014967,0.2690997216601823,0.3352528798286266,0.6749309541766858,0.05
4111,0.49350000000000005,False,0.0,0.2084,0.8778,24.8,0.0,0.29330315624662695,0.16033246178874572,1.9183201780551804,0.3977062171571693,1.9777247342319282,0.8632080555106652,0.24787129949008238,0.31677889180952745,0.33035979721258313,0.6609057613594145,0.05
4112,0.6035,False,0.0,0.207,1.0,0.0,0.0,0.284132893798961,0.02946391736327187,1.7661785468702291,0.0637067736866317,1.529,0.04904487740834918,0.10961674995244122,0.016043067341590667,2.777625637912747e-225,0.0,0.05
4113,0.5868,False,0.0,0.2136,1.0,10.0,0.0,0.3111880235351211,0.0470948884823017,1.7523610869073238,0.04947706604482301,1.5402888894187083,0.0309855884342143,0.12472459909866354,0.05170996932490565,0.0046000000000003495,0.01380000000000105,0.05
4114,0.5851999999999999,False,0.0,0.2104,1.0,10.0,0.0,0.30093070616952694,0.026561251722096578,1.8043258348770082,0.07217645228622124,1.667377777777779,0.31894091406821584,0.13568323868810803,0.06276869176340448,0.07590000000000088,0.22770000000000265,0.05
4115,0.5367,False,0.0,0.2671,0.8623000000000001,14.0,0.0,0.3537291513727049,0.04968083647908232,1.9928813925418765,0.3053949014691266,1.9773180869811042,0.7822473575085945,0.2755017665180953,0.23093786753369902,0.3290456584365504,0.6607492907826624,0.05
4116,0.55395,False,0.0,0.2169,0.9326000000000001,10.4,0.0,0.33713646289005117,0.05405807481991912,1.7893176513632763,0.17152044080186185,1.6601000006675768,0.33399953584169056,0.18665963685993092,0.20778827102230957,0.08000000000000031,0.24000000000000093,0.05
4117,0.48239999999999994,False,0.0,0.32859999999999995,0.7226,21.6,0.0,0.42803654844297523,0.1132674678578121,2.2166642642767114,0.34903813119402766,2.4496547064695724,0.9984874648288692,0.5006691555690922,0.2991896831543131,0.48006668414437204,0.6579309876013211,0.05
4118,0.517,False,0.0,0.21139999999999998,0.9298,26.8,0.0,0.3165476007051188,0.10742979201222688,1.8524840261140938,0.2516031611078737,1.788878866840432,0.6318021738222495,0.18883129704368481,0.17694652528292548,0.17275700057141324,0.5182710017142398,0.05
4119,0.54335,False,0.0,0.16670000000000001,1.0,20.0,0.0,0.2456318102436858,0.10205007831606988,1.717863656827864,0.06973274527733328,1.5549000005322813,0.07071555777069799,0.09571630110085773,0.023014527700136737,2.8786713435697774e-237,0.0,0.05
4120,0.4884,False,0.0,0.23529999999999998,0.8615,30.0,0.0,0.29312855353528305,0.089385560840306,1.9302915036249675,0.3078444143752222,2.0928092667127904,1.0926752233001684,0.26300778940371666,0.2500302666544637,0.41025249922482,0.8222585047654345,0.05
4121,0.5771499999999999,False,0.0,0.21830000000000002,1.0,16.0,0.0,0.3226538332464362,0.04549202539650186,1.7646438943629987,0.058575302612417474,1.5381,0.04654127200668241,0.1316943154976516,0.050074207417623404,1.4853184202338876e-214,0.0,0.05
4122,0.56495,False,0.0,0.20990000000000003,1.0,20.0,0.0,0.3033364723199172,0.0950037528850663,1.7653497033694567,0.12747357014058674,1.5913000000000008,0.11194020725369697,0.1356588602763298,0.08355726217899354,0.028700000000000687,0.08610000000000206,0.05
4123,0.5990000000000001,False,0.0,0.201,1.0,0.75,0.0,0.3341432715699858,0.04990210491434161,1.7552990862069628,0.08057882517591394,1.5432,0.049927547506361664,0.11730541102264669,0.027159999772953393,2.823864772536182e-237,0.0,0.05
4124,0.5144000000000001,False,0.0,0.19280000000000003,0.9288000000000001,23.2,0.0,0.28134532629361386,0.13523219066535852,1.8179466739754393,0.23498411080005008,1.7636385609627432,0.6960990800181305,0.18122329701223128,0.20503169848199732,0.18872283221020467,0.566168496630614,0.05
4125,0.5995,False,0.0,0.199,1.0,0.0,0.0,0.27834402174476025,0.009886504930636092,1.733106726088461,0.03337734991804718,1.5708013371785483,0.10759447591950166,0.10263091475192165,0.002169908424670383,2.1141778108498827e-242,0.0,0.05
4126,0.55345,False,0.0,0.21460000000000004,0.9323,10.0,0.0,0.3255577684958238,0.041772732763061086,1.8303058466548137,0.2745764024217598,1.7857283436924505,0.6271260584167618,0.17110041660829572,0.19629185338912533,0.18559501035911705,0.5567850310773512,0.05
4127,0.5465,False,0.0,0.1995,0.9335000000000001,10.0,0.0,0.31277428252290307,0.15063041096303528,1.7884734791371049,0.20838085536744097,1.710721163164281,0.5222422127924791,0.1844121685774955,0.23173895573175274,0.16750000939842885,0.5025000281952865,0.05
4128,0.5339499999999999,False,0.0,0.2698,0.9324999999999999,33.6,0.0,0.3537107080399834,0.12598382262777863,1.9578985257880155,0.3124229670762841,1.8066630521333213,0.7031752560811088,0.26118325070280485,0.2156966900668771,0.05,0.15000000000000002,0.05
4129,0.5827000000000001,False,0.0,0.229,0.9364000000000001,0.0,0.0,0.32612938155728105,0.050274126514530615,1.8591049812294833,0.3150352236356135,1.7539456920733703,0.6433509804965709,0.18737939380399948,0.22923376334714513,0.17791998969450934,0.5337599690835281,0.05
4130,0.4873499999999999,False,0.0,0.2285,0.8661999999999999,30.0,0.0,0.33015539315089815,0.14442282218162864,1.90299060551868,0.3126166916777637,1.8636007407483703,0.6586365570169171,0.2842535069267853,0.3037406169475023,0.25671249830498233,0.5572839390068223,0.05
4131,0.5708,False,0.0,0.18160000000000004,1.0,10.0,0.0,0.2634028741670516,0.08170758285531803,1.7223294707480161,0.054778393289451374,1.5825,0.09888503425695927,0.09798405173633397,0.016329674108251275,1.93252577219558e-242,0.0,0.05
4132,0.54215,False,0.0,0.16430000000000003,1.0,20.0,0.0,0.2518269990134382,0.10895924284823372,1.7004372476414686,0.062340579818863,1.5605000000000013,0.06137466904188128,0.09446212875689423,0.02262259914857061,1.9045622550082766e-242,0.0,0.05
4133,0.5118,False,0.0,0.3277,0.8159000000000001,30.0,0.0,0.4234199768413827,0.13045691354311556,2.17187204469013,0.46084493616809347,2.3887618049351333,1.1574693276378745,0.46505288278530055,0.3780174893108941,0.6393349186798122,0.8370933796965884,0.05
4134,0.47785,False,0.0,0.27009999999999995,0.732,11.6,0.0,0.33592533680824327,0.11413631213964552,2.0804702530953016,0.40009678838972323,2.5254795669013967,1.2258356056806414,0.4134949389439904,0.3488545966106417,0.6774191182528797,0.8389888031635877,0.05
4135,0.54255,False,0.0,0.16510000000000002,1.0,20.0,0.0,0.2183940944939518,0.09897192067085345,1.7053004162680712,0.060789617154465014,1.5277999999999998,0.039481134735465766,0.0924346621829515,0.0197522390773334,1.5405012427350481e-242,0.0,0.05
4136,0.55505,False,0.0,0.18370000000000003,1.0,18.4,0.0,0.2953968865903013,0.0988862234126173,1.7427113234612257,0.059986534171177094,1.5621,0.08865940446450112,0.10432112506584097,0.025127167612376426,7.862751478064531e-237,0.0,0.05
4137,0.5613,False,0.0,0.18170000000000003,0.9809000000000001,10.0,0.0,0.2597273213235566,0.08414763690635571,1.7555571254449884,0.11902838057144238,1.6580111111111127,0.3417768619045704,0.11940852753424684,0.0707560487906545,0.07980000000000084,0.2394000000000025,0.05
4138,0.534,False,0.0,0.2557,0.8731,15.2,0.0,0.3568393154357966,0.07176150636066055,1.950372818771799,0.3397803403767881,1.9434121373410633,0.667135938234642,0.2845352310372794,0.28076949480339713,0.33374069098818165,0.6675164408721505,0.05
4139,0.48514999999999997,False,0.0,0.29900000000000004,0.6824999999999999,2.8,0.0,0.39257666225888566,0.12035271125623329,2.1730249560047104,0.43573967409980324,2.8195312349492765,1.310580949918749,0.49301124775787286,0.38765075479890093,0.9503787471830719,0.9646283347333068,0.05
4140,0.51235,False,0.0,0.17560000000000003,0.9291,20.0,0.0,0.2485882322124378,0.10479639212196065,1.803814412530643,0.24284450104874142,1.8988934898121328,1.019524061428438,0.16764482510002152,0.2265215375887228,0.18565491356128666,0.55696474068386,0.05
4141,0.6025,False,0.0,0.20500000000000002,1.0,0.0,0.0,0.30709584937080947,0.04565204459974255,1.7455227534952045,0.048809775094220284,1.5408000045835972,0.053732305911252304,0.1107026888025285,0.01949469331367211,5.689269339939071e-225,0.0,0.05
4142,0.5614,False,0.0,0.23529999999999998,0.9323,11.2,0.0,0.3361570010634105,0.09811681807822219,1.885778280833394,0.27696155801199535,1.6880919722705372,0.5109099013851559,0.21231883359102177,0.24702500524204132,0.16509072290313037,0.4952721687093911,0.05
4143,0.5582,False,0.0,0.19640000000000002,1.0,20.0,0.0,0.27655062526479784,0.07724430897962906,1.7282562646790374,0.07930472829177934,1.5738000079528118,0.0778303322844058,0.11889920647352377,0.05746848729884553,9.733588679526741e-210,0.0,0.05
4144,0.5639,False,0.0,0.20780000000000004,1.0,20.0,0.0,0.28939173782464406,0.11182690500591519,1.7572984345079654,0.1463002199218951,1.588,0.07277362159464106,0.13204253820113412,0.10007344100557002,2.7784483903682097e-164,0.0,0.05
4145,0.48695,False,0.0,0.32459999999999994,0.8189,42.4,0.0,0.4334510146359049,0.11183594631765106,2.1545559810023924,0.46051912698787106,2.1773425421093595,0.9611550718039954,0.4273993231483774,0.35007929505444624,0.4292186639213075,0.7003921315243063,0.05
4146,0.54325,False,0.0,0.16650000000000004,1.0,20.0,0.0,0.2456401318192997,0.10343132565245235,1.702011218710847,0.06942221574578565,1.5785,0.10431323022512534,0.09528225472022717,0.02295778026162654,1.2741529009539705e-238,0.0,0.05
4147,0.47585,False,0.0,0.28639999999999993,0.7317,16.6,0.0,0.40277439855239683,0.17397046303952463,2.209018487576807,0.4784429634399714,2.552366714894237,1.0710017469382085,0.4602970335893678,0.36225685990610895,0.5530835495492076,0.711929223064169,0.05
4148,0.45004999999999995,False,0.0,0.2217,0.8783999999999998,50.0,0.0,0.2950766812216113,0.1833353157883317,1.9127522700335553,0.4058858917381912,1.9159316941948838,0.6668032754583686,0.2835498001384149,0.3124041103187348,0.3459086843667677,0.6199056583276872,0.05
4149,0.54735,False,0.0,0.231,0.8637,0.0,0.0,0.309130771368773,0.047394094709159944,1.8924721936998405,0.2829620052577465,1.9342847802563063,0.800180548532518,0.2479287537408902,0.28775428251914553,0.34999587041918945,0.7005294554912865,0.05
4150,0.5175500000000001,False,0.0,0.2705,0.7918000000000001,6.8,0.0,0.3950004183635592,0.12961181680210504,1.97419711653161,0.3115880416282441,2.2562069055352127,1.1445562782920677,0.3630898443863872,0.31598973751002607,0.5045838288384966,0.7712492139636992,0.05
4151,0.4810999999999999,False,0.0,0.2632,0.859,40.0,0.0,0.327768026854595,0.10897549016843876,2.016806561285436,0.32257429603119603,2.270118120088215,1.4163643483084714,0.30697021522366297,0.2477773980626941,0.2748170952367308,0.6744648450975473,0.05
4152,0.5415,False,0.0,0.19390000000000002,0.9291,10.0,0.0,0.2783422906873276,0.08590768185294755,1.78705427517902,0.22001699989800128,1.754151850551035,0.6227170296204873,0.1591854944428699,0.18433459622591736,0.17435724067009495,0.5230717220102848,0.05
4153,0.4724500000000001,False,0.0,0.19650000000000004,0.8684000000000001,30.0,0.0,0.2861582727944792,0.14767524544763821,1.892855758333178,0.3633494195934884,2.106087009401027,1.2194986503877576,0.24049428021029978,0.30182420748855665,0.3682967070666164,0.7399890885589097,0.05
4154,0.47275,False,0.0,0.2138,0.9317,50.0,0.0,0.31018507960536723,0.15278605237354131,1.875558380673277,0.30951397993772034,1.9125567917515203,1.099389854742842,0.22570368558580983,0.24362621236134904,0.19644106299898184,0.5893231889969455,0.05
4155,0.57175,False,0.0,0.18350000000000002,1.0,10.0,0.0,0.26745517929221857,0.08052417758743143,1.7266949551239512,0.0695815922505142,1.5275,0.0574878247979518,0.10232052403241318,0.019854308897769443,4.4158336901174016e-237,0.0,0.05
4156,0.5779000000000001,False,0.0,0.25060000000000004,0.9452,10.0,0.0,0.333169669841371,0.0593722703124132,1.908493189417058,0.36356580494205715,1.8328266669763322,0.7871737918182138,0.22793002278052707,0.2604158411879627,0.20488396708481932,0.6146519012544579,0.05
4157,0.5453,False,0.0,0.31739999999999996,0.9332,40.0,0.0,0.39022828423869493,0.07246966308175012,1.9920844274640797,0.22132543208740063,1.6837888887604315,0.3269820939314491,0.31485617830783436,0.21178247380648033,0.07960000000000028,0.23880000000000084,0.05
4158,0.5174500000000001,False,0.0,0.31930000000000003,0.93,53.6,0.0,0.39686468965160004,0.06951289299642043,2.0233299960164546,0.20569974247930017,1.7532116391443384,0.5932589813668881,0.3167589001791159,0.16394626064075768,0.18077877631539052,0.5423363289461716,0.05
4159,0.5975,False,0.0,0.203,1.0,2.0,0.0,0.3041303280744732,0.03039990986993349,1.7575654418810776,0.08363207243096454,1.547017361111111,0.0443737433800947,0.1073326903241097,0.009647096095763304,4.805293714603419e-232,0.0,0.05
4160,0.42205000000000004,False,0.0,0.2318,0.7963,46.0,0.0,0.3115442512444765,0.14385051050837228,2.004820750729556,0.4400141427657163,2.3714245733996657,1.5294719943942459,0.3277308564321629,0.32163689473020973,0.5248311532352521,0.8075718869784443,0.05
4161,0.5476000000000001,False,0.0,0.2293,0.8659000000000001,0.0,0.0,0.345684269483214,0.09250933345018097,1.900591531144181,0.36060062970327367,1.8739607693381224,0.660086030138756,0.25648552944682307,0.30492021171730305,0.23949360471737474,0.5110617379204304,0.05
4162,0.5694,False,0.0,0.25579999999999997,0.923,10.0,0.0,0.3393898588557916,0.034369828514449176,1.9476220680254202,0.34355174483687495,1.9960239952556784,0.8331849614256197,0.26740853769896794,0.23707961561014235,0.3445089955312939,0.6401720661020694,0.05
4163,0.5105999999999999,False,0.0,0.23999999999999994,0.858,19.2,0.0,0.3222414002229891,0.04581125219169325,1.9260496310974957,0.2832330137481381,2.0494983556685105,0.9291380920623575,0.2562072456269612,0.24638388548090873,0.22666832434585,0.5345450766866617,0.05
4164,0.5939,False,0.0,0.27219999999999994,0.9556000000000001,10.0,0.0,0.3856546696312656,0.12797852663809503,1.969750078962943,0.3500926772693065,1.836504520179173,0.797019526457877,0.2653711085108695,0.2851934538698225,0.17951903434414734,0.538557103032442,0.05
4165,0.5859,False,0.0,0.231,0.944,0.8,0.0,0.3110078320385954,0.05538644144587815,1.8433793341453988,0.33628064664190194,1.8018224549860355,0.7523666201641644,0.18550968199620305,0.24489641580004107,0.1765565087163865,0.5296695261491594,0.05
4166,0.39519999999999994,False,0.0,0.22139999999999999,0.7898,55.2,0.0,0.3038761014380251,0.1932714068078575,1.9559605123992658,0.3088744500721228,2.0518313510024075,0.7864057023037044,0.3551066355026458,0.33050358205981056,0.5153638393162897,0.7876574770458455,0.05
4167,0.57085,False,0.0,0.18170000000000003,1.0,10.0,0.0,0.25469272088700046,0.07493624955958901,1.7147965115223607,0.05718201946849676,1.5818444444444455,0.15556969142120805,0.09973440252640291,0.019468225730002963,0.036900000000000786,0.11070000000000237,0.05
4168,0.5149,False,0.0,0.1898,1.0,40.0,0.0,0.2709577049217634,0.11917971184889152,1.7492220413845594,0.0932246515246867,1.5870000000000002,0.09786725703727477,0.12896908050618155,0.07131796262616887,1.5573771555370334e-208,0.0,0.05
4169,0.37745,False,0.0,0.2759,0.6534000000000001,43.6,0.0,0.3563434295205874,0.12950716192644343,2.1480340906676023,0.38031544978585774,2.661094036396306,1.154410404600698,0.4687969741532765,0.3165726922898023,0.9246693704692438,0.9322807054151061,0.05
4170,0.5082,False,0.0,0.21630000000000002,0.8801,20.0,0.0,0.2904746580651206,0.13645335564081304,1.8773274320674713,0.3645219688316554,2.0442074452864967,0.8852582783415058,0.24159918336437491,0.30420190219984433,0.36519444525428113,0.7303893127010769,0.05
4171,0.50065,False,0.0,0.2494,0.8718999999999999,30.0,0.0,0.3615481586919819,0.16274035432513229,2.031279947208717,0.44257315730252655,1.9873085426479737,0.9287719895766275,0.30036211961894066,0.3065636972329272,0.3911752093146402,0.7823520688260331,0.05
4172,0.5524,False,0.0,0.21550000000000002,0.9292999999999999,10.0,0.0,0.3082266778380465,0.042319664965531634,1.822474004576034,0.19062835987971063,1.6925563561362096,0.4711519357193621,0.17281190904067203,0.1980267941060615,0.1671362874738082,0.5014088624214246,0.05
4173,0.43715,False,0.0,0.2505,0.859,58.8,0.0,0.34373295888224104,0.12148078112291795,1.9697195160967684,0.3003843587650223,2.346030087343734,1.4833430830828638,0.32039827313025393,0.2524644467761787,0.46228920632204656,0.7761241811565217,0.05
4174,0.45665000000000006,False,0.0,0.26870000000000005,0.7262000000000001,20.4,0.0,0.3479590816766886,0.08786742204347192,2.096874853752116,0.3662655628886103,2.7284725672901047,1.4818227133724413,0.4023233364079262,0.3348553310435107,0.6219656902848198,0.8614428106795451,0.05
4175,0.5708,False,0.0,0.18160000000000004,1.0,10.0,0.0,0.24580962864993033,0.06709510159946519,1.71559457591623,0.05211680099993902,1.584705055745443,0.07503461228333597,0.09634441997710738,0.015884952078381608,2.5509239456874784e-242,0.0,0.05
4176,0.57205,False,0.0,0.1841,1.0,10.0,0.0,0.30038781822010435,0.06772466174508827,1.7281330194128148,0.04619232016173683,1.5725000000000002,0.07800673047885069,0.10514135608163286,0.006324186171594179,3.1671745537334546e-237,0.0,0.05
4177,0.467,False,0.0,0.16350000000000003,0.9305,40.0,0.0,0.23635522638569323,0.13844845054702243,1.7754253435299574,0.2587355445489722,1.7148499813628768,0.5120388126595706,0.14853114170794995,0.17759265579186412,0.1551312123079152,0.4653936369237456,0.05
4178,0.57505,False,0.0,0.19010000000000002,1.0,10.0,0.0,0.280402066743841,0.07990720324051177,1.7353909023162075,0.061669594003368224,1.5452,0.06251847726872434,0.10773675957897218,0.02593186386152558,6.441544890680801e-225,0.0,0.05
4179,0.5757,False,0.0,0.2278,1.0,19.1,0.0,0.3186098529250009,0.053520009842077824,1.8058526478927075,0.0801638557052359,1.5922,0.07640785299954446,0.14139429879874982,0.06334161487994742,5.103203752364911e-204,0.0,0.05
4180,0.5392499999999999,False,0.0,0.2488,0.8696999999999999,10.0,0.0,0.36817567335500384,0.14485546528533252,1.9564639290460164,0.3286336313294931,2.1124518607177274,1.1082588209074042,0.2879438086172919,0.3167449628106352,0.3483004623793243,0.6966735828584318,0.05
4181,0.47775,False,0.0,0.3069,0.8054,39.2,0.0,0.37876776862778155,0.09079893623568464,2.135273264519004,0.37964043958746324,2.162196487797954,0.9308588095492702,0.3865958184710641,0.287671649921801,0.395053536320713,0.684881726121905,0.05
4182,0.5377,False,0.0,0.2243,0.9311,20.0,0.0,0.3543177621293706,0.1412065404180514,1.8399381418924778,0.22257495928139587,1.7631199509505162,0.5567978506186883,0.22044836733571982,0.23039634669324893,0.1754000726518959,0.5262002179556877,0.05
4183,0.5368,False,0.0,0.25179999999999997,0.8746,13.2,0.0,0.3478594318746581,0.0844088280237567,2.005484929147456,0.368991548608417,2.0045172193055576,0.9190626294775739,0.2604530593452573,0.2796740698400914,0.23794212045497726,0.5671031244178796,0.05
4184,0.5995,False,0.0,0.199,1.0,0.0,0.0,0.29354747270784054,0.021204668523315526,1.736967793751574,0.06112427979295141,1.6813667080929153,0.32535427562440195,0.11948045253865391,0.05275901866438665,0.07970000000000098,0.2391000000000029,0.05
4185,0.5076499999999999,False,0.0,0.22049999999999997,0.8719999999999999,19.3,0.0,0.32259011632811885,0.10904529164276788,1.9754179919401291,0.3961845324105175,2.1927166285757034,1.4658547841152993,0.2647491030532944,0.31261766926608286,0.350405697297405,0.7095307329510903,0.05
4186,0.44099999999999995,False,0.0,0.26070000000000004,0.8613,60.0,0.0,0.3296169461180239,0.1599610210650719,2.01264547278461,0.30844395463299473,2.0657775653181547,1.02647583609534,0.33316510538314836,0.25999078048474805,0.35327756531815463,0.7092568437215238,0.05
4187,0.54055,False,0.0,0.20620000000000002,0.9389,16.0,0.0,0.27846976165095505,0.07945379696376799,1.8235970278460385,0.3125247838694861,1.8089034274395555,0.7663696295059029,0.18100544186366688,0.23984767862880652,0.15830447859007596,0.474913435770228,0.05
4188,0.5276,False,0.0,0.2828,0.933,40.15,0.0,0.36140680631387195,0.05966823543166684,1.996194273678812,0.29324455197560134,1.7615271901981522,0.5556678732816135,0.26340777948681443,0.1776489807780836,0.17184077946738846,0.5155223384021654,0.05
4189,0.5862499999999999,False,0.0,0.199,0.9734999999999999,0.0,0.0,0.2873392168055809,0.022956819229350937,1.7613956339105576,0.11570798406921817,1.6497519097222235,0.33598161234069235,0.12726332925560052,0.07648777479214526,0.07980000000000088,0.23940000000000264,0.05
4190,0.4842,False,0.0,0.1609,0.9275,30.0,0.0,0.22391384431019917,0.11416332437829449,1.7404453919240706,0.19951666939086615,1.8110620839223466,0.7759772574563053,0.15984561857662374,0.21402037985107883,0.15700000000008874,0.4710000000002662,0.05
4191,0.57095,False,0.0,0.1819,1.0,10.0,0.0,0.28446817891778153,0.07853084922571799,1.7436371564749742,0.06972931018008428,1.6011000000000002,0.11779596767292166,0.11715144665585624,0.04322578078357087,1.7387563338299772e-242,0.0,0.05
4192,0.5406,False,0.0,0.279,0.9381999999999999,34.0,0.0,0.36319277489672336,0.06907725874495431,1.9546663208642834,0.24054017526055768,1.7932252937490012,0.6531275815242369,0.26733848180993924,0.25483546607195856,0.16852565326509375,0.5055769597952812,0.05
4193,0.56215,False,0.0,0.1995,1.0,18.8,0.0,0.27211919878901913,0.08384283284598223,1.7907125701135,0.12154909076102809,1.5291000000000001,0.04108393846748386,0.12417716614592215,0.08307502403343882,1.1491392086823782e-188,0.0,0.05
4194,0.5995,False,0.0,0.199,1.0,0.0,0.0,0.2890626875752037,0.013887851869663766,1.7096025955792764,0.054387662172270326,1.5381,0.057273816006967765,0.10226950421411043,0.0008768048247903701,1.5344742731955353e-242,0.0,0.05
4195,0.5631499999999999,False,0.0,0.2373,0.9289999999999999,10.0,0.0,0.3147305793708768,0.03331643426539474,1.848947659498244,0.1856577807486139,1.774614359495581,0.6642833539867127,0.19403303152963564,0.18663797164882875,0.1557695502060183,0.4673086506180549,0.05
4196,0.5995,False,0.0,0.199,1.0,0.0,0.0,0.2797274216333875,0.010708710028310947,1.7472032868567495,0.026274372187000218,1.5361,0.05999741661105086,0.10264900572294766,0.0009740808997714983,2.64310714390206e-242,0.0,0.05
4197,0.58065,False,0.0,0.20129999999999998,1.0,10.0,0.0,0.2864838635893071,0.09176200098044535,1.7649062833895695,0.11684336003752993,1.5779000005630999,0.0659309489922967,0.12307454514843111,0.059920776002564805,1.741530379086391e-203,0.0,0.05
4198,0.6005,False,0.0,0.201,1.0,0.0,0.0,0.30098702506984665,0.02587875695513639,1.7200105405707966,0.05399639727854145,1.5514000000070047,0.05101803604126129,0.10517916760700641,0.005326646114096713,8.597917599788098e-239,0.0,0.05
4199,0.54355,False,0.0,0.19780000000000003,0.9292999999999999,10.0,0.0,0.2972800901952505,0.08971068910183147,1.8110478721446213,0.24989912989777532,1.8391185447031795,0.7776950868284982,0.16700267713054617,0.19892319893011276,0.05,0.15000000000000002,0.05
4200,0.38305,False,0.0,0.28440000000000004,0.6625,45.2,0.0,0.3409647365293415,0.12978232405520285,2.1983328796946493,0.4049414329982547,3.1183156427260705,1.6624786745591074,0.5350860025987493,0.3655651046903908,0.8966054122250965,0.9039343291360721,0.05
4201,0.4901999999999999,False,0.0,0.21139999999999998,0.9289999999999999,40.0,0.0,0.2837807216315038,0.12806263866272488,1.8591172346182845,0.28288277202989565,1.8681862544451486,0.9139325256751598,0.21437628708385734,0.2125318170849667,0.17470932575337667,0.5241279772601299,0.05
4202,0.47365,False,0.0,0.2153,0.8615999999999999,32.4,0.0,0.3140356610025852,0.11040573500862153,1.893135384552093,0.30510143765619957,2.15687989430202,1.1537748113148576,0.2422406387410428,0.25574830610485894,0.3724360751336609,0.7453615898666506,0.05
4203,0.52395,False,0.0,0.23679999999999995,0.9423,32.8,0.0,0.3151366433438304,0.11802101508832481,1.8611774980718576,0.3209361590295056,1.7007762448963988,0.5092118346538584,0.2194276828623869,0.24794691003920336,0.16220115481553626,0.48660346444660874,0.05
4204,0.56945,False,0.0,0.21100000000000002,0.9279,0.0,0.0,0.29796000347276413,0.024195729817383337,1.7945594853961553,0.15810976688249653,1.8953243011508394,0.8347784155396881,0.17193884367686288,0.19948810832533492,0.19180000000000094,0.4762154554400776,0.05
4205,0.5378,False,0.0,0.24179999999999996,0.8577999999999999,6.0,0.0,0.33834404742749313,0.13939472288160276,1.9878122370850573,0.4159746424846927,2.1263152831860865,0.9828402402044658,0.29120777416254806,0.3313173956309018,0.4032860793407408,0.6513508595912273,0.05
4206,0.57185,False,0.0,0.18370000000000003,1.0,10.0,0.0,0.2777712236834157,0.08226762985577,1.7169927479846887,0.05037323314056319,1.5927375974867082,0.06162688070427278,0.10182759535128502,0.020975403761265627,5.067989306868883e-237,0.0,0.05
4207,0.5419999999999999,False,0.0,0.164,1.0,20.0,0.0,0.22294635101137214,0.09729124773248707,1.696792084723303,0.07056735137257451,1.5214,0.030838936427834203,0.0919671079946765,0.0222865596837998,8.020683583736556e-243,0.0,0.05
4208,0.5437,False,0.0,0.2287,0.9387000000000001,20.0,0.0,0.3304926371733744,0.16146192991883268,1.881843292870562,0.3285708433450363,1.7015893339280523,0.4679165247672849,0.23618950766244778,0.2649762143304894,0.16380520932387088,0.4900837456396024,0.05
4209,0.57075,False,0.0,0.18150000000000002,1.0,10.0,0.0,0.2872083160758998,0.08213737352092675,1.7433039256352867,0.05276329810157651,1.6256111111111125,0.20785177678122607,0.1041262868941383,0.025377869700952467,0.04920000000000091,0.14760000000000273,0.05
4210,0.523,False,0.0,0.1963,0.9297000000000001,20.0,0.0,0.3053427232653516,0.09979899343984165,1.8050213351146673,0.2504009892170943,2.0275326178069366,1.3494770760696653,0.17387136016966906,0.2157607127863673,0.19999928447360324,0.5999978534208097,0.05
4211,0.4923999999999999,False,0.0,0.2447,0.8600999999999999,30.0,0.0,0.32705923841567364,0.11054120098329083,1.963866517341178,0.3300160815431837,2.011850692123061,0.9252205262453853,0.26483501665146686,0.21860412905218415,0.22282404290760277,0.5234796500071422,0.05
4212,0.41890000000000005,False,0.0,0.3162,0.7436,55.5,0.0,0.4360681926889474,0.0932049301518278,2.1657245312583333,0.3807431573409639,2.329027907787475,0.9635273151654643,0.48764106047992384,0.3475741051879824,0.5720068030460643,0.736172178169796,0.05
4213,0.5020000000000001,False,0.0,0.2571,0.8621000000000001,28.8,0.0,0.35592258624470485,0.14880151519803458,1.9820825504295765,0.2993990195145895,1.9632695741086614,0.9264273570286298,0.2893862813283234,0.2647198036084632,0.22344870639127334,0.5252763207114214,0.05
4214,0.5718,False,0.0,0.18360000000000004,1.0,10.0,0.0,0.27331390463213057,0.08147827387539582,1.7284283999200134,0.050350624855604424,1.5561000000000003,0.05576997400035258,0.10016987257349745,0.01745424210835111,2.4455678475683082e-237,0.0,0.05
4215,0.52305,False,0.0,0.24230000000000002,0.8838000000000001,20.0,0.0,0.34240752757600956,0.16254994606398926,2.0137494909648983,0.45051238985693426,2.1288518681711963,1.1373168918067866,0.2992077062401319,0.34816773561076486,0.3001017671301791,0.6650523259473634,0.05
4216,0.45089999999999997,False,0.0,0.22129999999999997,0.7893,27.2,0.0,0.2942420967549869,0.09544754362172266,1.9473463379841085,0.33371932301940804,2.3267986519979846,1.2092521475831197,0.30906371109616754,0.31340026639331275,0.5072749420315272,0.7821586929057167,0.05
4217,0.5709,False,0.0,0.18180000000000002,1.0,10.0,0.0,0.27065295919265697,0.08704627263136336,1.7204717982573225,0.06914236718396574,1.5372,0.042948341062257575,0.10259403494492385,0.021674997863791654,2.586818225413604e-242,0.0,0.05
4218,0.52515,False,0.0,0.2503,1.0,50.0,0.0,0.3264823288755466,0.11446854725157181,1.8375561747808689,0.14947099826048751,1.536833333353202,0.059759936425747374,0.1952709285861072,0.1204785406623595,0.005600000000000363,0.016800000000001092,0.05
4219,0.51955,False,0.0,0.21080000000000002,0.9403,28.0,0.0,0.3227932038769322,0.15346841367612354,1.8990297965512206,0.37059855689158133,1.7628194158452732,0.622987545307656,0.22741993978484878,0.2714933366524136,0.1717014041109827,0.515104212332948,0.05
4220,0.5420499999999999,False,0.0,0.16410000000000002,1.0,20.0,0.0,0.23676113299126275,0.0925125008789257,1.708471873955828,0.0652073185695344,1.5943,0.09172791287280005,0.09209508643733369,0.02211139069314745,2.01225175728187e-242,0.0,0.05
4221,0.50235,False,0.0,0.2468,0.7979,10.0,0.0,0.34823568905392077,0.07096683313518456,1.9698443793925786,0.3678690480401025,2.0903654330808483,0.9294583175781466,0.3394113347133506,0.3431428121201191,0.4277123109058369,0.6962559695767832,0.05
4222,0.57295,False,0.0,0.1859,1.0,10.0,0.0,0.26350358622730674,0.0767477698255958,1.7166069713519878,0.05267047259604845,1.5218,0.029044104393146624,0.1022157091454644,0.018940326336287398,6.021931419386e-237,0.0,0.05
4223,0.48899999999999993,False,0.0,0.2652,0.8008,22.0,0.0,0.38116802830201435,0.1311357576513702,2.0166742932071786,0.383271450129376,2.4083303189351875,1.446367443009701,0.3587258762227631,0.34610750039508015,0.4189992921916984,0.7150407396332499,0.05
4224,0.4362,False,0.0,0.2643,0.7281,30.0,0.0,0.36362111891649607,0.07634206958944346,2.048517183341507,0.38343256940631426,2.5013912235598132,1.2645684863045952,0.3929489259524091,0.35232390143574843,0.4852759161446555,0.7092956958619466,0.05
4225,0.5704999999999999,False,0.0,0.2465,0.9344999999999999,10.0,0.0,0.3586571221368685,0.07033639844556501,1.8388006390351854,0.25172169393903887,1.8598529639278507,0.7457951426248021,0.22002820625519356,0.2250100291132355,0.16223521031139765,0.48670563093419295,0.05
4226,0.5708,False,0.0,0.18160000000000004,1.0,10.0,0.0,0.2744338916544672,0.0748146403829926,1.7256738144397346,0.06993141877249,1.5777,0.07529681268154724,0.09998613728216375,0.018671840822439,2.3880132028373065e-242,0.0,0.05
4227,0.44339999999999996,False,0.0,0.27549999999999997,0.7313,30.0,0.0,0.35401447614704856,0.05565766636747708,2.11697949249928,0.4412266089458534,2.2482620601364554,0.9086981746458873,0.4175160949815263,0.35143161627101077,0.5616821840512867,0.7247429537022134,0.05
4228,0.571,False,0.0,0.18200000000000002,1.0,10.0,0.0,0.2594751468508958,0.06872352599893947,1.7054506746741307,0.05622384615944846,1.5463999999999998,0.05234730174517114,0.09757863241654485,0.014867635775389366,1.0952406063082252e-242,0.0,0.05
4229,0.43795000000000006,False,0.0,0.2624,0.8135,50.0,0.0,0.3288873558914789,0.17737494897726908,2.099694894376541,0.47664500607302956,2.3810299721931143,1.2740748239776414,0.3761266750602038,0.35263104329700695,0.432658899898546,0.7412431011509225,0.05
4230,0.5706000000000001,False,0.0,0.25620000000000004,0.9442,14.8,0.0,0.37607937990941104,0.1525578973676951,1.9506756258492903,0.3380942015224722,1.8107662933005948,0.7923044772563752,0.23348936836984713,0.277896206328085,0.19826629328736006,0.5947988798620802,0.05
4231,0.5995,False,0.0,0.199,1.0,0.0,0.0,0.27252965065784307,0.012202136555744677,1.7180414035463596,0.031245213057640737,1.5456000000000054,0.057172021129234966,0.10110924523066005,0.0008093106660321074,2.42300413931441e-242,0.0,0.05
4232,0.584,False,0.0,0.20800000000000002,1.0,10.0,0.0,0.2995088010262476,0.03658671751576659,1.7414158690018602,0.050408788477010726,1.5742999999999998,0.07969698865076394,0.11755883922752783,0.04527326658874516,1.8565347177819592e-215,0.0,0.05
4233,0.5995,False,0.0,0.199,1.0,0.0,0.0,0.2775858321539364,0.017827111482874105,1.72117690440299,0.03214771225364606,1.5529,0.045498241724268855,0.10201226814416202,0.0013280174305307319,3.2222128615465693e-242,0.0,0.05
4234,0.4356,False,0.0,0.264,0.732,31.2,0.0,0.3085441340979436,0.15317979018967598,2.121701390282859,0.40656058218457747,2.4098734552341634,1.0902614472558299,0.42595183427100014,0.34016510908359093,0.554198514948744,0.7531079235714736,0.05
4235,0.41314999999999996,False,0.0,0.2472,0.7401,40.25,0.0,0.35957208920080075,0.1596551705147137,2.1023732445169787,0.4487656460063215,2.6075516547918,1.2148806193140402,0.420652195341981,0.35831568027955735,0.8397328808518687,0.9203667342503211,0.05
4236,0.5995,False,0.0,0.199,1.0,0.0,0.0,0.2744791901727196,0.012039147885990224,1.7249230659230368,0.046187252845976426,1.5135999999999998,0.022136847110643357,0.10199900330872987,0.0012756037588818627,2.520444849837669e-242,0.0,0.05
4237,0.48295,False,0.0,0.23979999999999996,0.8573000000000001,32.8,0.0,0.33319508195633407,0.054490812669803934,1.9534607375426578,0.34195326214769384,2.3396856307393548,1.5582913489397012,0.2798053659486231,0.27971414204300415,0.4064764828410585,0.8130819518358398,0.05
4238,0.48335000000000006,False,0.0,0.2599,0.806,24.8,0.0,0.32039439655716195,0.11848627834761676,2.0390865530278277,0.4136690388886355,2.1932769173532014,1.073445614693896,0.3514638656374989,0.32537772536564946,0.553725828380401,0.85864640270471,0.05
4239,0.5719,False,0.0,0.18380000000000002,1.0,10.0,0.0,0.2678046817974907,0.077400988132814,1.699591193127048,0.06033209678966894,1.5835111111111124,0.16709044789508215,0.10374688600963822,0.021965697157525818,0.04020000000000097,0.12060000000000289,0.05
4240,0.5995,False,0.0,0.199,1.0,0.0,0.0,0.28131497937682237,0.016232665043658435,1.7356891866207662,0.05163561408260437,1.5808777777777787,0.07278584264050976,0.10351502570993695,0.0015661169283910114,0.013800000000000482,0.04140000000000145,0.05
4241,0.57185,False,0.0,0.18370000000000003,1.0,10.0,0.0,0.27762574652803435,0.08087358393021002,1.7241266715214916,0.050597110147324736,1.5586000000000004,0.04976384229538518,0.09993991297728369,0.01751274344081306,0.00020000000000028705,0.0006000000000008612,0.05
4242,0.55935,False,0.0,0.18750000000000003,1.0,17.2,0.0,0.2853878667051965,0.09396967792912457,1.7094337663173893,0.05800640529917038,1.5665000007602903,0.06891044973639092,0.10760581743282423,0.03033262601215108,8.244664056608891e-231,0.0,0.05
4243,0.5420499999999999,False,0.0,0.16410000000000002,1.0,20.0,0.0,0.24270677853587097,0.10084487411406602,1.704966318248453,0.060941730132903375,1.5704,0.10290694825909479,0.09167909011699175,0.02184238729622728,1.995034920518414e-242,0.0,0.05
4244,0.47335000000000005,False,0.0,0.3248,0.7931,42.8,0.0,0.40439717695581373,0.19609332036604302,2.2114817053326683,0.4212950138008895,2.401881495524905,1.372504951115729,0.4245270807808236,0.285587248178804,0.5934495721517946,0.9118515892381586,0.05
4245,0.5995,False,0.0,0.199,1.0,0.0,0.0,0.2881575400044424,0.013408850331652499,1.7407256283935468,0.028367077593297242,1.5036999999999998,0.011099999999999978,0.10360899189842228,0.0014790208377483012,1.5036293507311203e-242,0.0,0.05
4246,0.49679999999999996,False,0.0,0.2118,0.8618,20.0,0.0,0.29652592551495405,0.09596069142132489,1.8832954743312815,0.2856140181668266,2.166108515944238,1.2744684358412899,0.24775475895022497,0.2952717998873593,0.286417181005563,0.6040736377691219,0.05
4247,0.6005,False,0.0,0.201,1.0,0.0,0.0,0.2946379706982787,0.025505263505399375,1.7192927791414294,0.03006441713609941,1.5247,0.04778713215919118,0.10509681862963546,0.004174699326082574,4.359076448302983e-237,0.0,0.05
4248,0.40315,False,0.0,0.2862,0.6657,36.4,0.0,0.34455957395881337,0.11762247368064427,2.205836478095302,0.43921661151808644,2.633647219993355,1.0819146696509414,0.4806797954180155,0.3514620898722475,0.60819700897624,0.7146673302430874,0.05
4249,0.571,False,0.0,0.182,1.0,10.0,0.0,0.26259448457571,0.0704843970800653,1.7256935903613346,0.06656039717023214,1.5611000000000002,0.07832809202323267,0.09846969592326207,0.014294980860826517,3.0447398602841117e-242,0.0,0.05
4250,0.5481,False,0.0,0.22760000000000002,0.8686,0.0,0.0,0.3244073216650335,0.09411144038353163,1.947370030384261,0.3975070111518117,2.1078511655814998,1.192608677104804,0.2632417275303153,0.31908160313986617,0.2677999337844851,0.5878942695819628,0.05
4251,0.57085,False,0.0,0.18170000000000003,1.0,10.0,0.0,0.26684531439929265,0.07046499659709736,1.7327974673290043,0.07510769045462816,1.571811111111112,0.07103433442122843,0.09940509288831696,0.016684175078397197,0.016800000000000523,0.05040000000000157,0.05
4252,0.5162,False,0.0,0.2116,0.8608,10.0,0.0,0.3236422233196088,0.14260748770028295,1.8579740026663216,0.23853337588027604,2.0162620730368026,0.9372911968019431,0.23502843751496066,0.2706817357744915,0.3666240524675574,0.7370567843381032,0.05
4253,0.5995,False,0.0,0.199,1.0,0.0,0.0,0.28070556548110387,0.01606400303014919,1.7333248312318221,0.058927586036916065,1.5830000000000002,0.06619214454903243,0.10212284981403152,0.0012998641095044133,2.568755511909998e-242,0.0,0.05
4254,0.57075,False,0.0,0.18150000000000002,1.0,10.0,0.0,0.2548311977344428,0.07414243190248893,1.710008139193158,0.06633989212043333,1.5654,0.0766866350806971,0.09685101305393326,0.016522916018207056,1.1724854802667792e-242,0.0,0.05
4255,0.54375,False,0.0,0.23779999999999996,0.9297000000000001,20.0,0.0,0.30557535467186087,0.11286637981068479,1.878697756734305,0.24087246240286087,1.7826072975759026,0.5682607399782653,0.2161241880383368,0.2016789398212862,0.17143599919589006,0.5143079975876701,0.05
4256,0.57025,False,0.0,0.23200000000000004,0.9469,9.6,0.0,0.35508131285408717,0.1415738494220423,1.851252670371513,0.3426069193831485,1.8695142623606746,1.0185333197999233,0.20461016368215365,0.269927650279746,0.18348092902734106,0.5504427870820231,0.05
4257,0.4672,False,0.0,0.23419999999999996,0.8602000000000001,40.0,0.0,0.30612016907093226,0.1288606025155475,2.000585866099068,0.3878710571691124,2.1892711268520886,1.4179614494943673,0.2869045613632166,0.2590663841572183,0.35350406959702624,0.7146116860257897,0.05
4258,0.5221,False,0.0,0.2775,0.8867,30.0,0.0,0.3965816303877886,0.11457268307609478,2.0186379100909475,0.4147094355717778,2.251104982147832,1.4665461200500736,0.31748426868614676,0.33520682113878203,0.4059997392303195,0.8121103257868627,0.05
4259,0.5441499999999999,False,0.0,0.22899999999999995,0.8593,0.0,0.0,0.30132166002016453,0.032993129069364954,1.8937077377521923,0.31975867725385204,2.0505883995359104,1.0133716058276012,0.22647655630571517,0.23930453658021225,0.36961710068600817,0.7397475102883448,0.05
4260,0.5748,False,0.0,0.18960000000000005,1.0,10.0,0.0,0.27792379615356066,0.08561104646112871,1.7462135931130933,0.07060583410684755,1.5396,0.03899281985186503,0.10745814892222268,0.022299022231504623,3.626901989813901e-231,0.0,0.05
4261,0.54375,False,0.0,0.23759999999999998,0.9299,20.0,0.0,0.32122930754457635,0.06099638456210269,1.8582935247965602,0.22608898450010523,1.7523728085566073,0.6193049814644862,0.21768910590747675,0.23026111636432994,0.16944649860241273,0.5083394958072381,0.05
4262,0.57105,False,0.0,0.1821,1.0,10.0,0.0,0.2539803790450775,0.067910381036178,1.7256868830674121,0.06163420011124846,1.5539,0.07827828562251476,0.09845858756879151,0.015771726653000993,2.330481200186406e-242,0.0,0.05
4263,0.5533999999999999,False,0.0,0.2569,0.9299,20.0,0.0,0.32915712661423,0.06309980044640118,1.9091837495106698,0.2145560157169097,1.762704054810169,0.5702367635438389,0.22841601241523585,0.18811246590961278,0.17829616374229312,0.5348884912268794,0.05
4264,0.5995,False,0.0,0.199,1.0,0.0,0.0,0.27843446891983803,0.027569118641921624,1.7344580382211383,0.05071350201880443,1.5358,0.0484103294762595,0.10232407747664637,0.0008537646289615995,1.443861571244394e-242,0.0,0.05
4265,0.5062,False,0.0,0.2426,0.8897999999999999,30.0,0.0,0.32561881976953144,0.18861732900595266,2.021064888668101,0.4923234560945101,2.0142818399130364,0.9657148594353945,0.29298644316779554,0.3398282643812746,0.20610073382027716,0.4756015964134619,0.05
4266,0.571,False,0.0,0.182,1.0,10.0,0.0,0.2631626403060815,0.07811022440443185,1.6932751097535874,0.060633615153514835,1.6012,0.0668413045952875,0.09663965217924755,0.015180843336774313,1.0563149583683647e-242,0.0,0.05
4267,0.51215,False,0.0,0.25479999999999997,0.9487,44.8,0.0,0.34951030256108745,0.15680205237420736,1.9484657203343727,0.39347246969018873,1.7486169471203166,0.6185336884768563,0.24542307807358146,0.26355022281897217,0.2115863915647608,0.6311010293480276,0.05
4268,0.40190000000000003,False,0.0,0.30910000000000004,0.6835,47.2,0.0,0.38281824527381636,0.096537304385915,2.219465339411413,0.45228279732052185,2.7683843471719816,1.254689137509467,0.4743727272305616,0.3516139555832067,0.7846794003733014,0.878690115417012,0.05
4269,0.57075,False,0.0,0.18150000000000002,1.0,10.0,0.0,0.2646938985644352,0.07945156578208937,1.7226293416881853,0.07396430122607715,1.642355555555557,0.3346029886298127,0.11294407222059608,0.051586388311349124,0.07900000000000088,0.23700000000000268,0.05
4270,0.5170000000000001,False,0.0,0.22460000000000005,0.9294,30.0,0.0,0.29647983767730063,0.0991856968129078,1.8393733456507817,0.19414475020114602,1.7449247818481737,0.5260438375053209,0.2034237757722766,0.18933737793207417,0.15750435501778345,0.47251306505335033,0.05
4271,0.55375,False,0.0,0.1875,1.0,20.0,0.0,0.2779984946664692,0.08877910594305045,1.749254227973113,0.07097072871669731,1.5944835069444458,0.14656585141961168,0.11707219964669062,0.04533530652489296,0.03090000000000091,0.09270000000000272,0.05
4272,0.44045000000000006,False,0.0,0.20040000000000005,0.8629,45.6,0.0,0.26903992870101695,0.16144443161322303,1.9009563815304382,0.3253495755717089,2.115607568170904,1.0717720050732527,0.25695935710701484,0.28607484103678577,0.14266666666666666,0.3008609867253203,0.05
4273,0.46410000000000007,False,0.0,0.24179999999999996,0.8640000000000001,44.4,0.0,0.3485504870783872,0.11877018329719836,1.9554366224711726,0.3309377190666285,1.8944775539424796,0.739191390145104,0.29617183850358625,0.2894660502160426,0.1319002038821933,0.2710770407467155,0.05
4274,0.50925,False,0.0,0.29910000000000003,0.8122,23.2,0.0,0.39774563820313524,0.1029277637453602,2.1372708607677824,0.4530248266709192,2.2573486795256237,1.0921029822895343,0.3951776095462523,0.3618444580392654,0.5130095736828166,0.7882723208394486,0.05
4275,0.5427500000000001,False,0.0,0.19730000000000003,0.9282,10.0,0.0,0.2781258892785214,0.08463576116037154,1.7692764855821879,0.19093196140520569,1.8251365542388562,0.874781480671985,0.16867099369424526,0.20875016299470864,0.1508060436036125,0.4524181308108375,0.05
4276,0.43890000000000007,False,0.0,0.20600000000000002,0.787,28.8,0.0,0.2865993905515146,0.12185816964394734,1.9593391405386975,0.35207293239999654,2.4201590767990173,1.0448270074019164,0.31139670028112215,0.2989851148025452,0.6163689683102431,0.7050260540355133,0.05
4277,0.47074999999999995,False,0.0,0.20220000000000002,0.8593,30.0,0.0,0.2771064201629201,0.14049620553481063,1.8795411101046366,0.3100269917014718,2.0866629888500383,0.9691759010654212,0.25582297063641174,0.29135716545814316,0.33668236258068807,0.6746045335081015,0.05
4278,0.3716,False,0.0,0.34809999999999997,0.6271,58.0,0.0,0.4471856762816092,0.09206141436693954,2.3735576585560514,0.41797557567687565,2.778219306592752,1.05351739818177,0.6245092406775379,0.34821474558699295,0.8169360655279674,0.7802287079261477,0.05
4279,0.52255,False,0.0,0.25930000000000003,0.8737999999999999,22.0,0.0,0.3648357962545468,0.0860150937908371,2.0022467503161367,0.4257985403466124,2.251080768655408,1.4708568025490756,0.27415909918725867,0.2843874386253398,0.3965807686554076,0.7931983843044119,0.05
4280,0.5749,False,0.0,0.18980000000000002,1.0,10.0,0.0,0.2744742227957916,0.07637671924643817,1.740175907108331,0.09347491052079092,1.5966,0.11820169203526666,0.10693607238672484,0.030449961295834153,4.7321644315036065e-219,0.0,0.05
4281,0.54455,False,0.0,0.231,0.8613,0.8,0.0,0.3397966802761312,0.059399073475650065,1.8771900333669795,0.2594863805409027,1.8721865392888888,0.68007608915676,0.24320029030476542,0.25779180838606314,0.23380324451256046,0.49617178079708585,0.05
4282,0.57575,False,0.0,0.23149999999999998,1.0,20.0,0.0,0.33241280723939076,0.11556045267022215,1.813588735029868,0.15266502990803252,1.6,0.08175695689053014,0.15809934139642898,0.10202409620646946,1.0350526905484889e-172,0.0,0.05
4283,0.5580999999999999,False,0.0,0.2173,0.9389,10.0,0.0,0.2827163706607271,0.09210938890056133,1.829026886325952,0.3183490397748064,1.820295530125825,0.8686110370914046,0.1989516176599144,0.2504546064323879,0.1874955301258191,0.5624865903774573,0.05
4284,0.5995,False,0.0,0.199,1.0,0.0,0.0,0.2630698993766196,0.00807702818778303,1.737184337993116,0.051140797343878205,1.5483,0.054578475610812034,0.10227603456224402,0.0010649349777713704,2.5445824000160106e-242,0.0,0.05
4285,0.5471999999999999,False,0.0,0.1744,1.0,20.0,0.0,0.26839604543472007,0.11619384703260766,1.7249451244865122,0.0768628164089678,1.5495,0.0601602027922114,0.11101520859463976,0.048191993172976885,2.3257331888334344e-213,0.0,0.05
4286,0.581,False,0.0,0.242,1.0,20.0,0.0,0.3256764174315285,0.042328573309186046,1.847277019099757,0.0899277522318274,1.5351,0.040847154123635085,0.16492212188118932,0.07852486901432713,1.831427271930531e-202,0.0,0.05
4287,0.4907000000000001,False,0.0,0.2049,0.8565000000000002,20.0,0.0,0.2799496998970529,0.0937020620186598,1.8673777707672792,0.25008440945705773,2.112465682054548,1.1361954010324562,0.23216553078743735,0.2708191960022869,0.3567157560117641,0.7146248841165653,0.05
4288,0.48385000000000006,False,0.0,0.189,0.8587,20.0,0.0,0.2623999049350917,0.11760347824606086,1.8842400407647228,0.3049883956463242,2.0294716407524893,0.9396745354452951,0.23022213466922126,0.2841891396867448,0.34226864231132537,0.6850343432512643,0.05
4289,0.4571,False,0.0,0.2726,0.8016,40.0,0.0,0.31991632287863514,0.10096709087568449,2.090671121932297,0.40737388151078674,2.222732244752768,1.0751219830085457,0.37198143008090934,0.329194702212593,0.5502448790661812,0.8436090704276272,0.05
4290,0.57565,False,0.0,0.221,0.9323,0.5,0.0,0.30808688376739035,0.021619287546418627,1.8357579252657057,0.26158354543399415,1.773240773236294,0.6976551715631044,0.18433272689941677,0.20977465501640208,0.21110743990296044,0.6333223197088813,0.05
4291,0.47239999999999993,False,0.0,0.2819,0.8180999999999999,38.8,0.0,0.390905980248271,0.16561112960169994,2.05572955386259,0.39953852635135306,2.3222069168034687,1.2568021636907318,0.37266393987862234,0.33719350435033657,0.4160414884626745,0.7268100893856758,0.05
4292,0.5995,False,0.0,0.199,1.0,0.0,0.0,0.291416253261246,0.014938904048994806,1.7431454565085698,0.047346424223435254,1.5944000000046643,0.08800363628917465,0.10347063928477025,0.0018837973687213982,1.9039448359205906e-242,0.0,0.05
4293,0.5627,False,0.0,0.20540000000000003,1.0,20.0,0.0,0.3088170133358493,0.10913232719759647,1.769729055974698,0.1198821360231511,1.5613,0.06475191116870606,0.13612071866190995,0.08602713366378942,1.795530197324624e-190,0.0,0.05
4294,0.5430999999999999,False,0.0,0.16620000000000001,1.0,20.0,0.0,0.25476654760070017,0.09766383345344931,1.7128587307121443,0.05644589420280292,1.5493000000000001,0.07183042530850028,0.10421453962687874,0.02285348755018927,1.6402679438143268e-237,0.0,0.05
4295,0.5235500000000001,False,0.0,0.23500000000000004,0.8649000000000001,13.2,0.0,0.33065499401066406,0.11292324407431467,1.9177790993289814,0.3318161998680867,2.1198220989338017,1.1913001611202048,0.2680218120357109,0.28871272015091504,0.318729180982068,0.6377300035078629,0.05
4296,0.5694,False,0.0,0.20700000000000002,0.9318,0.0,0.0,0.31612912844493934,0.03374026976172283,1.8049923331432551,0.1873085207350717,1.692611111108992,0.3332282917766591,0.18027468738227462,0.21468033514211426,0.07980000000000001,0.23940000000000006,0.05
4297,0.5142999999999999,False,0.0,0.2974,0.8815999999999999,37.6,0.0,0.3663796661650619,0.07204980764588399,2.0565493454357933,0.4309794438110621,2.0310323251733378,0.920973544872503,0.3326675816269101,0.3018215621356957,0.20442277277393645,0.47082401965418424,0.05
4298,0.59315,False,0.0,0.2583,1.0,18.0,0.0,0.3575070176146883,0.07488750093088788,1.8642466728677003,0.20501372214362124,1.5988000000000024,0.06845407219443153,0.19278360893433222,0.11623226016291349,8.316116395855607e-178,0.0,0.05
4299,0.5995,False,0.0,0.199,1.0,0.0,0.0,0.2942200349733203,0.023211129595660625,1.7086443999198888,0.045617304268943386,1.5459,0.039111251578030574,0.10358734171482002,0.0016998985770318286,1.4113840233304321e-242,0.0,0.05
4300,0.5995,False,0.0,0.199,1.0,0.0,0.0,0.2813241665583247,0.014383142566900249,1.7521366083657433,0.06110183391912536,1.5434,0.04707695827047452,0.10242893784023799,0.001272495170463304,2.334970311650409e-242,0.0,0.05
4301,0.48584999999999995,False,0.0,0.22400000000000003,0.8676999999999999,30.0,0.0,0.2872526628917883,0.12043009301956938,1.9373603416838712,0.3573236895762822,1.8905691293487514,0.7287443040324671,0.2730593238513612,0.2985868752933535,0.32391770143352006,0.6482742685304693,0.05
4302,0.57225,False,0.0,0.2428,0.9289,6.8,0.0,0.3571997220383295,0.11789782090385582,1.8590172001937837,0.2508844482652913,1.8881429945446915,1.061291567412998,0.21524043734284692,0.21877848604098102,0.17393274735767544,0.5217982420730263,0.05
4303,0.5157499999999999,False,0.0,0.20850000000000005,0.943,30.0,0.0,0.29226913953520955,0.1444710869596734,1.8667565847922833,0.3708800294207468,1.8514143609869194,0.8098955457267255,0.20689552856153903,0.26674459034122044,0.17531107960363593,0.5259332388109077,0.05
4304,0.52565,False,0.0,0.19820000000000002,0.9299,19.2,0.0,0.27301456361765775,0.08884075809747659,1.7587493966257817,0.19381229280445664,1.729828110842368,0.5618649577849371,0.16099608947251404,0.18688655642380197,0.16652405137123788,0.49957215411371364,0.05
4305,0.5813,False,0.0,0.20260000000000003,1.0,10.0,0.0,0.2815842287141875,0.08739527145362744,1.7802518183237197,0.1436776216407692,1.5806,0.049400809709963245,0.123619810561628,0.07035415238884246,4.2619998644843667e-196,0.0,0.05
4306,0.4657,False,0.0,0.2575,0.7379,16.0,0.0,0.34173873091254303,0.13559344197819137,2.0463875593833234,0.41152995225320893,2.550074791129796,1.2268491442161589,0.40595485249582347,0.38379663021262855,0.668331833411844,0.8208629694448449,0.05
4307,0.40690000000000004,False,0.0,0.281,0.6528,30.0,0.0,0.36310459851828286,0.1249786315572871,2.163424597984637,0.335558008219725,2.777903158572579,1.3025267397358824,0.4831741773132913,0.3179855566218698,0.8991080320978323,0.9080335077830232,0.05
4308,0.5412,False,0.0,0.19360000000000002,0.9288000000000001,10.0,0.0,0.2764112214113731,0.086941723733183,1.8054932387220533,0.21784273999640374,1.8173550155000977,0.7672728573393532,0.16961808691855676,0.2166927498388514,0.21302158993586134,0.5888907626283265,0.05
4309,0.58275,False,0.0,0.20550000000000002,1.0,10.0,0.0,0.30698992121522917,0.04122054646454082,1.7072306859364723,0.053799689073443915,1.5302,0.03593549777031066,0.11539218204398564,0.03135313435083818,5.532904590671869e-223,0.0,0.05
4310,0.5441,False,0.0,0.19560000000000002,0.9326000000000001,10.0,0.0,0.26234752445721776,0.07367242840823929,1.8164647105237068,0.17131449632720458,1.6239462295388651,0.3452085183868055,0.17637384967207015,0.23127388582758873,0.07980981607426546,0.2394294482227964,0.05
4311,0.54225,False,0.0,0.1645,1.0,20.0,0.0,0.24572733896590124,0.10807831016570008,1.6934711588225562,0.054555539200780906,1.565,0.09037698822156005,0.09461415589030067,0.02244987201274859,2.8799383602491183e-242,0.0,0.05
4312,0.5708,False,0.0,0.18160000000000004,1.0,10.0,0.0,0.2595474926578994,0.07835471936731289,1.7154884773692292,0.05632036107050849,1.5904017332296196,0.09327379326156647,0.09637466473689776,0.015928849135940386,2.1925531346788106e-242,0.0,0.05
4313,0.5447500000000001,False,0.0,0.19750000000000004,0.932,10.0,0.0,0.28838292403272137,0.09939253269756435,1.8010703824089656,0.2539438800576522,1.8217631756477908,0.8136722420447394,0.17513340842855163,0.23862688565663884,0.18676317564779046,0.5602895269433714,0.05
4314,0.5844,False,0.0,0.2088,1.0,10.0,0.0,0.3121022342506862,0.038591761685717735,1.7629273654537136,0.06114703310256531,1.5702000000014038,0.07205941992699948,0.11955003901692011,0.03803470136586746,4.532555440578599e-219,0.0,0.05
4315,0.51425,False,0.0,0.2172,0.9297000000000001,29.6,0.0,0.3502961678233674,0.12308284178620683,1.9002431882442536,0.25582314494977837,1.7401905491291398,0.5826679596138719,0.19850773358692525,0.18615903315311214,0.17548379557155117,0.5264513867146535,0.05
4316,0.5408,False,0.0,0.23159999999999997,0.93,20.0,0.0,0.3372081741899396,0.060078493114882635,1.860940613930668,0.24364026927849783,1.7320772442615051,0.5570640751995498,0.19586196538010775,0.18764120345741508,0.14950067131348904,0.4485020139404672,0.05
4317,0.4719,False,0.0,0.2892,0.8545999999999999,50.0,0.0,0.360322723794435,0.1218844645906232,2.0847204369660544,0.3725252244087759,2.0442101862240576,0.7814734082352386,0.3638604240560321,0.2771918565571703,0.42896633480065416,0.7002240737539129,0.05
4318,0.45759999999999995,False,0.0,0.2527,0.8609,49.6,0.0,0.35174688105941443,0.12907258638374242,2.019946988663726,0.36380019583600753,1.9276868419030748,0.7946600831428947,0.2910502285401037,0.2357742888756339,0.3546898276183897,0.7096570697443858,0.05
4319,0.5423,False,0.0,0.16460000000000002,1.0,20.0,0.0,0.23784247389890206,0.10561113087120172,1.709389990096005,0.06560605891863212,1.5977000000000001,0.08296390781538686,0.09212501523488502,0.021017558665728648,1.7797884359290625e-242,0.0,0.05
4320,0.4638,False,0.0,0.2374,0.9301999999999999,60.0,0.0,0.3790653159317479,0.15219650722723213,1.8467845477221492,0.20375192156898023,1.8101775311521688,0.8097745362872312,0.2483892362268711,0.22798893767082695,0.19567753115216885,0.5870325934565066,0.05
4321,0.51865,False,0.0,0.2177,0.8596,10.0,0.0,0.2973898178464982,0.08943820209070834,1.9126949327744847,0.3028688028556323,1.9116858577857336,0.7363072062931335,0.2337449406936388,0.2497698192465977,0.33824452756860757,0.6770204516007582,0.05
4322,0.4999,False,0.0,0.18870000000000003,0.9320999999999999,30.25,0.0,0.26516504061578483,0.12656719867371302,1.7845766074727354,0.2316993259568187,1.7704284996556592,0.7339312311090967,0.17320069713866368,0.20081274461312174,0.17704440131798577,0.5311332039539574,0.05
4323,0.5013500000000001,False,0.0,0.16269999999999998,1.0,40.0,0.0,0.22649321672284203,0.12255795529123256,1.7174824752943305,0.10981944311969581,1.5495,0.047379848036902796,0.10967859265516464,0.061689028536284406,1.2458993533243319e-207,0.0,0.05
4324,0.57105,False,0.0,0.1821,1.0,10.0,0.0,0.26003891982036165,0.0709024940702524,1.6931053978505557,0.061317474635725885,1.5760000000024834,0.07370345989458116,0.09762130905126368,0.014488598268792285,2.081273825168003e-242,0.0,0.05
4325,0.56045,False,0.0,0.20090000000000002,1.0,20.0,0.0,0.2777324400338115,0.0930289252189008,1.7732950597998642,0.1169499471797604,1.5287,0.03748346302037736,0.12577325930208044,0.08884299662410187,3.765499740019736e-184,0.0,0.05
4326,0.4967500000000001,False,0.0,0.25070000000000003,0.794,12.8,0.0,0.3550162999010394,0.11785171289955147,1.947189480918785,0.31462979158948506,2.277203753168019,1.150472050151989,0.3413388320697236,0.33710028347180204,0.48770685953637305,0.837123636012202,0.05
4327,0.5328999999999999,False,0.0,0.23009999999999997,0.9365,25.2,0.0,0.296294864006546,0.10328796010456484,1.8593422602436962,0.282447176558461,1.7375858148251808,0.6524021971071904,0.22047210941184509,0.2454533641239103,0.17909130121237746,0.5372739036371325,0.05
4328,0.5442499999999999,False,0.0,0.23869999999999997,0.9298,20.0,0.0,0.3049552775384107,0.10486112270085317,1.909174595090849,0.3045456145821942,1.810694116948128,0.7796756663482084,0.2237846282937793,0.22436547248358227,0.05,0.15000000000000002,0.05
4329,0.5430499999999999,False,0.0,0.2305,0.8699999999999999,3.6,0.0,0.36217602815101035,0.08207765096929899,1.9443238711713193,0.38173278817580014,2.037304933256628,0.7773718365177793,0.27934207071081657,0.3229825496809222,0.3013352693644192,0.5162869638104216,0.05
4330,0.5683,False,0.0,0.2703,0.9463000000000001,20.0,0.0,0.34819911294381456,0.08393156757992053,1.9516758825830642,0.3876640105541775,1.8544046581686817,0.760614542250656,0.25194388866584816,0.28290055797138636,0.21404749240379894,0.534663012015323,0.05
4331,0.51935,False,0.0,0.18450000000000003,0.9342,20.0,0.0,0.2678167224651647,0.11394740791985812,1.7984909611646795,0.2978516733847995,1.8170353844560168,0.5499126283590631,0.17426625218454722,0.22656397130085518,0.2104744728251327,0.49336465856806044,0.05
4332,0.51395,False,0.0,0.2853,0.8614,29.7,0.0,0.3616879087237887,0.05674804889530864,2.0377566976229997,0.32154913214765785,2.0238416841075564,0.8676548696496176,0.32588075885568013,0.24257922264840062,0.3885869037819685,0.7775927087316453,0.05
4333,0.44580000000000003,False,0.0,0.30860000000000004,0.743,40.0,0.0,0.4010462999333784,0.10409715558739141,2.1835110287376494,0.41883820084899925,2.4854064078117486,1.234739101940755,0.4220950086322873,0.3140323424166797,0.7256683753697561,0.8950872763098419,0.05
4334,0.52505,False,0.0,0.21959999999999996,0.8705,10.0,0.0,0.308516183113015,0.12418249795468858,1.8948084505839624,0.4118419897880169,1.9427905844952762,0.7702958942376471,0.24655653073257128,0.3030423367594795,0.3632818033235551,0.7326738979880405,0.05
4335,0.5689500000000001,False,0.0,0.30300000000000005,0.8349,0.0,0.0,0.3754957537464191,0.08681256132518654,2.136809156776421,0.49080353061912463,2.1968053418423557,1.1130146055739376,0.3679185386318094,0.35512564124761115,0.2901396212524161,0.5115524853502643,0.05
4336,0.5319499999999999,False,0.0,0.2141,0.9298,20.0,0.0,0.28901672943854984,0.08545758221978958,1.8194934552661952,0.2040913513115658,1.7969842875444288,0.7010530911040955,0.19577243038239062,0.20686601710567748,0.17090000001420957,0.5060684637903671,0.05
4337,0.5345,False,0.0,0.2593,0.9297000000000001,30.0,0.0,0.33511228170291835,0.060167597889071354,1.9071072214617169,0.29890717210457496,1.814002353221241,0.7859968636086004,0.23235804073025626,0.1975138363462958,0.05,0.15000000000000002,0.05
4338,0.36624999999999996,False,0.0,0.3035,0.7362,76.8,0.0,0.39758036383542156,0.14229989764637366,2.226650643354697,0.4488270776172424,2.567773325409047,1.4754350756864674,0.5013666995795484,0.34051522030312,0.6407223882119693,0.8391053000378391,0.05
4339,0.572,False,0.0,0.184,1.0,10.0,0.0,0.26526888867004594,0.07865259422371113,1.7447492725599036,0.08025450693031437,1.6122555555555576,0.24046942286564285,0.10741083181304138,0.03282041293778563,0.0699000000000014,0.16980014723197676,0.05
4340,0.5708,False,0.0,0.18160000000000004,1.0,10.0,0.0,0.25953147522591935,0.0704445757955009,1.7185914448181987,0.06654159385037285,1.5458888894187086,0.046096758336405586,0.09686747638848718,0.016038673975551178,0.0046000000000003495,0.01380000000000105,0.05
4341,0.42629999999999996,False,0.0,0.3226,0.6900000000000001,40.0,0.0,0.4441244898202424,0.11933248978508736,2.2744395601482386,0.43964147842326806,2.783093384660888,1.2099111522091035,0.522220125181776,0.3689781626518118,0.7982850713031138,0.8380949867358236,0.05
4342,0.47735,False,0.0,0.24100000000000002,0.8097,24.0,0.0,0.32383312664220876,0.15301696655623306,2.0647043215339127,0.49445429432425547,2.2678480905164715,1.0488567413131826,0.32422092748992215,0.3504269079095494,0.5659132864296023,0.8663678255780989,0.05
4343,0.47079999999999994,False,0.0,0.2768,0.7447999999999999,20.0,0.0,0.35085971303134356,0.142779467813399,2.1432200585062677,0.4815845300476854,2.378343809488484,1.012516572194149,0.42834863083589764,0.38062664768091775,0.7123219792737493,0.8744928729716285,0.05
4344,0.47370000000000007,False,0.0,0.3094,0.798,40.0,0.0,0.39910333096916606,0.05364389665983482,2.158759499223899,0.37122409630252945,2.198733013321482,1.013440880818852,0.41265602798701567,0.26704523402307423,0.5739482006150283,0.8823929313166697,0.05
4345,0.5839500000000001,False,0.0,0.23700000000000002,0.9309000000000001,0.0,0.0,0.3534141196755401,0.1506584199434772,1.878600018031903,0.29156655564682515,1.7497838125685121,0.617431959215859,0.2273684516840119,0.26849763290736123,0.16596328927307577,0.4978898678192274,0.05
4346,0.5399499999999999,False,0.0,0.19990000000000002,1.0,30.0,0.0,0.270593927609866,0.1401926052377133,1.7884949424193013,0.16428636486874232,1.5368482638888894,0.04710363418586311,0.14309006277977426,0.10582767711206098,0.0018000000000003096,0.00540000000000093,0.05
4347,0.5267,False,0.0,0.2015,0.9319,20.0,0.0,0.28464421522911687,0.08434796084558693,1.8117260267112762,0.23035753739199183,1.7562760206514163,0.7277295759598994,0.17367160206135565,0.2185760683785296,0.05,0.15000000000000002,0.05
4348,0.54215,False,0.0,0.16430000000000003,1.0,20.0,0.0,0.23557457959258055,0.10132000887951774,1.6927992370861904,0.05998094911244492,1.5683,0.09063448571046238,0.09264180767330221,0.019977933958475556,1.4130323022298498e-242,0.0,0.05
4349,0.5408499999999999,False,0.0,0.20350000000000001,0.9358000000000001,14.4,0.0,0.27384837085993474,0.08647085399755118,1.820666167085939,0.24135009440813468,1.7666335729577778,0.7025252211136747,0.17062791014546164,0.21018125410611785,0.1764534823762422,0.5293604471287264,0.05
4350,0.55815,False,0.0,0.30879999999999996,0.9371,32.4,0.0,0.37832441131551886,0.06341379340599498,2.0315394717624375,0.31581772533315605,1.8288392935666482,0.8461205170713321,0.3071760815913531,0.26055992490983293,0.2048392935666481,0.6145178806999444,0.05
4351,0.5519000000000001,False,0.0,0.2036,0.9402000000000001,10.0,0.0,0.3169532660532084,0.14973032812494466,1.8513947683322154,0.3754412032519317,1.7537746277212776,0.643601487995491,0.18046056213792291,0.24958268047588136,0.1783248643093333,0.534974592928,0.05
4352,0.39955,False,0.0,0.227,0.8025,57.6,0.0,0.3110315011593677,0.19479200729184434,2.0611399025266364,0.47842551951629586,2.1760098673054067,0.9460561676622132,0.3472806001329193,0.3501945977791547,0.5093659883759225,0.7849259548559604,0.05
4353,0.5085500000000001,False,0.0,0.21880000000000002,0.8638999999999999,16.4,0.0,0.296696894930366,0.10186972564679264,1.9456412771497373,0.40593275296791914,1.9983506021730797,0.8465995066195682,0.2281387612272868,0.24598527271987364,0.35624183277889543,0.715190315908075,0.05
4354,0.46165,False,0.0,0.20099999999999998,0.8711,37.2,0.0,0.29853892771986923,0.18776659157665532,1.8961047539041445,0.41242920896733015,2.0624171652626377,1.0974471831614954,0.2528914793228809,0.32484587268976944,0.38924578898213363,0.7813084269892184,0.05
4355,0.4435,False,0.0,0.2137,0.8605,46.8,0.0,0.28070775056925745,0.12048078265649467,1.8936275383477514,0.29553963627365704,2.161350812850388,1.1922335853882733,0.2614236246326035,0.2660448581536325,0.40825596182865825,0.8165737470143707,0.05
4356,0.5995,False,0.0,0.199,1.0,0.0,0.0,0.2927499013597581,0.011952022680720322,1.7164114795131262,0.0256136485483359,1.5076,0.013639648089301995,0.10186746717523651,0.0015076486200207133,1.9107052017158294e-242,0.0,0.05
4357,0.5995,False,0.0,0.199,1.0,0.0,0.0,0.29035777803820656,0.018485209239921335,1.7298130369108857,0.050119046752994965,1.569,0.07602236513026943,0.10425540818308003,0.00423232274619722,2.775608871634515e-242,0.0,0.05
4358,0.424,False,0.0,0.2509,0.8019000000000001,51.2,0.0,0.3175718420606833,0.16348552722402782,1.9971955269684625,0.3656342390525437,2.0262423079681833,0.7577638357392719,0.3709001105426579,0.3352973350570757,0.4772613608270957,0.7294601645928801,0.05
4359,0.5644,False,0.0,0.24879999999999997,1.0,30.0,0.0,0.3425574826262004,0.05226308522333911,1.8167096744763007,0.15823571703255818,1.5812000000004858,0.06784511773202041,0.1771569722378755,0.11507797066530623,4.239575822774631e-169,0.0,0.05
4360,0.57105,False,0.0,0.1821,1.0,10.0,0.0,0.27589890344228796,0.07796285455619788,1.7236697748765486,0.07314571889735057,1.5450000000000002,0.04996798975344117,0.09794422677462916,0.015028681092357974,1.6538185403656647e-242,0.0,0.05
4361,0.50735,False,0.0,0.2056,0.9291,30.0,0.0,0.28128021972395306,0.1366769035382037,1.8026879953866513,0.23386023172062026,1.887526439687797,1.0070444449221772,0.21222258209939787,0.22647936962854048,0.18856080048373738,0.5656824014512121,0.05
4362,0.52265,False,0.0,0.2266,0.8587,10.0,0.0,0.33670913315668477,0.07177042670662963,1.886488073010384,0.2911999641889249,2.0136584200616885,0.9571543649673692,0.2501417029632335,0.28554058801094057,0.35485548931252275,0.709741192597982,0.05
4363,0.54155,False,0.0,0.2694,0.9337,30.0,0.0,0.36414433860806134,0.07158876005628062,1.9619539390552803,0.2878065390324339,1.8074771511957324,0.7462878115678487,0.2572937405722611,0.2065433617511213,0.19999999869404,0.5999999960821201,0.05
4364,0.5572,False,0.0,0.21359999999999996,1.0,24.8,0.0,0.30908707909951366,0.11032376650936397,1.7898184024849655,0.13968602896271556,1.5712,0.07375472866196445,0.14295535463166173,0.09354523036194738,1.1044655082388977e-194,0.0,0.05
4365,0.45769999999999994,False,0.0,0.2387,0.7967,30.0,0.0,0.3150686620387683,0.12364950290013758,2.0091919224875103,0.3975296575084406,2.0777103926852165,0.8557395815466557,0.307734082203886,0.3145539784592648,0.5199747821496586,0.8022108060193158,0.05
4366,0.55725,False,0.0,0.2258,0.9299,10.3,0.0,0.3026075219167441,0.040585798461090394,1.8471278693053854,0.250211372705399,1.7133841962030523,0.501191192951792,0.17881572679754248,0.1697570398710857,0.15964811807757961,0.47894435423273884,0.05
4367,0.5421499999999999,False,0.0,0.1643,1.0,20.0,0.0,0.24160936587990492,0.10908450515167278,1.7168877107053675,0.07800584388484498,1.5464,0.05649283140363919,0.0931879168759607,0.021625479774066213,1.849711051177631e-242,0.0,0.05
4368,0.56745,False,0.0,0.21630000000000002,1.0,20.35,0.0,0.2735241693326461,0.08637288202805102,1.8149587087150192,0.18329710755810943,1.5852,0.1111960430950672,0.1436255301842633,0.11281876228615008,6.469079007401901e-174,0.0,0.05
4369,0.5145,False,0.0,0.27890000000000004,0.8701000000000001,30.0,0.0,0.3858274481463265,0.10868872986428543,2.0675203135403413,0.4041626880672988,1.9843156138050109,0.8532892167951923,0.334362966485913,0.30385471735701736,0.3884506566911849,0.7877255929630954,0.05
4370,0.5421,False,0.0,0.1642,1.0,20.0,0.0,0.24764312256765084,0.10589714467967923,1.7001153341996684,0.07622669959315553,1.5874000004024134,0.09155457413340075,0.09274446925923416,0.021067948082997317,1.503739143436441e-242,0.0,0.05
4371,0.54265,False,0.0,0.22069999999999998,0.9446,20.0,0.0,0.29707122776960715,0.11710646549872747,1.8404516102597774,0.36609619147110917,1.7898297689383653,0.7448524885611161,0.19722805758438466,0.2528589926667628,0.05,0.15000000000000002,0.05
4372,0.55305,False,0.0,0.22609999999999997,1.0,30.0,0.0,0.2793339603084025,0.10173962147348686,1.81334785650079,0.18051518836479113,1.5402,0.07433276531920499,0.1601908233738239,0.13361331191312006,1.5274681606206042e-152,4.582404481861812e-152,0.05
4373,0.53575,False,0.0,0.19150000000000003,1.0,30.0,0.0,0.2814220140297476,0.1375933898588482,1.7837620957367761,0.1524779649434667,1.5274,0.03574968531330027,0.12794472435229803,0.08822543158632304,7.530999470491529e-184,0.0,0.05
4374,0.4925999999999999,False,0.0,0.26739999999999997,0.8649999999999999,36.8,0.0,0.3546837678208588,0.06896164953975634,1.9927102819022777,0.34026299199893295,1.9562054581508632,0.8777321349675982,0.29024246579078394,0.2484811454370213,0.21095295804870817,0.48944600982824654,0.05
4375,0.5592999999999999,False,0.0,0.2386,1.0,30.0,0.0,0.3351591447714071,0.05641679098245841,1.8122737144574053,0.06402710694441234,1.5703333333333844,0.062411537394967034,0.16170202563030348,0.06893348587544035,0.00740000000000039,0.022200000000001167,0.05
4376,0.4777,False,0.0,0.3383,0.7659,37.2,0.0,0.4210704186881589,0.10914456970700405,2.2596141292914615,0.4874217443917752,2.8800693481023956,1.7760928333275834,0.4829771345139241,0.3349566402195206,0.6423352632221533,0.8844959351341974,0.05
4377,0.5995,False,0.0,0.199,1.0,0.0,0.0,0.27439769237307515,0.011964156030948893,1.7285783935245533,0.047406714751703896,1.5527000000000002,0.06539120736001136,0.1015673398869309,0.0014460607970755923,1.990524966786019e-242,0.0,0.05
4378,0.571,False,0.0,0.18200000000000002,1.0,10.0,0.0,0.2743536821170557,0.07917499605114772,1.7176600702349052,0.05916077820360196,1.5691000000000002,0.09582217906100865,0.09708406644914576,0.014248788128779406,2.326192197183752e-242,0.0,0.05
4379,0.5423,False,0.0,0.16460000000000002,1.0,20.0,0.0,0.22927295448016238,0.0955641369586756,1.691868133956585,0.0709477624708632,1.5318,0.036866787221020554,0.09239962182577847,0.020781875637130163,1.9838802170148565e-242,0.0,0.05
4380,0.5887,False,0.0,0.21740000000000004,1.0,10.0,0.0,0.3230661426147779,0.058116917697592266,1.801227159448222,0.09412452994377254,1.5699,0.06989055730211341,0.1292707187910515,0.08031548674624724,3.677245849095677e-187,0.0,0.05
4381,0.45575,False,0.0,0.3084,0.7263,30.8,0.0,0.4130732486557904,0.09608320014353001,2.0987612252236536,0.3291891706785173,2.3655404989624675,0.9962774884336563,0.4426888900548824,0.2980809907218856,0.7158160892168115,0.883063445883231,0.05
4382,0.57095,False,0.0,0.1819,1.0,10.0,0.0,0.25765463969494207,0.07264339805219577,1.70368260334266,0.06093889398214366,1.543535416666667,0.0723709256013478,0.0971445729383886,0.015466302766964356,0.002000000000000284,0.006000000000000853,0.05
4383,0.5708,False,0.0,0.1816,1.0,10.0,0.0,0.2502203093387555,0.0792621492658289,1.7080630444425116,0.057758377832086254,1.5497,0.07978978631378829,0.09647261043214075,0.016009696670702896,1.1050604289287415e-242,0.0,0.05
4384,0.43770000000000003,False,0.0,0.3105,0.6801,28.8,0.0,0.3806749980588819,0.09965392611896856,2.2089703196711796,0.443061980633385,2.6671795645897785,1.1042967697925683,0.504902445773396,0.3717764602096202,0.9101152486667388,0.919084891896626,0.05
4385,0.58875,False,0.0,0.24659999999999999,0.9309,0.0,0.0,0.32880569489253875,0.0669262295932985,1.914235239859303,0.2531371412390603,1.9184706407552483,0.8323627518609947,0.23874997931256364,0.23494101933121866,0.24372168242147368,0.5959351688163471,0.05
4386,0.47964999999999997,False,0.0,0.2663,0.813,30.0,0.0,0.3807862796554365,0.19541612189168653,2.1107758137459776,0.48059155155551586,2.361234385676249,1.0232749397724399,0.37843281794772676,0.36504173702883813,0.6174017255288298,0.8112006541728825,0.05
4387,0.41415,False,0.0,0.2246,0.7237,30.0,0.0,0.2936552339798124,0.12690983837207614,2.0380379983815553,0.4094374666415772,2.5273107649845756,1.2375138164348563,0.343621641327457,0.3169683759200311,0.5865396607026991,0.811469187117529,0.05
4388,0.47240000000000004,False,0.0,0.32659999999999995,0.8022,46.0,0.0,0.41518628569840726,0.06864664674806281,2.1236585840517037,0.314998612271834,2.2466732754954215,0.901627443154465,0.436044861712804,0.296628110457967,0.5921043940933906,0.7752040316994445,0.05
4389,0.43155,False,0.0,0.28559999999999997,0.6655,22.0,0.0,0.37934512701522977,0.11558099077844051,2.1562015185005854,0.4088713541475255,2.9148414376611305,1.411738817606842,0.48008123948453063,0.3746307262257567,0.7894798954301955,0.8833811027657638,0.05
4390,0.5419999999999999,False,0.0,0.164,1.0,20.0,0.0,0.22949094070584142,0.09531431740025044,1.7223460887920925,0.06962182649077661,1.5724,0.0562924506483774,0.09148674502721739,0.022307841936489325,2.642823053838187e-242,0.0,0.05
4391,0.57195,False,0.0,0.1839,1.0,10.0,0.0,0.27278004771275394,0.08203123988101803,1.7269163746023313,0.06616193211122127,1.5567000000000002,0.07747005873239032,0.09964929599997471,0.016440869703035592,4.478581350312122e-237,0.0,0.05
4392,0.57275,False,0.0,0.18550000000000003,1.0,10.0,0.0,0.28246798516365923,0.07548425826837331,1.7361043627838175,0.07154568066158873,1.567,0.07034202158027592,0.10112618786687463,0.020284626083766192,2.7502865647614054e-231,0.0,0.05
4393,0.5128,False,0.0,0.19990000000000002,0.9137000000000001,22.0,0.0,0.29243941493338016,0.14154908354019044,1.8507492624985062,0.2574950488166506,1.868664626975202,0.6038397147467296,0.21404617215163374,0.22182963869251407,0.24682552703966215,0.5306209334131863,0.05
4394,0.5995,False,0.0,0.199,1.0,0.0,0.0,0.27845489017974956,0.016172193516625678,1.725984563637826,0.04650860747909709,1.5632000000000001,0.06537094155662744,0.10252188247133412,0.0008977875214594394,1.3228524402119983e-242,0.0,0.05
4395,0.49005000000000004,False,0.0,0.19530000000000003,0.8648,20.0,0.0,0.26902173888424896,0.13226068185133202,1.890686034179749,0.3421341451444368,1.827531057963198,0.6153376442283749,0.24507069202870735,0.3039671618881139,0.2305311815291439,0.48787210404929926,0.05
4396,0.5428999999999999,False,0.0,0.1658,1.0,20.0,0.0,0.24721463912784652,0.09705239456750128,1.687506238572406,0.07136016975774714,1.5646777777777785,0.05330750416217302,0.09413787877192238,0.017800158874480252,0.010200000000000414,0.03060000000000124,0.05
4397,0.44865000000000005,False,0.0,0.21870000000000003,0.7986000000000001,30.0,0.0,0.3134450693357049,0.16156426234604995,1.9513036114794822,0.3826043669342287,2.256933746472172,1.0575644080045858,0.32591064663524427,0.35086707899242864,0.5419615234184633,0.828575919383223,0.05
4398,0.48624999999999996,False,0.0,0.3009,0.7964,31.2,0.0,0.39267734408533816,0.07102689998667608,2.111261533499994,0.36166245775774086,2.209694329467594,1.0124303168050999,0.39481277758947775,0.2978648360822118,0.39331127196205606,0.6709168443155188,0.05
4399,0.5995,False,0.0,0.199,1.0,0.0,0.0,0.27904409568104716,0.024326116590687098,1.7516904622693112,0.05961917496069405,1.5838,0.12450686728048391,0.11690150017097176,0.04416546484674112,2.331252547635942e-242,0.0,0.05
4400,0.46859999999999996,False,0.0,0.26,0.7971999999999999,30.0,0.0,0.33191210068246046,0.13651950225126078,2.0075371103678252,0.38983141208232924,2.22407104535894,1.0852096571843968,0.36542430763041084,0.3362744103439102,0.43567246428410955,0.6726571484824622,0.05
4401,0.6025,False,0.0,0.20500000000000002,1.0,0.0,0.0,0.2961809533448213,0.02453300550181647,1.7465900506236305,0.04671604011396284,1.5202,0.03907121702737195,0.10878825184455902,0.006671415919304722,8.411348436238732e-237,0.0,0.05
4402,0.5708,False,0.0,0.1816,1.0,10.0,0.0,0.26341140219892095,0.06633269976583919,1.7252971158123844,0.06628725270164916,1.5379000000000471,0.05651274192617273,0.09723877042681542,0.0162295979666733,1.2473558464061961e-242,0.0,0.05
4403,0.6025,False,0.0,0.20500000000000002,1.0,0.0,0.0,0.3162766628227662,0.03192927439875891,1.7158162241692814,0.053182246114383144,1.5929,0.07253888612323739,0.11279628102534989,0.02641407482951166,3.4302401751980144e-228,0.0,0.05
4404,0.5082000000000001,False,0.0,0.24850000000000003,0.9281,40.05,0.0,0.3187351144255573,0.10337383722031392,1.8877016022205155,0.1967933317845855,1.7409266064852225,0.5979184724496882,0.24221434068352998,0.19917209214872214,0.15020000478804724,0.4506000143641418,0.05
4405,0.57075,False,0.0,0.18150000000000002,1.0,10.0,0.0,0.2649940583345545,0.08673598609448721,1.7159364909201966,0.07757783871682129,1.665111718750002,0.32170133395311584,0.11265054962340215,0.0501017861945407,0.07880000000000117,0.22851205657470494,0.05
4406,0.571,False,0.0,0.18200000000000002,1.0,10.0,0.0,0.2503396456369281,0.07487487090359413,1.6975288522320497,0.04145609337497747,1.5391020718044706,0.04613735329023663,0.09722092998848728,0.014978340301312142,2.125096992439703e-242,0.0,0.05
4407,0.5420499999999999,False,0.0,0.1923,0.9318,10.0,0.0,0.2756909544088112,0.08351918933728543,1.741178749402773,0.2057982780268942,1.641751481444236,0.3477873363587104,0.16973023606272794,0.215566283561923,0.07970001791648544,0.23910005374945634,0.05
4408,0.51185,False,0.0,0.19240000000000002,0.9369,26.4,0.0,0.2768827853423359,0.14913817724154432,1.795248283468371,0.27198876236115876,1.6755661567030031,0.341860341998526,0.18826333827308284,0.24652149811961221,0.07995501767384172,0.23986505302152514,0.05
4409,0.4534500000000001,False,0.0,0.2372,0.7897000000000001,30.0,0.0,0.31203918508750783,0.09554615224373238,1.942099702614359,0.2801869558383948,2.296958313128506,1.0393993149316276,0.3063414006329466,0.2730926813135682,0.42375817375017705,0.679518431975854,0.05
4410,0.5243500000000001,False,0.0,0.20859999999999998,0.9297000000000001,22.4,0.0,0.309798558470552,0.12050861908570207,1.832997276505478,0.2359968090525224,1.865637087549787,0.8204837801984097,0.1802795723925052,0.19274840794088494,0.16735434834069046,0.5020630450220713,0.05
4411,0.58255,False,0.0,0.2582999999999999,0.9292,5.6,0.0,0.37076632340258525,0.09095574206270486,2.0045397893131787,0.5259835659523219,1.7909728353803271,0.7309337785290816,0.2535930676111954,0.2668949388289807,0.05,0.15000000000000002,0.05
4412,0.5995,False,0.0,0.199,1.0,0.0,0.0,0.28815839273013394,0.01644608079872143,1.7131162748354711,0.04700721110818048,1.5596000165895454,0.06817215001156024,0.10169114057389488,0.0010703732974498101,1.3147761462317742e-242,0.0,0.05
4413,0.5995,False,0.0,0.199,1.0,0.0,0.0,0.3104169205615076,0.017784117956848623,1.7502191372605573,0.04191282357698131,1.597,0.07824193249147167,0.10497518988082481,0.002174785999592985,3.340496720601136e-242,0.0,0.05
4414,0.5995,False,0.0,0.199,1.0,0.0,0.0,0.2728190146803212,0.015942429478635698,1.7312824181359907,0.05321367439387455,1.5231999999999999,0.03141591953134587,0.10225598179071001,0.0010314340227135742,2.4766780143368416e-242,0.0,0.05
4415,0.53115,False,0.0,0.23249999999999998,0.8698,10.0,0.0,0.3301959396498485,0.09092580046332846,1.940078263974853,0.41303813613290624,2.014011439814802,0.9031705026367367,0.24316449603320453,0.28160586136144417,0.3686720913407898,0.740664318181963,0.05
4416,0.54255,False,0.0,0.1651,1.0,20.0,0.0,0.22856728778865204,0.10012764830383873,1.701516292755683,0.053524617347078425,1.5271,0.05099303874059675,0.09185227745971278,0.019550254232425776,1.1504328029995627e-242,0.0,0.05
4417,0.57075,False,0.0,0.18150000000000002,1.0,10.0,0.0,0.26120358742162364,0.06674828317355057,1.7071602311004888,0.062287575490119915,1.5287000000000002,0.03973172535896219,0.09679595555416562,0.016252909623262795,8.820715027337672e-243,0.0,0.05
4418,0.4209,False,0.0,0.2658,0.6576,20.4,0.0,0.336082580568895,0.11150352829446619,2.1497909062616016,0.39501380459336444,2.513278610306146,1.0504612052347218,0.4622202205647638,0.3306208371426889,0.759466390227004,0.791178507813196,0.05
4419,0.5709,False,0.0,0.18180000000000002,1.0,10.0,0.0,0.2610331797166074,0.07696591231175745,1.7314423738420317,0.07073797587222791,1.542,0.08401904545994318,0.09831506149367461,0.015877880250050186,2.933634063170153e-242,0.0,0.05
4420,0.5206999999999999,False,0.0,0.26149999999999995,0.8599,20.0,0.0,0.33058765737136,0.1209896363301467,2.006218303001416,0.32403077441429123,2.064489263084714,1.1129881771622223,0.3084927104572966,0.26094313453549495,0.35338747625647376,0.7070981124116388,0.05
4421,0.50605,False,0.0,0.259,0.8069,13.45,0.0,0.3861162814528602,0.13695826850434123,2.0088719394987145,0.3887017450681845,2.3010784958496737,1.167420462636702,0.3461814420166805,0.3572005269069296,0.45620775372870437,0.7393006512760432,0.05
4422,0.5995,False,0.0,0.199,1.0,0.0,0.0,0.29156384515899003,0.009764360362658457,1.7470028862132878,0.03899545239741516,1.5742,0.07728622128167481,0.10384683575054185,0.003621969488598919,2.6603855027152744e-242,0.0,0.05
4423,0.57275,False,0.0,0.18550000000000003,1.0,10.0,0.0,0.26381696916912706,0.08208573366536424,1.7458328237318672,0.06915313956098867,1.5532000000001607,0.07154970300439654,0.10043311853563222,0.01940113910842873,7.936001808950795e-237,0.0,0.05
4424,0.56555,False,0.0,0.1819,0.9892,10.0,0.0,0.26939400742049513,0.07582266714644435,1.7150144290266045,0.08657859633968462,1.6338111111111124,0.33971829669759296,0.11632983647589024,0.06151670660748824,0.07980000000000088,0.23940000000000264,0.05
4425,0.5422,False,0.0,0.16440000000000002,1.0,20.0,0.0,0.23719976021412742,0.09136034141974377,1.705854186561158,0.061446997706739004,1.5867,0.11791357004178955,0.09284669102719198,0.02127348164149511,2.608853801351423e-242,0.0,0.05
4426,0.56475,False,0.0,0.21500000000000002,0.9305,4.0,0.0,0.3116626016046675,0.03958890827625573,1.8247014824786318,0.28288061792433045,1.7724356027641224,0.634607246572102,0.17028285043969857,0.17998955539491418,0.19939913020016914,0.5981973906005075,0.05
4427,0.5723,False,0.0,0.18460000000000001,1.0,10.0,0.0,0.29524991164336284,0.07914297585487866,1.6966000475434402,0.03785467351058288,1.5828,0.0914010940853555,0.10266108033271812,0.01601772887531013,4.479231906180624e-237,0.0,0.05
4428,0.49494999999999995,False,0.0,0.2455,0.8036,14.8,0.0,0.3312072019408065,0.13251158671082217,1.9677554181926902,0.37774990730750446,2.339851450649915,1.144272064304916,0.3266702694093492,0.3363578075630048,0.5118494288379776,0.77778213997914,0.05
4429,0.5709,False,0.0,0.18180000000000002,1.0,10.0,0.0,0.27727242055095086,0.0783505775083861,1.702264561601066,0.05120402798066903,1.592700000667572,0.06387652184586413,0.0964123565576401,0.014853767508625488,1.2698036400994429e-242,0.0,0.05
4430,0.5995,False,0.0,0.199,1.0,0.0,0.0,0.2910508224663643,0.05161904424947692,1.7828524261026637,0.057941189637474584,1.5663000000000467,0.07254660570976092,0.11111305177315464,0.02415939860919534,2.8826010662632558e-242,0.0,0.05
4431,0.5430499999999999,False,0.0,0.1661,1.0,20.0,0.0,0.23837676399861812,0.0976871680248636,1.7041217693696964,0.06957686873283227,1.5598000000000185,0.09208452638743268,0.0933044740165245,0.02281741348922513,4.753649654323066e-237,0.0,0.05
4432,0.5490999999999999,False,0.0,0.24619999999999997,0.932,20.0,0.0,0.3253925986700851,0.0439913020277603,1.842493809812138,0.21107236735370283,1.8029612508395938,0.7579177048478773,0.2201063977975747,0.2189597631317816,0.16108177620521166,0.483245328615635,0.05
4433,0.5301,False,0.0,0.23559999999999998,0.8646,10.0,0.0,0.33150962137214884,0.11138698751690504,1.9162041990517675,0.3349515296393396,2.0752791555660757,0.9993072867284476,0.2776538918740678,0.3021103742548659,0.34794819015475975,0.6980563895957254,0.05
4434,0.53315,False,0.0,0.2263,1.0,40.0,0.0,0.3074125496739319,0.1040227754211122,1.8142683255071774,0.1272168045554374,1.5622999999999998,0.09306777100586433,0.16186565854943968,0.1004526430287955,1.1222149387504767e-191,0.0,0.05
4435,0.50335,False,0.0,0.23899999999999996,0.7885,5.2,0.0,0.34687715608262176,0.09371973226020917,1.9521912119055749,0.32739835796369354,2.206035174742407,1.0105310630861701,0.31144333172076005,0.3099507644791806,0.4992571585876556,0.7628086703321959,0.05
4436,0.4894,False,0.0,0.2031,0.9357,40.0,0.0,0.2711920103370446,0.17241028773323125,1.8341080328040484,0.30401119248440317,1.7686307543374435,0.6540412239112601,0.20216724935674524,0.23418683495271678,0.19423075433744375,0.5826922630123313,0.05
4437,0.5702999999999999,False,0.0,0.2206,1.0,20.0,0.0,0.329209199214717,0.14519956997540276,1.791376455990596,0.24224613744977552,1.5708555555555566,0.1001286339332257,0.15477662999021724,0.15299106521467026,0.024100000000000732,0.0723000000000022,0.05
4438,0.5664500000000001,False,0.0,0.2651,0.8678000000000001,0.0,0.0,0.36742047971570907,0.0960552420896573,1.9451479644964234,0.3112740373939901,2.1664450934895627,1.1725663132295823,0.2870186338324306,0.28459150265522914,0.3687636650649724,0.7462112289112304,0.05
4439,0.5828,False,0.0,0.229,0.9366,0.0,0.0,0.3163817852570124,0.05965193086089863,1.8429387095625274,0.22960031095542235,1.7779778192390132,0.7444508270345009,0.19005383757528269,0.2351117874812721,0.15407193271378108,0.4622157981413433,0.05
4440,0.54915,False,0.0,0.20589999999999997,0.9324,10.0,0.0,0.2690758135622089,0.08116472773146939,1.8130527623943866,0.23277753635542256,1.7691724755796223,0.6204674826950954,0.1749523309966639,0.2140603815657045,0.18510580891295575,0.5553174267388673,0.05
4441,0.49795,False,0.0,0.20970000000000005,0.8502000000000001,16.0,0.0,0.2956504507182298,0.09980764533061771,1.8786345263894593,0.2814799636725966,2.1023088003976445,0.9461817721414366,0.25745265622141283,0.2796332913764917,0.3948856222973851,0.6358260020804655,0.05
4442,0.57085,False,0.0,0.18170000000000003,1.0,10.0,0.0,0.25680262912532187,0.07879074894749541,1.7299282377405873,0.05859995782315846,1.5527000033665037,0.06435379092175088,0.09820852096023888,0.016604787255541344,2.658628887385432e-242,0.0,0.05
4443,0.5663,False,0.0,0.23420000000000002,0.932,8.4,0.0,0.3366322067535076,0.06966277505484869,1.8498845941205633,0.2387006409305887,1.7617139798374701,0.6248616173859797,0.19829650499426033,0.20301043944975558,0.1915000544932296,0.5745001634796888,0.05
4444,0.5520499999999999,False,0.0,0.2444,0.8596999999999999,0.0,0.0,0.31834267305599806,0.061655400402563086,1.9265267257991863,0.2566252826270802,2.017768439751043,0.9049922907404319,0.27706296911343725,0.28699968160328404,0.24725702868651295,0.5941105245890153,0.05
4445,0.515,False,0.0,0.2627,0.8073,10.0,0.0,0.33908521396527874,0.12165706797182133,2.0305963717231164,0.44569062484700755,2.194222597612217,1.0090076999637139,0.33035870807035805,0.3400643260193895,0.48970481904176444,0.7492579606197716,0.05
4446,0.53085,False,0.0,0.24359999999999998,0.8869,17.2,0.0,0.33550179735155794,0.15306126268601275,1.9922518657740977,0.4985465004384092,1.9993969077044347,0.9796728033593246,0.28820769022224235,0.36570707309165623,0.356061714758366,0.7129369068515462,0.05
4447,0.52525,False,0.0,0.22599999999999998,0.8644999999999999,10.0,0.0,0.3265387602290151,0.1253797106779501,1.925589456404225,0.3318236676257735,2.0113025520323307,0.9727709385611192,0.27214842041820336,0.2994966985774939,0.34186819919335937,0.6846872842367878,0.05
4448,0.5709,False,0.0,0.18180000000000002,1.0,10.0,0.0,0.2517675214680498,0.06856329932429196,1.6998190136400055,0.054832136019626276,1.5559501738981725,0.050590768165849606,0.09710263343953926,0.015536564913097236,9.799203961928912e-243,0.0,0.05
4449,0.5708,False,0.0,0.18160000000000004,1.0,10.0,0.0,0.24754074714642754,0.06677739013864487,1.7425283387226282,0.08696810244873211,1.614,0.11437744532905092,0.1083190487737516,0.03982054679325958,2.389961305513339e-242,0.0,0.05
4450,0.46405,False,0.0,0.21349999999999997,0.875,40.1,0.0,0.32110532546320447,0.18286050661224795,1.9527222469317302,0.40586480080113774,2.2663502804433504,1.2792555916271118,0.28458946704859533,0.33388703550559695,0.43751041807249746,0.7493328850140857,0.05
4451,0.58705,False,0.0,0.2141,1.0,10.0,0.0,0.29989800833808966,0.05114944386834838,1.7572093051149398,0.09634109644762337,1.5533000000000001,0.04597401439944091,0.12725003269129764,0.07139143952248042,4.2808775788441107e-197,0.0,0.05
4452,0.5425,False,0.0,0.165,1.0,20.0,0.0,0.2417353013407891,0.09217267766704502,1.69446911848418,0.05963691695128708,1.5566,0.06394560188159935,0.09196871951755141,0.021005542538477976,2.491275323836207e-242,0.0,0.05
4453,0.49094999999999994,False,0.0,0.2133,0.9286,40.0,0.0,0.29909197884442107,0.09439022446491835,1.8164030399419828,0.15349547096430718,1.813109536499174,0.7023401626432367,0.1954319311998493,0.20089356941474473,0.18116819634849143,0.5435045890454743,0.05
4454,0.56055,False,0.0,0.20109999999999997,1.0,20.0,0.0,0.27591350977399326,0.1030300732154046,1.737719613932533,0.13177751437409982,1.5865,0.1113303642318663,0.13300896589741443,0.08273178104871107,7.530999480223296e-184,0.0,0.05
4455,0.458,False,0.0,0.1869,0.8731,36.0,0.0,0.23406216797243334,0.1450656314274688,1.8952090670015616,0.3823651777770139,2.052158104974567,1.0771635594193743,0.23660377459050058,0.3062872549459607,0.35367095275677707,0.7114052689993349,0.05
4456,0.5293500000000001,False,0.0,0.2392,0.8643000000000001,11.2,0.0,0.33535127623477734,0.04868403722555875,1.95506367557829,0.3614356709740611,2.040336543442029,0.9615497706721473,0.27492844773063874,0.3039758738666569,0.27499999875310416,0.6169481304763063,0.05
4457,0.5728000000000001,False,0.0,0.21500000000000002,0.9312000000000001,0.15,0.0,0.3233738986065845,0.0903424568949029,1.7932067986624554,0.19078984267751123,1.7744648796736915,0.7407876851053002,0.18044413550043767,0.22206854604062368,0.16598835479123158,0.4979650643736948,0.05
4458,0.49160000000000004,False,0.0,0.24090000000000003,0.9343,48.0,0.0,0.32424378736307896,0.12196196937431306,1.9031111566424053,0.3086765584526887,1.6620512395048024,0.4060529869229173,0.2368618755184242,0.22758499380688227,0.1521137764069304,0.4563413292207912,0.05
4459,0.5995,False,0.0,0.199,1.0,0.0,0.0,0.2658215122244698,0.009364715221538457,1.727871064766785,0.05413715712966321,1.5165407986111112,0.020261927596028097,0.10200102586674595,0.001481299413650764,2.4482316028660457e-242,0.0,0.05
4460,0.5008999999999999,False,0.0,0.18330000000000002,0.9385,30.0,0.0,0.2500276012669584,0.110939627111909,1.8311188446873388,0.36276024228323095,2.0660385741747094,1.442645076625862,0.17465402450334663,0.25217721589377284,0.19999999792386297,0.599999993771589,0.05
4461,0.5196,False,0.0,0.21309999999999998,0.9285,25.6,0.0,0.3075541279788555,0.0906148932461606,1.8221243870400798,0.17594312508744916,1.8768372647826161,0.913254483282308,0.19141227748317993,0.20315086424738232,0.17778062178832105,0.5333418653649631,0.05
4462,0.54625,False,0.0,0.23399999999999999,0.9289,17.6,0.0,0.34161697133598085,0.06424380710693611,1.8402371085019673,0.21319802486867911,1.7604374786697576,0.5773834540227555,0.20387348308204842,0.1945848561814442,0.18675120337874768,0.5255560390173813,0.05
4463,0.4607500000000001,False,0.0,0.2057,0.8710000000000001,38.8,0.0,0.2704922647997777,0.12252210022217665,1.878658749978563,0.39098661712668015,1.9377871499518284,0.7570365823453167,0.2352771048026045,0.2923010037653043,0.31871883413916,0.6386114307293823,0.05
4464,0.57355,False,0.0,0.21700000000000003,0.9301,0.0,0.0,0.30583917845749337,0.03601241074807105,1.8435768152761018,0.2803046602610788,1.827389077424072,0.8085118332741295,0.1672989134571468,0.17086638763109288,0.05,0.15000000000000002,0.05
4465,0.571,False,0.0,0.18200000000000002,1.0,10.0,0.0,0.2670571117719976,0.07197207419488375,1.7139663892818526,0.05083960060337818,1.5432000000000001,0.04956369639161308,0.09737719120528229,0.015112544359400513,2.4282688343262974e-242,0.0,0.05
4466,0.5995,False,0.0,0.199,1.0,0.0,0.0,0.2852701605837743,0.0200032001506128,1.705373594491217,0.040972689114108334,1.5601,0.06279721331396802,0.10296453866512534,0.0021463792696683557,1.1124202042583047e-242,0.0,0.05
4467,0.49800000000000005,False,0.0,0.22599999999999998,0.93,40.0,0.0,0.30163474144004265,0.10925434973890455,1.8428537929670938,0.23172720279173167,1.8558053796839868,0.7120574371433697,0.21540957909659406,0.21600293000751336,0.05,0.15000000000000002,0.05
4468,0.57085,False,0.0,0.18170000000000003,1.0,10.0,0.0,0.25355974347111776,0.07161113931451497,1.7023704118494192,0.05416469052849146,1.5753,0.06450434093919573,0.09792826771912282,0.016171213434867358,1.8270960558305232e-242,0.0,0.05
4469,0.5372,False,0.0,0.196,0.9296,12.8,0.0,0.27290880424649455,0.0878908177148541,1.817079492464804,0.25961597952445803,1.8128975225404478,0.6674578898353101,0.16467946680664208,0.19613517270001465,0.1677578794914965,0.5032736384744895,0.05
4470,0.49645,False,0.0,0.1815,0.9314,30.0,0.0,0.24889832467796547,0.11293038003380867,1.7662136097020809,0.2181522635069241,1.7323305666972757,0.5913206927240637,0.16871293978600874,0.2258974107460583,0.17418113944576605,0.5225434183372981,0.05
4471,0.53085,False,0.0,0.20020000000000002,0.9303000000000001,17.2,0.0,0.3002829400402095,0.0934748514790243,1.8344677448102487,0.2842240308675409,1.787916235523198,0.6719408195738307,0.16127450171994875,0.17501357887608412,0.19818290218986448,0.5945487065695934,0.05
4472,0.6015,False,0.0,0.203,1.0,0.0,0.0,0.30763079758774853,0.02016499878334213,1.7199964331622837,0.059050493843061255,1.5277999999999998,0.03429227318216159,0.1077835142574342,0.008035810863867213,3.415499224233529e-237,0.0,0.05
4473,0.54935,False,0.0,0.21679999999999996,0.9303000000000001,12.1,0.0,0.28208375087660087,0.10079589864775379,1.8509772498548507,0.2832992604248788,1.749737108332058,0.6603732448925249,0.19048484798270077,0.2060344224510682,0.1644037749987246,0.49321132499617376,0.05
4474,0.5421,False,0.0,0.1642,1.0,20.0,0.0,0.2325093106922888,0.1044133255884651,1.7003419764584202,0.07878235038285053,1.5656000000000003,0.07624329478714917,0.09204935529087754,0.02140513941635194,2.0188487959142762e-242,0.0,0.05
4475,0.4462,False,0.0,0.1952,0.8572,40.0,0.0,0.27786414455916775,0.128538383739637,1.8164515690544616,0.2783451220776418,1.9565673927663254,0.8746367064794905,0.23828934791019502,0.27343127504904974,0.328552772724826,0.6590323433745576,0.05
4476,0.57145,False,0.0,0.21300000000000002,0.9299,0.0,0.0,0.30240613059429244,0.03845433314656532,1.8138567790580122,0.19949806921320637,1.752090279343366,0.680881745178515,0.16235621626450975,0.1749677427140482,0.18445874190987882,0.5533762257296364,0.05
4477,0.57845,False,0.0,0.19690000000000002,1.0,10.0,0.0,0.2832401332949746,0.08831639492993636,1.7747623822178693,0.10941148739117688,1.5661999999999998,0.05519927535756246,0.11676179436925535,0.057366424809154264,1.371055549671501e-203,0.0,0.05
4478,0.5622499999999999,False,0.0,0.2045,1.0,20.0,0.0,0.30312977914233896,0.10025450305873611,1.7715929671070056,0.118298667647738,1.5776,0.09801550897689609,0.12746841769347422,0.06964753671368744,5.351096973827904e-198,0.0,0.05
4479,0.571,False,0.0,0.18200000000000002,1.0,10.0,0.0,0.2674152421109149,0.07546471632340963,1.7472772725751624,0.05501026858695467,1.5308,0.042404716718780225,0.09816146997587323,0.015546676897783246,3.072174079270975e-242,0.0,0.05
4480,0.36025,False,0.0,0.22649999999999998,0.7352000000000001,60.3,0.0,0.3283689714796149,0.20139658477538655,2.0810969571116056,0.5103278875705316,2.6309548634896394,1.4057913644386157,0.39164026357694903,0.36521768138787486,0.7072014647595776,0.8676294495525619,0.05
4481,0.496,False,0.0,0.2306,0.8718,27.6,0.0,0.28556524690757745,0.13767956980935206,1.9566135605837929,0.4162213681785876,2.0862074815253644,1.155180086689016,0.28714905247714395,0.3278395691098818,0.37053601192833663,0.7439960824702118,0.05
4482,0.4788499999999999,False,0.0,0.2618,0.8126999999999999,29.2,0.0,0.34377218763248363,0.14614828305397443,2.090654950254614,0.47149764401457256,2.13098982044811,0.9380071297169535,0.3552494468918746,0.35922868742992003,0.507049146630145,0.7753126721435734,0.05
4483,0.57095,False,0.0,0.1819,1.0,10.0,0.0,0.2623265932412589,0.07195693002763189,1.732825331760057,0.08356272381546143,1.5458173611114963,0.028503171195962698,0.09824430538627439,0.015366160800850478,1.6628410816656566e-242,0.0,0.05
4484,0.49855,False,0.0,0.21610000000000001,0.861,20.0,0.0,0.3056656892295087,0.11671169042298626,1.8996544994681273,0.2691853484813512,1.9232747372095704,0.8481025723755659,0.2521174305118502,0.27235968466185556,0.28782162216989554,0.6428940965456891,0.05
4485,0.55905,False,0.0,0.2257,0.9324,10.0,0.0,0.30716727020185636,0.04309260694069277,1.862425636851579,0.3053070360582415,1.8118122132855212,0.5280626306417014,0.19341814469004998,0.19337076654624857,0.22287102203372333,0.5042882630932575,0.05
4486,0.42655,False,0.0,0.1972,0.8591,50.8,0.0,0.25780940713814815,0.14784597845739422,1.8751000639749678,0.3029136118099528,2.0592893444979685,0.9678426490202192,0.24646883750436296,0.25302003751535806,0.2279645626604821,0.5118763867020523,0.05
4487,0.41250000000000003,False,0.0,0.19290000000000002,0.7967,41.15,0.0,0.3039929530701365,0.2105060745445022,1.9091865579279133,0.3576958776228765,2.17372474567031,1.0023514495065087,0.32028330105457037,0.35161373505408705,0.5603398828165703,0.8648078182040353,0.05
4488,0.5995,False,0.0,0.199,1.0,0.0,0.0,0.28272285502837474,0.015413748792685197,1.736805485666586,0.049383987657315165,1.5389000000000002,0.041389491419924436,0.10234050880697869,0.0010381788984526834,2.444811764390464e-242,0.0,0.05
4489,0.5320999999999999,False,0.0,0.24529999999999993,0.9292999999999999,27.6,0.0,0.3573000376166074,0.07828719348193994,1.8765970007111203,0.23891790646707034,1.9555295155377561,1.1741335199011194,0.2230599163916453,0.20773409787171468,0.21772427262024352,0.6531728178607306,0.05
4490,0.57095,False,0.0,0.1819,1.0,10.0,0.0,0.2664108679996602,0.07449679908729721,1.7202681851778845,0.06566873401554975,1.5441,0.05767226369755219,0.09766206622910699,0.015047756160442297,2.426657098433869e-242,0.0,0.05
4491,0.6075,False,0.0,0.21500000000000002,1.0,0.0,0.0,0.30539595463641506,0.05702803633475048,1.7808844868623814,0.04917379437002506,1.5583,0.06476426483794903,0.12536513084379905,0.047662045440973896,1.0281027024352661e-217,0.0,0.05
4492,0.41579999999999995,False,0.0,0.2573,0.7354999999999999,40.3,0.0,0.35515850138985616,0.11870152103367365,2.102048334735945,0.38912552495896713,2.6337032573231673,1.3237301577847114,0.4286669930354698,0.3617785153510424,0.569860515089678,0.7809609623691972,0.05
4493,0.47580000000000006,False,0.0,0.20990000000000003,0.8617000000000001,30.0,0.0,0.27939188774428136,0.12661703016580508,1.8883272016704762,0.3153682876843708,2.0413471367957428,0.955065825867254,0.2597081317389712,0.2922135699999844,0.3616492851988773,0.7257882030424205,0.05
4494,0.545,False,0.0,0.19760000000000003,0.9324,10.0,0.0,0.26239335658629,0.07767159332406416,1.797702156522476,0.2284223661909048,1.7109840320226215,0.5147754662027272,0.1656537014343565,0.2056592343141821,0.17022886054059636,0.510686581621789,0.05
4495,0.5710999999999999,False,0.0,0.1822,1.0,10.0,0.0,0.2734988612978081,0.0752238122260537,1.7111200335001946,0.05421711801647789,1.5557,0.05968760340305177,0.09873198649087768,0.015687460911731923,1.7873605907782648e-242,0.0,0.05
4496,0.5153,False,0.0,0.18100000000000002,0.9456,24.0,0.0,0.27892709299175455,0.1250145896191457,1.8062865426071686,0.22281789805733498,1.6999472222222223,0.3277617318224049,0.16884933423763585,0.20754298146130642,0.07959999999999998,0.23879999999999993,0.05
4497,0.4969,False,0.0,0.1882,0.932,31.6,0.0,0.2874891960677536,0.12193956313248382,1.8142660676812319,0.28237418672217557,1.7927165958916447,0.6765550504003054,0.1736024743077447,0.21567292830434243,0.19784992922497815,0.5935497876749344,0.05
4498,0.5914499999999999,False,0.0,0.22289999999999996,1.0,10.0,0.0,0.32126187835857645,0.04400275277227652,1.7916492126652588,0.11451622643992536,1.5564,0.061893779978282173,0.13704977658452788,0.08365071607761047,1.1491393284182216e-188,0.0,0.05
4499,0.5444500000000001,False,0.0,0.23149999999999998,0.9774,30.0,0.0,0.31437126567676765,0.1070721541053037,1.859360257425174,0.12612062296154714,1.6535581025865362,0.33459471045993733,0.18161175057427525,0.10763800339421536,0.07990000000000085,0.23970000000000252,0.05
4500,0.5717499999999999,False,0.0,0.252,0.9372999999999999,11.45,0.0,0.3381044215041124,0.08002301628488606,1.9125123029643014,0.27684194784220695,1.7661722180698995,0.6581179019131436,0.2255745880494318,0.2341116645846051,0.18690030848572045,0.5607009254571614,0.05
4501,0.51815,False,0.0,0.2542,0.9420999999999999,40.0,0.0,0.34660020174906825,0.13594575077239113,1.9360074570521864,0.3259458355627094,1.7211929553758378,0.4152623128466895,0.24213083829343182,0.2369596369783496,0.15057618815994783,0.45172856447984344,0.05
4502,0.5708,False,0.0,0.18160000000000004,1.0,10.0,0.0,0.26855944293049927,0.07518734003652154,1.7191680330247745,0.05746929077912453,1.630977777777779,0.2551859975259914,0.10669647574377376,0.03400888517726116,0.0615000000000009,0.18450000000000266,0.05
4503,0.5055999999999999,False,0.0,0.2299,0.8613,20.0,0.0,0.31637974380100353,0.04080269941035062,1.9116554966600987,0.34778948875953664,2.056268327743105,1.0066156677926748,0.23402042959786776,0.25943095195271865,0.38291769245529855,0.7692224177174231,0.05
4504,0.49005,False,0.0,0.27959999999999996,0.7405,10.0,0.0,0.4156885485677681,0.12254684493991212,2.0609717421817866,0.34021844297682546,2.167468104200343,0.7214553286123428,0.40176976956411653,0.33961048523756576,0.5615324186037872,0.722453904504689,0.05
4505,0.47435,False,0.0,0.17800000000000002,0.9307000000000001,40.0,0.0,0.23987939222471416,0.1424818826931338,1.8013672626742447,0.2680275732396954,1.78937313163398,0.650760081373465,0.16504804808664555,0.18035342586291073,0.19161140579897556,0.5748342173969266,0.05
4506,0.57075,False,0.0,0.18150000000000002,1.0,10.0,0.0,0.27060962507687936,0.07554625377111943,1.7291122617826105,0.05937665019837802,1.5433000000000001,0.052082722663086646,0.09876211616762672,0.017343755161628054,3.473931345788217e-242,0.0,0.05
4507,0.49765,False,0.0,0.2064,0.8689,20.0,0.0,0.27708655425760076,0.12183458526742559,1.8842344539863727,0.39533278742615385,2.0428785673973584,0.9840031400752898,0.2470899894195183,0.3075513956005501,0.3871569765956675,0.7791051352643605,0.05
4508,0.4376000000000001,False,0.0,0.20730000000000004,0.8599,48.0,0.0,0.26295104480175185,0.1248328333985345,1.9345460459790083,0.3778112050511871,1.982735178006535,0.8923011751817045,0.23251971631305485,0.2417941659568269,0.37846851133986814,0.7576208094534246,0.05
4509,0.5097,False,0.0,0.17940000000000003,1.0,40.0,0.0,0.2741663614475385,0.1272722532301196,1.73716932241133,0.08190671473231925,1.5315117187500007,0.04879794582983913,0.12006631183278962,0.06015167196866303,0.002400000000000318,0.007200000000000955,0.05
4510,0.5383,False,0.0,0.2083,0.9291,15.2,0.0,0.29071995349691016,0.09528804801968499,1.8034727281945933,0.2193374933005014,1.7443779116939453,0.5355475248451583,0.1820179032247839,0.19865829175580985,0.1644615721964236,0.49338471658927086,0.05
4511,0.57325,False,0.0,0.18650000000000003,1.0,10.0,0.0,0.2774721849177554,0.08278977831143543,1.7397397013274063,0.06477109422470942,1.6430888888888915,0.1579138443019591,0.10730180705638385,0.02082423935982877,0.05310000000000129,0.11770679674513539,0.05
4512,0.57175,False,0.0,0.18350000000000002,1.0,10.0,0.0,0.28000540566798,0.0789689908012706,1.7239934719310281,0.06208574276320399,1.5911,0.08387067425506967,0.09998983341247417,0.018485049744629535,1.94611469740797e-237,0.0,0.05
4513,0.45644999999999997,False,0.0,0.2068,0.8661,40.0,0.0,0.301916938319567,0.13947180332663187,1.881804324559046,0.38347731150321873,2.264841469572916,1.4683073491493694,0.26985329224258897,0.31538089901233707,0.4027081362395829,0.8054390511266482,0.05
4514,0.57235,False,0.0,0.18470000000000003,1.0,10.0,0.0,0.2606910105119996,0.07019271936437231,1.7166967602527639,0.05905497988280323,1.5253,0.04924439054349237,0.1003306699760818,0.014710195783375372,2.1343456994707637e-237,0.0,0.05
4515,0.46584999999999993,False,0.0,0.3009,0.8013999999999999,42.65,0.0,0.41130344553746667,0.08390497085263443,2.067457611529734,0.2828972167961166,2.2408050222404396,0.9763432179490666,0.40325070469542545,0.2948019011909143,0.4277103962214029,0.6504730034551911,0.05
4516,0.48719999999999997,False,0.0,0.29319999999999996,0.8684000000000001,46.8,0.0,0.37763692386378855,0.08836262835843357,2.042181804735803,0.31828090256186325,2.0059167298874634,0.8651539125848363,0.3514192976006541,0.2881443681988858,0.15489999596082185,0.3332357765563922,0.05
4517,0.55305,False,0.0,0.22609999999999997,1.0,30.0,0.0,0.3123908319672685,0.11122773676326293,1.8178392875918905,0.14927541522341523,1.5579,0.037700000000000004,0.16098134544286316,0.10128551861768144,1.345642770942317e-182,0.0,0.05
4518,0.49749999999999994,False,0.0,0.25260000000000005,0.8688,31.6,0.0,0.3104708123855323,0.16411501406492873,1.9821295239183627,0.3749150157466145,2.0527349548538707,1.0384045022343296,0.3129476624618036,0.2947150017385564,0.3514638900866302,0.7039148834414155,0.05
4519,0.48795000000000005,False,0.0,0.274,0.9291,56.8,0.0,0.37618513340308846,0.11316100981176049,1.9562523361666275,0.19804191621379696,1.787774845666748,0.5700112550642094,0.2747402105956177,0.18348051244696398,0.16534596441886404,0.4960378932565921,0.05
4520,0.5290499999999999,False,0.0,0.2068,0.9312999999999999,20.0,0.0,0.3072112413387495,0.1044772647268119,1.8277331165205648,0.250553878234815,1.8332518677389942,0.7847139045249008,0.19391437073751533,0.23255243292042257,0.15630246839582357,0.4689074051874707,0.05
4521,0.41724999999999995,False,0.0,0.30089999999999995,0.6135999999999999,20.0,0.0,0.40075780103977354,0.1602307022654692,2.278914284612604,0.5111849095068357,2.96997123749481,1.2167204682082153,0.5671276322348525,0.38213068894229735,1.051138272318399,0.8728404234734632,0.05
4522,0.5307999999999999,False,0.0,0.265,0.7966,0.0,0.0,0.3657189719092423,0.08909513732540048,2.029572588882998,0.30679900392438625,2.2702557269590806,1.112784463100626,0.32982071666735424,0.29595506494137924,0.41214508757155655,0.7149685155042979,0.05
4523,0.4542,False,0.0,0.25780000000000003,0.8106,40.0,0.0,0.309804813237841,0.1851073250203975,2.047358274263602,0.4217685374111305,2.0458115309809584,0.8187719896912772,0.37750534912609746,0.35382131489783714,0.5394686579937993,0.8306892268298441,0.05
4524,0.57075,False,0.0,0.18150000000000002,1.0,10.0,0.0,0.25865330171376866,0.07670050998818151,1.7245097973839691,0.0613515684263733,1.5772,0.0609750768757203,0.09762640732758884,0.016965825986803837,2.5842777493735613e-242,0.0,0.05
4525,0.5321,False,0.0,0.1975,0.9291,15.6,0.0,0.2779951064430363,0.09028936147929048,1.7780908353823996,0.22224724873884763,1.82010060157085,0.7719484870986555,0.168853905451554,0.20974055793564866,0.065,0.19499999999999998,0.05
4526,0.57105,False,0.0,0.1821,1.0,10.0,0.0,0.2660198096998108,0.0724380408694594,1.7012463092520445,0.05966696156869754,1.558,0.07657284113835665,0.09893149485285091,0.015117916774823117,2.149109079408737e-242,0.0,0.05
4527,0.5710999999999999,False,0.0,0.1822,1.0,10.0,0.0,0.26686247818238334,0.08005075927760212,1.7085706243866035,0.052519029320038706,1.5966003439743077,0.08154875931775948,0.0992805221688305,0.01060479670035754,0.0026000000000003212,0.007800000000000964,0.05
4528,0.54135,False,0.0,0.225,0.9377000000000001,20.0,0.0,0.29545333492219517,0.08674127664485128,1.867709703333139,0.2653813664792259,1.7375991982366183,0.5752537552262209,0.2074096268684386,0.2514159910425542,0.15825618347049997,0.47476855041149985,0.05
4529,0.49150000000000005,False,0.0,0.3207,0.8623000000000001,50.0,0.0,0.4004390952175846,0.07414205563887251,2.1184074743665566,0.38550626090409296,1.962507806273451,0.8595199415896105,0.3705466265283124,0.22959615753508905,0.21000146955361623,0.4696635500546224,0.05
4530,0.5462499999999999,False,0.0,0.1965,1.0,26.0,0.0,0.2807836045240413,0.14631706475906847,1.7801263133375897,0.2219130290801051,1.5999,0.07791591621741993,0.14012709259079045,0.14136673432634975,2.4439164601394617e-151,7.331749380418386e-151,0.05
4531,0.5709,False,0.0,0.18180000000000002,1.0,10.0,0.0,0.26961107031869147,0.0746661279197837,1.7266586746703525,0.05587504326357788,1.5480000000002048,0.04296277458428798,0.09721208202242196,0.016020891470311494,2.0777735023123455e-242,0.0,0.05
4532,0.47609999999999997,False,0.0,0.2193,0.8673,33.6,0.0,0.2966068252639927,0.13980740394172944,1.9591440151322117,0.4151839203923112,1.9148172814649886,0.7724624888949987,0.2705848221319605,0.27979321900634496,0.12980000056490654,0.26801559796948593,0.05
4533,0.5297000000000001,False,0.0,0.3518,0.8964000000000001,47.2,0.0,0.41633325822881506,0.1308090155327021,2.095554657147832,0.36214915379703777,1.9321480858511717,0.8587060441681031,0.397004326741478,0.28895339426156613,0.3462219204825253,0.7000489596309961,0.05
4534,0.5709,False,0.0,0.18180000000000002,1.0,10.0,0.0,0.2718983613656269,0.08119987319477229,1.707819081203637,0.055385499581292685,1.602800000000029,0.12155229327332757,0.09797381286778553,0.015746889392555904,2.6640106301587173e-242,0.0,0.05
4535,0.5995,False,0.0,0.199,1.0,0.0,0.0,0.28077134762738215,0.019716294364499978,1.7351337743890987,0.04579102614401268,1.5646666666666866,0.0716612401046414,0.10181427250913769,0.0013759151530523012,0.007700000000000387,0.02310000000000116,0.05
4536,0.45510000000000006,False,0.0,0.2834,0.7196,23.2,0.0,0.3884140160086308,0.046319691682661895,2.0755574916850548,0.3273303768858193,2.5387161652363806,1.1882861103350206,0.42945089217780835,0.30727309145993115,0.7966775889855322,0.9770686877963265,0.05
4537,0.5589,False,0.0,0.19780000000000003,1.0,20.0,0.0,0.28412489740312113,0.09473390900608847,1.7158134879638218,0.06997294560214225,1.5523,0.0658043311644454,0.1184214754167697,0.049285611574607605,3.8021830800783186e-212,0.0,0.05
4538,0.5043499999999999,False,0.0,0.22749999999999998,0.8611999999999999,20.0,0.0,0.3159992487942489,0.10411813780036741,1.925653303806029,0.33624544822491037,2.3323330116479193,1.490922161030252,0.27610277227393754,0.29431404505155695,0.36365409577677077,0.7318342032469647,0.05
4539,0.5266500000000001,False,0.0,0.2133,1.0,40.0,0.0,0.30018709212609784,0.10831907589790768,1.7789024538305633,0.09458231166292935,1.5989,0.07060941863519346,0.14613729720844257,0.07763226043712985,6.229496776503899e-208,0.0,0.05
4540,0.57075,False,0.0,0.18150000000000002,1.0,10.0,0.0,0.2658887168217118,0.07936319844363637,1.7109211161207287,0.049820295698503055,1.5223,0.02639715893803724,0.09832090524964668,0.016683565878137487,2.6657985103812328e-242,0.0,0.05
4541,0.6005,False,0.0,0.201,1.0,0.0,0.0,0.3109860518053008,0.03659361858046834,1.744389682115989,0.055929754858207566,1.5845555555555566,0.13228025803825538,0.10938501949969721,0.008880093267696627,0.03130000000000072,0.09390000000000218,0.05
4542,0.5792,False,0.0,0.24980000000000002,0.9486000000000001,10.0,0.0,0.34582288690400176,0.11040059404361292,1.9165997007802935,0.4085793123370459,1.7704149923547017,0.7143469481982622,0.2240210822152895,0.2877051214951452,0.1982943658554743,0.5648827634587671,0.05
4543,0.5991000000000001,False,0.0,0.21260000000000004,1.0,3.6,0.0,0.3137958987996639,0.07119895894064171,1.7809963059228242,0.0908499385398213,1.5576,0.05103371434649842,0.12339439151702969,0.059280720840574196,6.526417826636948e-202,0.0,0.05
4544,0.5353,False,0.0,0.20729999999999998,0.9433,20.0,0.0,0.287452177888318,0.11694899020729804,1.8383262702524132,0.3328804830501906,1.9876718679807763,1.3710457683029498,0.1812347221234289,0.24697610089927774,0.19999995839659673,0.5999998751897903,0.05
4545,0.55695,False,0.0,0.2113,0.9442,10.4,0.0,0.2998160333725286,0.11455216207353527,1.863248164045108,0.37753951000456604,1.95025123890172,1.190849100390928,0.1892766610067344,0.26742411080010037,0.20309537874837247,0.5834284240403954,0.05
4546,0.47100000000000003,False,0.0,0.24769999999999998,0.7903,24.0,0.0,0.3172431156553678,0.1055893041632287,1.9987668091002349,0.3254480258410708,2.2121341145172764,1.007711515596861,0.33511111932815707,0.31209123540740713,0.5782092729847668,0.8834369241148569,0.05
4547,0.5718,False,0.0,0.18360000000000004,1.0,10.0,0.0,0.2745574348647321,0.08947834238016338,1.7224807239516942,0.0563808160566143,1.5676,0.06678502826232839,0.10043230973629211,0.017224763147379914,1.1979352280366117e-237,0.0,0.05
4548,0.45665000000000006,False,0.0,0.21139999999999998,0.8583000000000001,39.1,0.0,0.3108693495690605,0.14657043771339945,1.8881248716414334,0.30102564270064586,2.056270327136263,1.044575889744452,0.2612810660741578,0.27750121698085145,0.31120007125405974,0.6225260907144481,0.05
4549,0.5708,False,0.0,0.18160000000000004,1.0,10.0,0.0,0.27168310036473187,0.07637694211775264,1.7189313054007616,0.06248465247007556,1.5482,0.05013940566061789,0.09744185697347438,0.016317447398463237,1.892099332323911e-242,0.0,0.05
4550,0.45239999999999997,False,0.0,0.26039999999999996,0.7368,23.1,0.0,0.3370689165059767,0.11341201792187003,2.113157318714685,0.4401301288597993,2.396517615356715,1.0020870203948875,0.40742524126288515,0.3477226778845488,0.46308793304908785,0.6579875849548715,0.05
4551,0.57935,False,0.0,0.225,0.9400999999999999,1.6,0.0,0.3320443331509393,0.059550982204274426,1.8615881595735932,0.3365813901826926,1.7684395164823712,0.6909040907476762,0.17963123294162883,0.22322746792085038,0.1921395164823712,0.5764185494471137,0.05
4552,0.5995,False,0.0,0.199,1.0,0.0,0.0,0.2917478937844777,0.02138907854395131,1.7282533414104069,0.054795729653636445,1.5634000000000001,0.06779705008331854,0.10424821987176977,0.0033732275051904614,2.4450778058565743e-242,0.0,0.05
4553,0.5488999999999999,False,0.0,0.2716,0.8661999999999999,10.0,0.0,0.36819635443736953,0.06924838466722139,1.969937825323416,0.2887341224791161,2.1219560147106344,1.1236095109263273,0.3233260384642879,0.2923804691012404,0.39091427740536033,0.7866391569520418,0.05
4554,0.5596000000000001,False,0.0,0.23920000000000002,1.0,30.0,0.0,0.34361219156655187,0.09386578550315738,1.820009124558051,0.16691104818841632,1.5872,0.08240970816596795,0.1621975716419242,0.11356427954077324,9.104411894345661e-160,2.7313237445258164e-159,0.05
4555,0.5268999999999999,False,0.0,0.22319999999999998,0.8705999999999999,10.0,0.0,0.31886516222161465,0.1320109531672168,1.9368117437825685,0.3699739953995257,1.9912110726089178,1.003585407901986,0.26226890894744875,0.2902644579939808,0.2688716987764544,0.5769648686722454,0.05
4556,0.5938,False,0.0,0.2292,1.0,10.4,0.0,0.33340686248161766,0.08958361252919347,1.8071307002724868,0.10564500522726107,1.5348,0.055591006466873746,0.15074654641856505,0.09466738651409853,2.7342319704098682e-195,0.0,0.05
4557,0.52495,False,0.0,0.26280000000000003,0.8671,20.0,0.0,0.33794911029304686,0.06322764540051913,1.9690926322081377,0.296135971139352,2.122059519794175,1.038254310388241,0.292082806748879,0.2838556855156275,0.39918262770816676,0.79838875101244,0.05
4558,0.52125,False,0.0,0.22479999999999997,0.8577,10.0,0.0,0.29214689995989684,0.0319440244389566,1.8339960468832417,0.26773770464574553,2.0349997108662476,0.9838887965424393,0.2258550204463336,0.2459523258137675,0.3370650393452118,0.6743827916456024,0.05
4559,0.46535000000000004,False,0.0,0.20600000000000002,0.8703,36.4,0.0,0.2979414967135271,0.16814580107522456,1.9185947501915184,0.4355226836394337,2.0324394777347323,0.8907581072633791,0.25775168945686344,0.3302896243593214,0.4021396031982958,0.804556650993761,0.05
4560,0.48285000000000006,False,0.0,0.2515,0.8742000000000001,40.0,0.0,0.32733024735686356,0.1239060534227857,1.983573801432597,0.34034232155078653,1.8698741692544374,0.6773116097952847,0.30708173990985277,0.31128634605447664,0.28005203825318603,0.5915542624169745,0.05
4561,0.46495000000000003,False,0.0,0.3184,0.7235,28.0,0.0,0.3941692543813259,0.05733022496174811,2.2060871690658375,0.33832763787126646,2.5538363862592366,1.2748566594252897,0.45118120091972685,0.26893710651599156,0.6196736650267923,0.8642304845484409,0.05
4562,0.4593999999999999,False,0.0,0.20859999999999998,0.859,37.2,0.0,0.2577221394208245,0.1187366114852584,1.9392023028512788,0.3385211432989991,2.078700689361296,1.0764705080936825,0.2387080073437021,0.2522670347232096,0.21752072344919737,0.5014433360935316,0.05
4563,0.5205,False,0.0,0.2307,0.9303000000000001,30.0,0.0,0.33455160897708247,0.14786347679316064,1.8443672226303818,0.22866605884769128,1.6602029758093597,0.319845589345736,0.22330024422585165,0.22488867997077283,0.07950243071634433,0.23850729214903302,0.05
4564,0.6005,False,0.0,0.201,1.0,0.0,0.0,0.2945130357953968,0.018656344599686042,1.7347498410112956,0.039435428313500144,1.5398,0.07769144097003224,0.1058543237029489,0.007470259263370405,1.2075864388330673e-237,0.0,0.05
4565,0.5482,False,0.0,0.2072,0.9292,10.0,0.0,0.284027908610165,0.08707414824009102,1.8237218327430953,0.21851084829607542,1.8185891522302753,0.7892079119301921,0.18062112532332503,0.2033484184497313,0.21441128222159458,0.6332970113318691,0.05
4566,0.5246,False,0.0,0.16920000000000002,1.0,30.0,0.0,0.2420869937899149,0.14595751584108782,1.7424507105935887,0.16952938683456892,1.5708000000025766,0.07729657172510641,0.1240488515016585,0.11398012959105283,3.4673969346438e-179,0.0,0.05
4567,0.5708,False,0.0,0.18160000000000004,1.0,10.0,0.0,0.24123186268023647,0.06807680534882328,1.707237653432862,0.060731225328850176,1.5431000000000106,0.07395870469390307,0.09745842409673168,0.016447013264422498,1.156504404896616e-242,0.0,0.05
4568,0.4207999999999999,False,0.0,0.20020000000000002,0.8013999999999999,40.0,0.0,0.2786831504333803,0.17483113137543194,1.9575387988814825,0.40467818554554236,2.2170693923755316,0.9826906324433682,0.31578680958423133,0.3616838784641866,0.5057002985874429,0.7746035986234455,0.05
4569,0.6005,False,0.0,0.201,1.0,0.0,0.0,0.28965633014634967,0.020715145496867676,1.7496858330112068,0.042355653048557804,1.601822224008376,0.14540875742257203,0.1076196548591924,0.009672319992302074,0.03370000000000076,0.10110000000000226,0.05
4570,0.49110000000000004,False,0.0,0.23409999999999997,0.8681000000000001,30.0,0.0,0.3031030026108793,0.11002345511406503,1.9100686957927728,0.3085313971673299,1.929887463241278,0.7350326618839048,0.25605736564217213,0.26987266813833216,0.3433377591265218,0.6872870971364516,0.05
4571,0.5569,False,0.0,0.18350000000000002,0.9783,12.0,0.0,0.2848167661540727,0.08602082927521144,1.745712089660671,0.07279694902471125,1.677355555555557,0.3297597846244419,0.13159079612483876,0.07560024799134454,0.07990000000000098,0.23970000000000294,0.05
4572,0.5995,False,0.0,0.199,1.0,0.0,0.0,0.305833214446401,0.015561017751979433,1.7133510922038564,0.04540596494129604,1.5211000000000001,0.02390167358157162,0.1048092110455566,0.0036521121239213323,2.267720895283346e-242,0.0,0.05
4573,0.5995,False,0.0,0.199,1.0,0.0,0.0,0.3014604481880154,0.025751014808553227,1.7352880616097637,0.04956235456028421,1.6008222222222233,0.1708864340236945,0.10817278552213201,0.014201770165103043,0.04090000000000083,0.1227000000000025,0.05
4574,0.6005,False,0.0,0.201,1.0,0.0,0.0,0.2862699467668725,0.011447009197639874,1.7681706035526226,0.05160714728550634,1.5807,0.08005254524373356,0.10327875393821664,0.004575844114852212,1.1997590365531853e-237,0.0,0.05
4575,0.49095000000000005,False,0.0,0.2831,0.8588000000000001,40.0,0.0,0.4048931403483527,0.10699904607345548,1.9847843899608424,0.25905852983522254,1.9991941753922737,0.8591617620244478,0.34132015343998157,0.2830206285553248,0.36177585959305303,0.7242213991292807,0.05
4576,0.53895,False,0.0,0.2266,0.9281,19.2,0.0,0.31282414606560077,0.04107292848791534,1.8103497821992947,0.1959289901362583,1.772904480800187,0.5654369518925051,0.19093687979204688,0.20610944064682385,0.15337393737358324,0.4601218121207497,0.05
4577,0.55335,False,0.0,0.25250000000000006,0.9342,20.0,0.0,0.3439190686744985,0.06872389489908987,1.9037871203792769,0.2987851800733583,1.704335914716274,0.4601813536118072,0.2238675676836918,0.2150224681578496,0.1655716363367563,0.49671490901026893,0.05
4578,0.51525,False,0.0,0.2616,0.9305,40.4,0.0,0.33348326835881437,0.1162961899252283,1.9324677649506046,0.2612992676657122,1.7840482341945347,0.7230919522920732,0.2619821586735408,0.2467949781273488,0.17218920024876908,0.5165676007463073,0.05
4579,0.5138499999999999,False,0.0,0.17840000000000003,0.9292999999999999,20.0,0.0,0.23886596115587072,0.10712634112258473,1.7932115635923727,0.21821429289928998,1.773291715695812,0.6921572692905089,0.1536610060047266,0.1897990433479811,0.18329171569581162,0.5498751470874349,0.05
4580,0.56095,False,0.0,0.21500000000000002,0.9292999999999999,5.6,0.0,0.30838652580085035,0.0264751999619317,1.8112988523742857,0.21900972402035795,1.7631159709268072,0.5781340025592907,0.16876889704186024,0.1916390756244772,0.1562001677694656,0.46860050330839687,0.05
4581,0.5422,False,0.0,0.16440000000000002,1.0,20.0,0.0,0.24424270704010284,0.09512054574287217,1.7091475166522005,0.07495882637905264,1.554679166666667,0.04361404291719934,0.09172687881947876,0.021159916637377877,0.0014000000000002756,0.004200000000000827,0.05
4582,0.52775,False,0.0,0.1955,0.9288000000000001,17.2,0.0,0.2927264850472452,0.08849668948356992,1.815449215199573,0.2696510563606363,1.8745254115681995,0.7789423256272644,0.1664986459602837,0.20827134344640974,0.20652541156661877,0.6195762346998562,0.05
4583,0.41885000000000006,False,0.0,0.24779999999999996,0.7291000000000001,34.8,0.0,0.3801599588963646,0.1681537571503714,2.102828715513847,0.4212810410467049,2.6192052859107027,1.1401737855755794,0.41041433455873255,0.3533643672114404,0.887325211166566,0.9564955995347613,0.05
4584,0.5362,False,0.0,0.221,0.8614,2.5,0.0,0.35232370736703367,0.10766732976759157,1.8640805486313894,0.29841158682269997,1.9455735196596335,0.7557987958628908,0.24074246388942874,0.27727301616972855,0.1299000000127833,0.26826496233594604,0.05
4585,0.4317,False,0.0,0.2375,0.7955,42.4,0.0,0.2924480562299599,0.13196861080421846,2.0526049269527826,0.4443743352333644,2.18062199419652,0.9488839063444027,0.3170553472392763,0.28220174055441866,0.37847295081268645,0.6490268543548602,0.05
4586,0.53955,False,0.0,0.19380000000000003,0.9253,10.0,0.0,0.265147170810032,0.07903812215390714,1.8063945388998366,0.19210126132685973,1.881305345326492,0.7699391614907176,0.18596770726395506,0.2152534085577771,0.24600000000064465,0.5285724169892184,0.05
4587,0.53875,False,0.0,0.2768,0.8807,20.0,0.0,0.3558283141694334,0.06581103031994627,1.972345914166376,0.3546479858953826,1.9826253120877635,0.8712324601553597,0.30228770967450364,0.30667014304630175,0.22930134450269585,0.5421352366467247,0.05
4588,0.5709,False,0.0,0.18180000000000002,1.0,10.0,0.0,0.2652034472524627,0.07735528450546361,1.713895811755417,0.050893634745319966,1.5821022353490195,0.10321858449817628,0.09699228317214338,0.015524225508001211,9.311925638151472e-243,0.0,0.05
4589,0.5142500000000001,False,0.0,0.14850000000000002,1.0,30.0,0.0,0.21225682593463988,0.12026972195859652,1.7014331615677751,0.08023339499645231,1.5382,0.04772378861741805,0.08872824918069698,0.027895617539567267,6.6187950021198e-238,0.0,0.05
4590,0.54365,False,0.0,0.23710000000000003,0.9301999999999999,20.0,0.0,0.3101831217980519,0.04584595241245111,1.8575201924845097,0.2513431362056549,1.7771491623400393,0.6263430908027795,0.19763154503658187,0.17939716708002854,0.1694800580179519,0.5071082430090942,0.05
4591,0.5710999999999999,False,0.0,0.1822,1.0,10.0,0.0,0.26955290136279253,0.0753786888648095,1.7128624701872355,0.05636947021631746,1.536300000002488,0.043936431359302086,0.09795798629266542,0.01533144179521354,2.181037466409594e-242,0.0,0.05
4592,0.50315,False,0.0,0.2453,0.7978,9.2,0.0,0.2970521393384205,0.03938532688433987,1.9418108172336328,0.3721680630859438,2.167156697599426,0.9957963319217921,0.32277335377018235,0.33664255638737295,0.43993718576983165,0.718637144113892,0.05
4593,0.46430000000000005,False,0.0,0.2755,0.8563000000000001,50.8,0.0,0.38208060690407986,0.0679900853481136,1.9981098873696848,0.32758517590118624,2.0301359751916856,0.8235348292838711,0.31018133330745795,0.21622544058813303,0.43598592659092256,0.7220510954225166,0.05
4594,0.5095999999999999,False,0.0,0.2611,0.8045,11.6,0.0,0.3418747728586266,0.09174523992285574,2.033625434314833,0.43262815220987527,2.23811175697631,1.0640757644733152,0.33010689880471583,0.3421241285194465,0.5129711971536441,0.788153669576465,0.05
4595,0.4722,False,0.0,0.24490000000000003,0.8594999999999999,40.0,0.0,0.34459771322039756,0.125082979499449,1.9337937034537487,0.31296812036050337,1.953469074028583,0.8179960643458124,0.30797834082953535,0.29262904123840994,0.3393921815210542,0.6800290956501494,0.05
4596,0.5466,False,0.0,0.19980000000000003,0.9334,10.0,0.0,0.3079789962271726,0.13155157299523207,1.8050502458285453,0.2211580394733176,1.7862148148331207,0.6475435067676107,0.17474704456365475,0.22611800839203114,0.1665000000004205,0.49950000000126155,0.05
4597,0.4591,False,0.0,0.3213,0.7937,49.2,0.0,0.37691305335891817,0.06495250832197734,2.1592311121156436,0.3468344528795606,2.265094084423697,1.0547244208076552,0.420394236794363,0.2841901802662267,0.45835388715644143,0.8081547307404526,0.05
4598,0.5995,False,0.0,0.199,1.0,0.0,0.0,0.2795562133450234,0.02170498450577883,1.7503710753529766,0.061388675265662024,1.5253,0.04186896225129062,0.10244373920297951,0.0017046037612422984,1.6690652507327796e-242,0.0,0.05
4599,0.5087,False,0.0,0.29510000000000003,0.7511,7.2,0.0,0.39011839943259585,0.11174361692757125,2.1345900228691295,0.5077018763038025,2.442952035209617,1.1187518775599068,0.41967343428892645,0.3740724322649128,0.5270100975263521,0.6903385601487096,0.05
4600,0.54365,False,0.0,0.19580000000000003,0.9315,10.0,0.0,0.2667742649930142,0.07414079993835153,1.795504266493668,0.20292581850590696,1.6703852653269127,0.39093924398056323,0.16706486174332896,0.20824839592916233,0.1682661617380251,0.5047984852140753,0.05
4601,0.48984999999999995,False,0.0,0.26239999999999997,0.7973,20.0,0.0,0.3314895937848635,0.07298042236782522,1.9927506050429056,0.3489270194023161,2.1947249965094366,1.0062314754662254,0.3438406866560186,0.314654476841586,0.5124200092200291,0.7861816403836793,0.05
4602,0.4588,False,0.0,0.20400000000000001,0.8608,36.8,0.0,0.29344786432639414,0.1457518802803388,1.8711046649792717,0.32609659619702625,2.056320968567597,1.0371337283013646,0.2527034173471091,0.2881857420790625,0.35149578584248975,0.7032725764201179,0.05
4603,0.5225000000000001,False,0.0,0.34800000000000003,0.8346,34.4,0.0,0.4107346282141354,0.1150088117864959,2.1971277426610447,0.4533006551216043,2.182620356872957,1.038021391267572,0.4280398992321686,0.3328834618319736,0.4331953592516896,0.6968115044220603,0.05
4604,0.41955,False,0.0,0.17900000000000002,0.8600999999999999,50.0,0.0,0.24231888918037053,0.136641408491522,1.8620088697520543,0.32545367323909924,2.3069243724600677,1.4976698861277515,0.23158642808941635,0.28344598073433486,0.3931241854795043,0.7863986485936305,0.05
4605,0.5213,False,0.0,0.24959999999999996,0.873,20.0,0.0,0.3483408680448755,0.05810142294272447,1.9608147755924956,0.41114307709642406,1.9738320120121737,0.8043868717672461,0.2525271281248149,0.26337346713996707,0.36153360066210577,0.7239633902529015,0.05
4606,0.5346,False,0.0,0.164,0.9852000000000001,20.0,0.0,0.2502028705752564,0.10975386925211451,1.7295298216425234,0.13062108498279507,1.6852555555555568,0.33085614363009813,0.11601228254123033,0.06892160985716894,0.07990000000000085,0.23970000000000252,0.05
4607,0.6005,False,0.0,0.201,1.0,0.0,0.0,0.28619325150703323,0.022137937472042794,1.7429775229177131,0.04548706465606251,1.5489,0.05566767464157273,0.10582986970059327,0.005654740769023895,5.469017146832061e-237,0.0,0.05
4608,0.5229,False,0.0,0.20580000000000004,1.0,40.0,0.0,0.2927688972456349,0.13665777950650848,1.8098272488923297,0.1530720026287869,1.5665999999999998,0.05819312674190998,0.15325364931985977,0.09818786171999885,2.278945547738084e-193,0.0,0.05
4609,0.571,False,0.0,0.18200000000000002,1.0,10.0,0.0,0.26805840505581446,0.07419781856004784,1.7360528934924475,0.05334039882149425,1.5362000000013774,0.04897713752677113,0.09823969653485048,0.016046675553496856,1.869020282898143e-242,0.0,0.05
4610,0.5169999999999999,False,0.0,0.2254,0.9286,30.0,0.0,0.29024462543640317,0.09348835502653925,1.8597012293434427,0.2513941201708333,1.7681186659311525,0.6800279296313,0.20388389945889926,0.19937824721932682,0.17774215438651067,0.5332264631595319,0.05
4611,0.5030000000000001,False,0.0,0.2451,0.7961,8.8,0.0,0.34933342405272494,0.06558215163123453,2.0259243637683495,0.38215176243797155,2.185445712850464,1.0498850438261744,0.315261849802675,0.3240797193510735,0.3718311733567862,0.6334212316144231,0.05
4612,0.4472,False,0.0,0.22820000000000001,0.7862,30.0,0.0,0.3294788724960685,0.10866715261359979,1.9232922428275985,0.28445704269761574,2.3725883539997774,1.252775986071669,0.3229666173238584,0.31523662761627824,0.5454063534506082,0.8449645157120478,0.05
4613,0.5708,False,0.0,0.18160000000000004,1.0,10.0,0.0,0.2583222214678534,0.08015539092435618,1.7190159491206694,0.07312746188325608,1.5289000000000001,0.04207006061321999,0.09824304843975544,0.01656035039857509,1.7242554282570612e-242,0.0,0.05
4614,0.5209,False,0.0,0.2172,0.8646,10.0,0.0,0.2894570504334105,0.10467081919888543,1.906259070272482,0.3594910479867029,2.0867556536208443,1.0874865297740854,0.24929080688963495,0.30475321175252573,0.34537291847736673,0.6911386432909277,0.05
4615,0.44255,False,0.0,0.2011,0.7864000000000001,25.6,0.0,0.25991071852044756,0.106385753659152,1.8907691321894944,0.2993847124907465,2.30039821934264,1.1348300558175164,0.3031836818263443,0.329219938235247,0.506529853718428,0.7749713047908621,0.05
4616,0.57185,False,0.0,0.18370000000000003,1.0,10.0,0.0,0.27135488912726186,0.08271394905349864,1.742651927915888,0.07433005669092295,1.5662784144083666,0.06492418344160993,0.09967472301756078,0.017876196511644852,0.0030000000000004546,0.009000000000001365,0.05
4617,0.5422,False,0.0,0.16440000000000002,1.0,20.0,0.0,0.220961698410656,0.09195426638851666,1.7221473695540364,0.06996220022961183,1.5348000000000002,0.03472405506273715,0.09202069719588248,0.021179653047908205,2.390614789546103e-242,0.0,0.05
4618,0.50695,False,0.0,0.223,0.8709,20.0,0.0,0.32057688141435403,0.15093397078509568,1.9374293128019684,0.40817917538743853,1.9984461337171235,0.9548522009224648,0.2470367599893905,0.29352986069615133,0.38291428891285173,0.7664090461450028,0.05
4619,0.57075,False,0.0,0.18150000000000002,1.0,10.0,0.0,0.2668893993690718,0.07660086520128728,1.7220566350995317,0.0611897130692532,1.5942555555555564,0.1086287715110521,0.09862833679801711,0.017032050171832055,0.02140000000000059,0.06420000000000177,0.05
4620,0.47275,False,0.0,0.26199999999999996,0.8611000000000001,44.4,0.0,0.3440885614407818,0.10401231651392512,1.9529742799060443,0.29320574107702635,1.9528773944133282,0.7539718670726819,0.30601871401359737,0.2540203881450214,0.3291523508701316,0.64727861636907,0.05
4621,0.51515,False,0.0,0.281,0.7917,10.6,0.0,0.3713430172073665,0.06672112002651737,2.0536022400103473,0.2983050023110892,2.3666299847826076,1.2484746817074455,0.36216272748666345,0.2928875011488305,0.38736357180696873,0.6463962621416117,0.05
4622,0.40825,False,0.0,0.22670000000000004,0.7658,44.0,0.0,0.28918025585544904,0.1250247474277743,1.9793885486360885,0.31633390195463573,2.3492448095201057,1.05799237044993,0.3512134913612719,0.29990094245170223,0.5827134809000195,0.7564137572259777,0.05
4623,0.5423,False,0.0,0.1646,1.0,20.0,0.0,0.2195049300547245,0.09695741709789148,1.7132596468950265,0.08490820649305159,1.5672,0.07603525498083112,0.09374620868128829,0.02098706642225486,2.556447884293681e-242,0.0,0.05
4624,0.5738,False,0.0,0.18760000000000004,1.0,10.0,0.0,0.28765823109046595,0.0901441288440847,1.7254748924169312,0.06477901984448055,1.590202229917877,0.10591552014551055,0.11228077836181823,0.04585354009372126,1.7923354515466544e-225,0.0,0.05
4625,0.5995,False,0.0,0.199,1.0,0.0,0.0,0.27779625984602196,0.012358427827157507,1.7189315496707358,0.04445126522151213,1.5229000000000001,0.0255908186660763,0.10321728449219114,0.0010768299305399876,2.9917207363684953e-242,0.0,0.05
4626,0.5995,False,0.0,0.199,1.0,0.0,0.0,0.2887139216421742,0.012270149529377496,1.7345683645455066,0.04300598871606562,1.5195,0.03596734630188887,0.1027001365630387,0.0007015803546618815,2.6237221490302253e-242,0.0,0.05
4627,0.4616499999999999,False,0.0,0.2956,0.7444999999999999,29.2,0.0,0.36874659188852654,0.08378161792472429,2.133210497465185,0.4387744637794771,2.3423723065908,0.9615474163748685,0.4122900416221059,0.3378455913408435,0.6537567470155373,0.801648443645493,0.05
4628,0.57095,False,0.0,0.1819,1.0,10.0,0.0,0.2551198618293004,0.07007849381491905,1.720624870804142,0.05895258926887007,1.5432000000000001,0.074847578451143,0.09710921647296848,0.013941828583578392,2.147932766988529e-242,0.0,0.05
4629,0.51505,False,0.0,0.2453,0.8648,20.0,0.0,0.33492082746401375,0.12286177803914701,1.9779469973012958,0.3432671601007855,2.1869857818557863,1.339480345842241,0.2869271740304709,0.283209009725288,0.23722982180620394,0.5626255210577472,0.05
4630,0.47175,False,0.0,0.21220000000000003,0.9312999999999999,50.0,0.0,0.2819029005150282,0.13542709982921286,1.8810997127255789,0.2588476680298599,1.644486139812989,0.33709868503468876,0.21999187608060655,0.21881645635399186,0.07950000646885459,0.2385000194065638,0.05
4631,0.53685,False,0.0,0.273,0.8679,16.8,0.0,0.38741603499016,0.11112039977986327,2.0168192099075926,0.3351523363372551,2.2671297289072143,1.4515113224991518,0.32167497009622004,0.2886218078077577,0.3849630622405472,0.7706599059385975,0.05
4632,0.485,False,0.0,0.2852,0.874,47.3,0.0,0.35682531698378417,0.12166265696194235,2.0766225235645908,0.461607175685845,1.998619975065272,0.8975236806942337,0.3428316557053811,0.3158932042094587,0.36407641338994584,0.7331484198538439,0.05
4633,0.50385,False,0.0,0.28769999999999996,1.0,70.0,0.0,0.3701588825081251,0.13486565314323784,1.9130971747002292,0.2469838713879026,1.5859196200052903,0.10343486273030533,0.24864593166806287,0.16200638397107042,0.009800000000000423,0.029400000000001276,0.05
4634,0.5995,False,0.0,0.199,1.0,0.0,0.0,0.2850747347587472,0.012222926154224002,1.7247645338888256,0.05571197247114482,1.5234999999999999,0.03401837738634807,0.10212544752638517,0.0019157592000364953,2.2276283830021975e-242,0.0,0.05
4635,0.5257499999999999,False,0.0,0.1715,1.0,30.0,0.0,0.25682400535021954,0.10775971372687078,1.7347255951257154,0.07727689954392554,1.560600908576309,0.09101245065609054,0.10372031795020395,0.04150168388098623,4.4263236729557597e-222,0.0,0.05
4636,0.49585,False,0.0,0.2544,0.7997,15.6,0.0,0.33909990799330736,0.06937662555857346,2.050501851398014,0.38929092440438806,2.5374467244432584,1.513309381789256,0.35694097161036104,0.3575631395673185,0.4681197144840411,0.7161019012077331,0.05
4637,0.5143,False,0.0,0.2105,0.9381,30.0,0.0,0.3008595713576291,0.10364827086197852,1.8365680492587628,0.2792454513973436,1.8195828522264201,0.7808064733502007,0.191529722099653,0.241878874045085,0.19230157343989548,0.5769047203196864,0.05
4638,0.5169999999999999,False,0.0,0.2753,0.7922999999999999,8.4,0.0,0.3629382045159658,0.06624399486801187,2.0832071047153855,0.3368490212725915,2.275307503437216,1.1515505152541654,0.3350139446977002,0.26727980952717606,0.4374762182926769,0.7643977255244432,0.05
4639,0.5718,False,0.0,0.18360000000000004,1.0,10.0,0.0,0.28731136104356436,0.08919165349887176,1.6988558175904285,0.05803378617680378,1.6090600367612313,0.08097973071463611,0.10209929072438244,0.018351350098407503,0.0018000000000003096,0.00540000000000093,0.05
4640,0.55235,False,0.0,0.2121,0.9326000000000001,10.0,0.0,0.3113954388380981,0.12105356111493552,1.8111886277058578,0.18084374850469262,1.7822064225515235,0.7200326384713251,0.19090648069631042,0.22838365362037238,0.19640189400392039,0.5892056820117612,0.05
4641,0.5288499999999999,False,0.0,0.19760000000000003,0.9000999999999999,10.0,0.0,0.28800623279096493,0.09481112065950471,1.8110533115989202,0.22826180598023277,2.020559345400547,0.9364164039464107,0.1947057371846753,0.21222950807254606,0.1819000000000009,0.3671409674770729,0.05
4642,0.5995,False,0.0,0.199,1.0,0.0,0.0,0.2691983076409784,0.007560061489562791,1.7443107513292149,0.039542354292347315,1.5816000000004682,0.07726862235133015,0.10196876021287804,0.0012831531805007532,2.5836552847679454e-242,0.0,0.05
4643,0.5995,False,0.0,0.199,1.0,0.0,0.0,0.2702145703572655,0.011271465316095117,1.7377012088635173,0.04365839737920596,1.5929,0.09099719775905192,0.10279088762436177,0.0013108220134551937,2.2427835876571786e-242,0.0,0.05
4644,0.48419999999999996,False,0.0,0.21760000000000002,0.7908,10.0,0.0,0.3307666941680094,0.14414512379032435,1.9025340111305202,0.30242405041628,2.1063194293843814,0.9174094247269216,0.310781733269753,0.3262036145015715,0.4164482273243618,0.6761069660581592,0.05
4645,0.5932499999999999,False,0.0,0.22649999999999998,1.0,10.0,0.0,0.321834706052841,0.047086712166151554,1.8032294210248339,0.16186267948027275,1.5547,0.0755751943431176,0.14723643402454847,0.09055428970216849,7.223239821269531e-182,0.0,0.05
4646,0.57985,False,0.0,0.19970000000000002,1.0,10.0,0.0,0.2937407311853251,0.10171277740304839,1.795632153300079,0.10884067789209033,1.5831,0.11875558934214424,0.12404730791333647,0.07076080469473366,4.87597537229623e-201,0.0,0.05
4647,0.4358,False,0.0,0.2272,0.8044,40.0,0.0,0.3291464892291126,0.17028524442376441,1.9850719421469694,0.41745224970440925,2.2197535472723287,1.0037208198828078,0.3402737036922965,0.3468496533178407,0.48054311498417784,0.8562648244592397,0.05
4648,0.57075,False,0.0,0.18150000000000002,1.0,10.0,0.0,0.2633182747733233,0.0807348621798622,1.717503987531666,0.058439275966448365,1.5487237759060333,0.04874228936537918,0.09680912802414837,0.016650961859033562,0.0006000000000002928,0.001800000000000878,0.05
4649,0.5143,False,0.0,0.20550000000000002,0.8631,10.0,0.0,0.30873736105153937,0.10240156880401942,1.8513337730735828,0.2810884394872462,1.8914042469156989,0.7010935611912505,0.22836264935752873,0.26283909395732913,0.27211535878124316,0.5993836609548668,0.05
4650,0.48674999999999996,False,0.0,0.2562,0.8676999999999999,37.6,0.0,0.3334606957533542,0.12686912248055163,1.9695782728091227,0.3281266342547076,1.9676909645270744,0.8597434936333006,0.3013668824760415,0.2934417411235538,0.3275610583765006,0.6562632016196127,0.05
4651,0.5708,False,0.0,0.18160000000000004,1.0,10.0,0.0,0.2646677658621494,0.07981652535747426,1.7131600976367856,0.06289368111482589,1.5687000000000002,0.0717900410920624,0.0976934252435071,0.016659049228749577,2.2577106074499407e-242,0.0,0.05
4652,0.57095,False,0.0,0.1819,1.0,10.0,0.0,0.26909674361121827,0.0840731006150631,1.724962771591843,0.06643735091159761,1.5374,0.04204093243494963,0.09834473096590726,0.015513640591158891,2.1132630440357936e-242,0.0,0.05
4653,0.5546,False,0.0,0.2204,0.9288000000000001,10.0,0.0,0.32083350797702753,0.054822867478438245,1.8291687770874385,0.20763952136650332,1.778202278980715,0.6965727878770813,0.18297605055277485,0.19310251003373602,0.16392552864718402,0.49177658594155216,0.05
4654,0.5995,False,0.0,0.199,1.0,0.0,0.0,0.2925546303351373,0.012916826527505783,1.7101817318829649,0.04740533042897181,1.5217333333333845,0.0435320571534165,0.10327127903455595,0.0014762647292114659,0.00740000000000039,0.022200000000001167,0.05
4655,0.54555,False,0.0,0.2649,0.8662000000000001,10.0,0.0,0.3734527314995214,0.06170618357371491,1.9982820560396821,0.35751259780885614,2.0910239905556005,1.1198291569555434,0.3094248333055012,0.29923409479156377,0.37139561780696767,0.7429796516175625,0.05
4656,0.57075,False,0.0,0.18150000000000002,1.0,10.0,0.0,0.259672154745044,0.08370468815659483,1.7130897362542392,0.04908424493842157,1.5411171841094407,0.03702933487615421,0.09691454820510445,0.01644465734415152,0.006900000000000362,0.020700000000001086,0.05
4657,0.57005,False,0.0,0.2506,0.9295,10.0,0.0,0.3317597021981106,0.06571977964828965,1.8930536013380201,0.27037723732524616,1.7325927508163725,0.5504102364187793,0.2159592189766142,0.21018039916161343,0.1570113968401467,0.4710341905204401,0.05
4658,0.58635,False,0.0,0.21270000000000003,1.0,10.0,0.0,0.30203335742025167,0.03515468496514858,1.7757414739648518,0.0712005509737906,1.637644444444446,0.20984847443387347,0.1307060555630744,0.054098317975742556,0.05040000000000107,0.1512000000000032,0.05
4659,0.4918,False,0.0,0.26470000000000005,0.9285,52.4,0.0,0.34724214781540613,0.11217445128082729,1.9359476990565452,0.22618006662533968,1.7171309895079951,0.5587734078855052,0.2732959398092327,0.20287832808754316,0.1701676299936318,0.5105028899808954,0.05
4660,0.5097,False,0.0,0.2266,0.8728000000000001,20.0,0.0,0.3482775416182381,0.14755491724525918,1.947057964701007,0.45154007967813203,2.0944235199684837,1.0039249363162066,0.28152433715243996,0.33618560659791413,0.24976987373481968,0.5754699492354834,0.05
4661,0.5430499999999999,False,0.0,0.1661,1.0,20.0,0.0,0.2413486219205203,0.09278167641220049,1.7018241348440426,0.0664060128037835,1.5517999999999998,0.051095596679165974,0.09267488374167912,0.02246541515017357,2.540750834257846e-237,0.0,0.05
4662,0.5995,False,0.0,0.199,1.0,0.0,0.0,0.3086762053815094,0.025800589034330117,1.7209709774056148,0.03742237222158884,1.5676,0.07618031241731685,0.1030951128661883,0.0014191701118835163,1.2527820451695948e-242,0.0,0.05
4663,0.46745,False,0.0,0.1861,0.8687999999999999,30.0,0.0,0.2495037513419574,0.14407315313177538,1.8601264163940912,0.3322040572864204,1.998221930339038,0.9586014417262133,0.25174682797966913,0.3197415886288214,0.2874337328823744,0.5978588201406618,0.05
4664,0.5425,False,0.0,0.19550000000000003,0.9295,10.0,0.0,0.27137511103487666,0.08067346322632739,1.7803814893405168,0.19429850638649063,1.729070543881279,0.5515850758286053,0.15531053331688624,0.17459170994477297,0.15733995882267782,0.4720198764680334,0.05
4665,0.5640499999999999,False,0.0,0.22669999999999998,0.9414,10.0,0.0,0.309308181088526,0.11740696072038147,1.895239943458268,0.37997323358990803,1.7414595885223776,0.5501379770718916,0.21356359131378647,0.2744112174609602,0.15848206945424856,0.47544620836274565,0.05
4666,0.5709,False,0.0,0.18180000000000002,1.0,10.0,0.0,0.2643453560713933,0.06898841159811626,1.721149411905427,0.06274442711140066,1.5542,0.07006254348794369,0.09793569861383164,0.015363530981183326,1.9890359652851613e-242,0.0,0.05
4667,0.49535,False,0.0,0.2623,0.8084,20.0,0.0,0.36641592190466965,0.1046997536108273,2.0590634982518634,0.42010401289005084,2.167173546857934,1.0266476759134722,0.36509251636777257,0.356510683381477,0.43996281714981295,0.720028560607354,0.05
4668,0.5426,False,0.0,0.1652,1.0,20.0,0.0,0.2551267712287809,0.10595028660848632,1.6962349351264152,0.059094745747268175,1.5545000000000062,0.05274324601310879,0.09304009733992723,0.020561081848690026,1.5439913341058269e-242,0.0,0.05
4669,0.57105,False,0.0,0.1821,1.0,10.0,0.0,0.2633015627919414,0.07258059040491097,1.7127571068878829,0.05133416032567316,1.532,0.03416138170507742,0.0973386986605567,0.014749480916214015,2.2813973259216973e-242,0.0,0.05
4670,0.6005,False,0.0,0.201,1.0,0.0,0.0,0.2921470801686438,0.02290691143071467,1.7367129835170876,0.04451140781609708,1.5316,0.041945679157691575,0.104747454055888,0.005920494668068851,5.419673000217187e-237,0.0,0.05
4671,0.5223,False,0.0,0.2314,0.9332,30.0,0.0,0.3129240454445468,0.0944702702065919,1.914141896530883,0.267775309272344,1.9843436582235523,1.3092094581581517,0.21694666483539438,0.21410838307616725,0.19999983905519328,0.5999995171655799,0.05
4672,0.6015,False,0.0,0.203,1.0,0.0,0.0,0.2940754407873538,0.0165151477767213,1.7719640140323203,0.05506327235059175,1.5603000004900824,0.05154231307335976,0.10717197182888163,0.010390105339920167,4.122407325183461e-231,0.0,0.05
4673,0.5763,False,0.0,0.19260000000000002,1.0,10.0,0.0,0.27636462946545903,0.08573326955559317,1.742838297299264,0.10663784881066038,1.5526,0.06703461792238398,0.1143740353879819,0.05246202274180267,1.3999842917210616e-218,0.0,0.05
4674,0.57075,False,0.0,0.18150000000000002,1.0,10.0,0.0,0.25515952564553607,0.0722819445392376,1.7025157980682468,0.05625002099884924,1.5592,0.06369897958366373,0.09675688275400121,0.01640894461068165,1.9994076796423134e-242,0.0,0.05
4675,0.5173,False,0.0,0.2487,0.8755,22.4,0.0,0.3212969541083409,0.10391552459587271,1.9473663587611547,0.3985615635625457,2.019244267299335,0.8536140766438318,0.3024650751037801,0.3368382893715795,0.34972760651348245,0.7038254007736245,0.05
4676,0.5981,False,0.0,0.2266,1.0,7.6,0.0,0.33842467687864286,0.08078961940196863,1.7688878364109673,0.16995933460396762,1.5137000000000005,0.0183360301046873,0.14154932321594224,0.10749301353103141,0.0012000000000003013,0.003600000000000904,0.05
4677,0.51425,False,0.0,0.23149999999999998,0.877,20.0,0.0,0.2901720480763752,0.1337152712788076,1.9754864878842233,0.42015900120269023,2.0125550420788354,0.9048315394305624,0.2768810969180735,0.32499238252902735,0.36083856467851827,0.724109906734365,0.05
4678,0.5237499999999999,False,0.0,0.19760000000000003,0.9299,20.0,0.0,0.27193523306408557,0.07989232915567034,1.8020152090624069,0.23882887101237993,1.8956008643139317,0.9818949626503893,0.1615774082213181,0.18692620083003544,0.18694448470202693,0.5608334541060808,0.05
4679,0.6005,False,0.0,0.201,1.0,0.0,0.0,0.3272387918913747,0.03525782037557238,1.761565092153991,0.07459575179504763,1.5618000000000003,0.05989290442114158,0.11347383214856424,0.012352511327631717,5.001266093257788e-237,0.0,0.05
4680,0.49269999999999997,False,0.0,0.20779999999999998,0.8576,20.0,0.0,0.28201956443307025,0.10202334752387182,1.873746065498937,0.2771179834798255,1.9000078430056528,0.71609701348326,0.23661167823135187,0.278909340904133,0.3284590904586134,0.6569182100228695,0.05
4681,0.50555,False,0.0,0.24500000000000002,0.7885,5.6,0.0,0.3034397719046262,0.041011036387571705,1.9623116730670696,0.2775368850323704,2.174442461861456,0.9301059909547452,0.3052764116454826,0.3012735482751311,0.40410652347434695,0.6654452128560774,0.05
4682,0.5995,False,0.0,0.199,1.0,0.0,0.0,0.2898533652212375,0.0203348201994167,1.743451524561145,0.03842063575159572,1.5575057311164016,0.06147579811350137,0.10334441791609406,0.00260800193982256,0.013800000000000482,0.04140000000000145,0.05
4683,0.50145,False,0.0,0.22399999999999998,0.9228999999999999,36.0,0.0,0.344064616476777,0.17602117411461926,1.8906921643616166,0.2639687785443448,1.928282119372899,0.7797057028330746,0.2541556731846132,0.2403088299794428,0.25480788822699824,0.552123839131745,0.05
4684,0.5995,False,0.0,0.199,1.0,0.0,0.0,0.2716303378663947,0.01723736285718375,1.7135062805400465,0.033789937401333965,1.5429,0.05646317383923787,0.10283425583668515,0.0017018093922886183,1.5797352438229596e-242,0.0,0.05
4685,0.57585,False,0.0,0.31179999999999997,0.8798999999999999,10.0,0.0,0.39217732342453454,0.11986324383742289,2.1154778980571844,0.41270884012307396,1.982454168490883,0.8676371201521145,0.36059812451909434,0.33041003132101426,0.33847959726981564,0.6783795462077015,0.05
4686,0.44560000000000005,False,0.0,0.2706,0.7406,30.0,0.0,0.35166497490736637,0.15107000859669942,2.071236246633069,0.44255478120390446,2.48097206929202,1.1650299945841383,0.4039776840746834,0.3533709643151352,0.7136913077492737,0.8835727717536845,0.05
4687,0.52745,False,0.0,0.23899999999999996,0.8623000000000001,11.6,0.0,0.3787213194199087,0.10826955558840586,1.8892887964187728,0.2553574161468442,1.932380648060932,0.7495958478196597,0.26879112169059904,0.2683468061301627,0.34009553340562276,0.680409201818336,0.05
4688,0.5337,False,0.0,0.2914,1.0,56.0,0.0,0.41483840311560893,0.08645327655804987,1.946037257257121,0.1663351429274068,1.598,0.08969726863177054,0.24755216807350303,0.11651243399648874,1.927935984177695e-181,0.0,0.05
4689,0.57145,False,0.0,0.1829,1.0,10.0,0.0,0.2742772793894846,0.071250622891247,1.7333117391040624,0.06776332694577882,1.5478,0.05085036873022628,0.09823944633687233,0.01268509196352284,0.0003000000000002672,0.0009000000000008015,0.05
4690,0.5739,False,0.0,0.18780000000000002,1.0,10.0,0.0,0.26581470621483116,0.08467245714094365,1.7278667917114565,0.057073255082015065,1.5440999999999998,0.08605864279664185,0.10271195981390688,0.021222398790337597,6.409355715262553e-231,0.0,0.05
4691,0.5995,False,0.0,0.199,1.0,0.0,0.0,0.29170344755026956,0.022785760269849156,1.725415562438522,0.045930125567919936,1.6231444444444456,0.1723151795725273,0.10727459361860484,0.014028687067192225,0.04230000000000088,0.12690000000000262,0.05
4692,0.5428499999999999,False,0.0,0.16570000000000001,1.0,20.0,0.0,0.25816924022860305,0.10387115631909492,1.6848027816894935,0.059530040077822054,1.6548000000000016,0.09344602720287339,0.09505734582423339,0.019438557117278085,1.905577745301607e-242,0.0,0.05
4693,0.57075,False,0.0,0.18150000000000002,1.0,10.0,0.0,0.27052587193859506,0.07817948400128714,1.7152530664134442,0.06282978559955943,1.5515999999999999,0.026458269028793235,0.09763832915625684,0.017048786551089015,2.335315973329552e-242,0.0,0.05
4694,0.57085,False,0.0,0.18170000000000003,1.0,10.0,0.0,0.2617426934308885,0.0784869503756085,1.7383141338506594,0.06474643202799919,1.5706368055555555,0.06176423338125074,0.0963058696937999,0.015571567436686747,1.6369662744556045e-242,0.0,0.05
4695,0.4820500000000001,False,0.0,0.2872,0.8225,36.4,0.0,0.36141796611321875,0.131171741911331,2.119206911390158,0.48430875753315467,2.428326777463792,1.369601069804198,0.3818460435995263,0.35770852919750457,0.29794211495165135,0.5225866905573818,0.05
4696,0.4432499999999999,False,0.0,0.2591,0.7522,31.2,0.0,0.3242433501389822,0.1628536572212413,2.1581724207300312,0.4760292141104109,2.291098594883469,0.925501031182049,0.40045166619802525,0.34489299791552575,0.6139727817436695,0.7988303404017006,0.05
4697,0.43000000000000005,False,0.0,0.2447,0.7993,46.0,0.0,0.33120105085060525,0.1853801598131583,2.02385413808437,0.436676588760593,2.0884825681534416,0.8533268263372827,0.3418362467476182,0.3294600698334608,0.5036992202900158,0.7694294616351474,0.05
4698,0.5105999999999999,False,0.0,0.24050000000000002,0.8606999999999999,20.0,0.0,0.3281558828750967,0.06836541759436554,1.9246152819137627,0.29574844794027855,2.1803940037999077,1.3572270487285982,0.27189628827090234,0.2784714856340129,0.3720998646652361,0.7468100489710872,0.05
4699,0.4872000000000001,False,0.0,0.271,0.7402,9.2,0.0,0.34205819970229356,0.0930349720391344,2.0754353687817297,0.4335681460219711,2.476508693785519,1.0996760993579195,0.39757537148169747,0.3687876120472613,0.6026887913034878,0.8274028104484423,0.05
4700,0.4998,False,0.0,0.26980000000000004,0.7922,15.6,0.0,0.3589349763291951,0.07069771160281677,2.088520175009837,0.3731364855462176,2.2757471370431057,1.081477991072492,0.34360371300326664,0.28296799803037154,0.5977409397496618,0.9153350747523273,0.05
4701,0.47515,False,0.0,0.25149999999999995,0.8588000000000001,40.0,0.0,0.3092608853294598,0.1015925212727536,1.9807673567471356,0.317758205076681,2.4450802455440463,1.7662894566269467,0.3094688436230079,0.2728810363579191,0.4052416692931999,0.8105680835559407,0.05
4702,0.5995,False,0.0,0.199,1.0,0.0,0.0,0.2792908781460935,0.018268852514015374,1.7214912731695815,0.040308412767540616,1.5645000000000002,0.09121869325966035,0.10305273926248985,0.002623741864182417,2.467902326554006e-242,0.0,0.05
4703,0.47980000000000006,False,0.0,0.2929,0.7467,20.0,0.0,0.4030297723268535,0.19355142450832566,2.1954599137096706,0.5074697870285214,2.307487798184898,0.9564516326771849,0.455610337935448,0.37632508147251637,0.627619209809831,0.8212451170902978,0.05
4704,0.5594,False,0.0,0.2285,0.9303000000000001,10.0,0.0,0.31180395900734903,0.055708963227043475,1.856358054100228,0.21551324241916178,1.8885411099806535,0.8760292374709779,0.20068843482194865,0.22239932392327605,0.20724110922035885,0.6217233276610766,0.05
4705,0.5354000000000001,False,0.0,0.31420000000000003,0.9342,44.4,0.0,0.424960524399806,0.08495895515697277,1.9854476885793784,0.2995985253466816,1.6965033322136684,0.4678144471611678,0.33614208120218236,0.27597387593737577,0.15092693601507312,0.45278080804521936,0.05
4706,0.4774,False,0.0,0.18170000000000003,0.9330999999999999,40.0,0.0,0.2579986622062326,0.14649617229916462,1.815765719503958,0.2745106772860835,1.764171526400233,0.6711437739282385,0.17145868821101984,0.18599400908247346,0.2009048597335657,0.5592144146680009,0.05
4707,0.5309999999999999,False,0.0,0.2643,0.8680999999999999,17.6,0.0,0.34334523611100987,0.06934926085937251,1.9556279327989632,0.37103712100075403,2.0474304397115093,0.9559934668036818,0.2884809345253493,0.2805224173251874,0.37184017181769163,0.7558319341267257,0.05
4708,0.5401499999999999,False,0.0,0.192,0.9282999999999999,10.0,0.0,0.27200239849096086,0.08298686780289351,1.7722372172203322,0.21809150006573133,1.8573972976115602,0.8572235417871165,0.16782624100748575,0.21090757282001893,0.15897359312909395,0.47692077938728195,0.05
4709,0.5718,False,0.0,0.18360000000000004,1.0,10.0,0.0,0.2703269792012724,0.08529726041935205,1.7148039790548217,0.04790651666376196,1.5450000002225246,0.04794788871309733,0.10018768755506176,0.018917200007738062,0.009800000000000395,0.029400000000001186,0.05
4710,0.47159999999999996,False,0.0,0.2819,0.9365,68.8,0.0,0.3865214561522921,0.13248834327954123,1.9804017601791284,0.3449395588965568,1.771003079106115,0.6128886374620882,0.28915558236158106,0.2360769944525828,0.1774697457727819,0.5324092373183458,0.05
4711,0.53,False,0.0,0.22399999999999998,0.9416,26.4,0.0,0.313640754694358,0.10693308121520424,1.8637491833185145,0.1992396194840089,1.7896661471347861,0.5707471949649849,0.21825161813703747,0.24039457797950825,0.24597358921785023,0.5283383989114168,0.05
4712,0.5653499999999999,False,0.0,0.2344,0.9362999999999999,10.0,0.0,0.3356428112402208,0.061383132755686284,1.9183745677569308,0.34239063754956406,1.7521075222530225,0.656464227165653,0.2038075742527823,0.236856775429995,0.19709122286839148,0.5912736686051744,0.05
4713,0.57185,False,0.0,0.18370000000000003,1.0,10.0,0.0,0.27411711401814914,0.07707591499845436,1.715035259761906,0.07229245393020546,1.5642,0.07862544117523286,0.10076340984669499,0.018532548202064767,4.2678825737207696e-237,0.0,0.05
4714,0.53645,False,0.0,0.2205,0.9324,20.0,0.0,0.3266713887729168,0.12722352377650972,1.8431306363650457,0.24087504252041544,1.8103088270304823,0.728641228489905,0.2077405904757102,0.2341292068912141,0.19660880510590734,0.5898264153177221,0.05
4715,0.5037,False,0.0,0.21790000000000004,0.8695,20.0,0.0,0.26901159395610463,0.10201113261912353,1.9339144475419345,0.3603039902108037,1.958127536230186,0.7936066113699406,0.2654151936350368,0.2999282402838121,0.32381058207272806,0.6480737960686882,0.05
4716,0.41125,False,0.0,0.26,0.7337,42.8,0.0,0.3288945728992191,0.12811237792533442,2.1064013039071527,0.44540530445835347,2.3924923137060374,1.0298094985515736,0.37813680386539894,0.3286067542308035,0.6880198354566429,0.8480194205075094,0.05
4717,0.4458000000000001,False,0.0,0.21680000000000002,0.79,28.8,0.0,0.3112559383583721,0.15631749323544214,1.9574694784622786,0.3450725404264797,2.392834781864791,1.2377274573361454,0.3354060533745025,0.3326652202572189,0.5671676877322974,0.8853068148099799,0.05
4718,0.5166999999999999,False,0.0,0.2197,0.9337,30.0,0.0,0.31324928456777207,0.10265176908416192,1.816401054813896,0.17237662248477825,1.6552777777880436,0.3346699581119532,0.2077202405184042,0.2035692810881772,0.08570000000000037,0.23839465178564723,0.05
4719,0.5240499999999999,False,0.0,0.2283,0.8597999999999999,10.0,0.0,0.3154896353870119,0.05934843330211042,1.8670943874113193,0.29401319758612127,2.1094233948877377,1.1804016022109611,0.24313215898871526,0.27968516864757786,0.3652686073975774,0.7458618839347587,0.05
4720,0.5420499999999999,False,0.0,0.1641,1.0,20.0,0.0,0.23460377142707217,0.09931767277269254,1.7196770349612465,0.07464923564698905,1.5358,0.033087157629509374,0.09195025261446013,0.02182480276062984,1.8461318442548141e-242,0.0,0.05
4721,0.5995,False,0.0,0.199,1.0,0.0,0.0,0.28682082014721805,0.021259288329486214,1.75562286065349,0.049337679430542375,1.5428000000000002,0.06414483611328356,0.10257199568171463,0.001525560849976744,2.2517735896487066e-242,0.0,0.05
4722,0.5995,False,0.0,0.199,1.0,0.0,0.0,0.2890224172797903,0.02954557440458959,1.7287353124852338,0.06561650126827491,1.5649000000000002,0.058814028938680964,0.1091421229176945,0.013074358180899125,2.2372914631862507e-242,0.0,0.05
4723,0.45765,False,0.0,0.32480000000000003,0.8105,55.0,0.0,0.39931518096668717,0.06130192399741493,2.1419302944229086,0.3994806529362842,2.22754764136971,1.1059813440666524,0.43160642541886063,0.3000922025879738,0.5182019806222172,0.7963928519788629,0.05
4724,0.5140499999999999,False,0.0,0.1481,1.0,30.0,0.0,0.20751008913877417,0.10854006678678291,1.7011221093812197,0.08669520417674488,1.5779,0.0855002339178087,0.087849663054717,0.022542153597648554,1.700754361349637e-242,0.0,0.05
4725,0.5691499999999999,False,0.0,0.1819,1.0,10.9,0.0,0.27073406428911706,0.08682862881038175,1.7331640300934628,0.08805311869220034,1.5518,0.06201902933777664,0.10293210921974354,0.023533634955364917,2.458658512638564e-242,0.0,0.05
4726,0.57095,False,0.0,0.1819,1.0,10.0,0.0,0.27799029230429284,0.07952158301289883,1.6910136117981793,0.05751248338848586,1.5540000000000003,0.07168542390193397,0.09877992045614416,0.016136843764323824,2.842170943040401e-16,8.526512829121202e-16,0.05
4727,0.47139999999999993,False,0.0,0.25549999999999995,0.8585,42.8,0.0,0.3510105248848929,0.06570632061403615,1.9159564662731416,0.2527692080007712,1.8909759233228924,0.6809145130728755,0.2727212840521526,0.23013508000566155,0.31187374875609736,0.623755623841341,0.05
4728,0.5995,False,0.0,0.199,1.0,0.0,0.0,0.2920802349444418,0.018053203516118728,1.7091361878787836,0.04603179061092805,1.5221,0.02308874184532363,0.10500654497858208,0.008366166910398857,2.1844720671404503e-242,0.0,0.05
4729,0.5150000000000001,False,0.0,0.21480000000000002,0.9352,30.0,0.0,0.30528489768909195,0.10924118363182107,1.8514902824776596,0.34008139696794065,2.021504946204534,1.331586976662255,0.20089844456997347,0.24009455569870028,0.1999997032870211,0.5999991098610633,0.05
4730,0.5589,False,0.0,0.24499999999999997,0.8728,0.0,0.0,0.32490577447610075,0.08468581384508446,1.9300128238768894,0.3290586116871117,2.027849193564277,1.0275416510054818,0.2655210371040599,0.31504057157323045,0.3357233669303791,0.6719735407531363,0.05
4731,0.5809000000000001,False,0.0,0.22700000000000004,0.9348000000000001,0.0,0.0,0.32729873602182263,0.061995544887785296,1.8420087668710146,0.2826899210907063,1.742494527424051,0.6455254269765017,0.18335080846745844,0.208883661668619,0.05,0.15000000000000002,0.05
4732,0.5117499999999999,False,0.0,0.2931,0.8103999999999999,20.0,0.0,0.36938649456034456,0.04279289120737311,2.0564149988267535,0.38701945195296317,2.1547904521675516,0.9295033454158664,0.37894967346608543,0.3362987545452224,0.5084449613985687,0.7844605389656837,0.05
4733,0.5995,False,0.0,0.199,1.0,0.0,0.0,0.2827984609684219,0.010037624733425723,1.721992559412722,0.05736285461099928,1.5581,0.05434970101113714,0.1017199262920376,0.0010745948362293192,1.8547113249709573e-242,0.0,0.05
4734,0.5045499999999999,False,0.0,0.22489999999999996,0.8785999999999999,23.6,0.0,0.3445293083386699,0.19224449528988607,1.9945521920964961,0.4453593334460441,1.9218499057724574,0.8470931951344955,0.29735008698517434,0.344461238738284,0.28596902925678974,0.6352603193811106,0.05
4735,0.5922999999999999,False,0.0,0.2246,1.0,10.0,0.0,0.3272750804379798,0.058333193080073786,1.794046222132708,0.09127704794686145,1.6600777777777789,0.18261607876149188,0.1463797527553153,0.07194713557705683,0.04350000000000089,0.13050000000000267,0.05
4736,0.57175,False,0.0,0.18350000000000002,1.0,10.0,0.0,0.27283223206072177,0.088242490153653,1.7262003987415262,0.07111891092396433,1.5944,0.06352983551056933,0.10026564653761283,0.018767240209690672,3.9396352671822173e-237,0.0,0.05
4737,0.5278500000000002,False,0.0,0.23490000000000003,0.9280000000000002,26.8,0.0,0.33157950947736864,0.16637298760394895,1.9072254604414094,0.24700215663644165,1.7324698864714692,0.5869246718881208,0.2471640024435891,0.22764145820196763,0.15961799312021213,0.47885397936063645,0.05
4738,0.58255,False,0.0,0.2051,1.0,10.0,0.0,0.2999901793491403,0.10325516229211294,1.7825511936230645,0.11148175011282227,1.569,0.09184225606985058,0.13381898285448618,0.07350045637676116,8.143920428157567e-197,0.0,0.05
4739,0.53135,False,0.0,0.20170000000000005,0.9346,18.4,0.0,0.2695976203162843,0.07584558545021139,1.8121071275502074,0.28213406363042187,1.8034280651848686,0.8527994781847386,0.17338876487021476,0.22277814194532566,0.22212806518486866,0.666384195554606,0.05
4740,0.57825,False,0.0,0.19650000000000004,1.0,10.0,0.0,0.2918266421643699,0.08469543791795145,1.7584599097444484,0.11602216217487592,1.5476999999999999,0.05539142532919692,0.11981778266277357,0.04961297465691355,1.4948671841339818e-214,0.0,0.05
4741,0.5995,False,0.0,0.199,1.0,0.0,0.0,0.2713195565909709,0.02045255717055304,1.747349720868069,0.05705062672895787,1.5519,0.06145640731445339,0.10281643379712677,0.002900579530254011,2.7567202171682966e-242,0.0,0.05
4742,0.55005,False,0.0,0.23899999999999996,0.8611000000000001,0.0,0.0,0.32043207161733755,0.05536474825669331,1.934583759981892,0.33267949079296166,1.9049990350685746,0.7017010980714006,0.2450117255648241,0.2642406746987496,0.30595590700265995,0.6119248990921345,0.05
4743,0.57075,False,0.0,0.18150000000000002,1.0,10.0,0.0,0.2712784669070703,0.08510638969422762,1.7428359412993495,0.06457297503491725,1.6224777777777788,0.13970790560626736,0.09982000553894019,0.019926074578669063,0.034500000000000766,0.10350000000000231,0.05
4744,0.51775,False,0.0,0.18260000000000004,0.9361,20.8,0.0,0.26562728798687163,0.14330009719667577,1.790051729961751,0.2427163356618929,1.8094924109701296,0.7483352788754993,0.1714117105895337,0.23874246951398478,0.22149241097012967,0.6644772329103891,0.05
4745,0.5719,False,0.0,0.18380000000000002,1.0,10.0,0.0,0.25745467542352557,0.08055824594794539,1.7303837247356828,0.06680009575891457,1.5473000000000001,0.09171155870445127,0.0997224007486655,0.01748239548445114,1.942926568249257e-237,0.0,0.05
4746,0.57085,False,0.0,0.18170000000000003,1.0,10.0,0.0,0.26594925655497687,0.07544217187529255,1.7240469160766103,0.0627265372290912,1.5787222222222224,0.07152190806552412,0.0976003243634618,0.01567635224862058,0.0006000000000002928,0.0018000000000008782,0.05
4747,0.47035000000000005,False,0.0,0.2251,0.7966,20.25,0.0,0.30924322478031924,0.1007180405833908,2.03010925988995,0.4238043803938752,2.2701851453423023,1.0302216104456052,0.3088541062961527,0.3245443111373828,0.5852209915935656,0.8945720525582895,0.05
4748,0.5995,False,0.0,0.199,1.0,0.0,0.0,0.284985040972408,0.015320046684646337,1.7283774210819622,0.04655016065324817,1.5578000000000016,0.07849687891884903,0.10269838187775693,0.001444954541998031,2.594761874115207e-242,0.0,0.05
4749,0.5723999999999999,False,0.0,0.21700000000000003,0.9289999999999999,0.3,0.0,0.32994826016543105,0.04013017472513017,1.8361179900207136,0.2616334240235232,1.8778311058775525,0.9330275003798059,0.17842996194505228,0.1998877872322494,0.20683137041501437,0.6204941112450432,0.05
4750,0.60785,False,0.0,0.2157,1.0,0.0,0.0,0.2936516587593874,0.0226451641226156,1.750878504114461,0.13969073570141913,1.555400000018195,0.06496953135097253,0.12668210471016225,0.06893412686661773,2.3551373651998726e-194,0.0,0.05
4751,0.4841500000000001,False,0.0,0.19319999999999998,0.9287000000000001,38.4,0.0,0.2636533974903748,0.1169149342645356,1.8162127797877754,0.2225056783243589,1.7787130138402758,0.6747418476707472,0.1779009183645232,0.20239164441567187,0.1875056314232833,0.5625168942698499,0.05
4752,0.46525,False,0.0,0.3077,0.7028000000000001,20.0,0.0,0.38262011009318186,0.11492921233068265,2.1927141640214614,0.45524092085825796,2.490424926599945,0.9320136741233559,0.47054709053104055,0.3745283301294697,0.7851389518291559,0.8319530118684635,0.05
4753,0.5995,False,0.0,0.199,1.0,0.0,0.0,0.2802627260021064,0.012429710556138191,1.7238187294148493,0.03418826864188458,1.5436,0.033036949011674824,0.10143839051607753,0.0007333958806040169,2.0485247726847592e-242,0.0,0.05
4754,0.4569500000000001,False,0.0,0.1139,1.0,50.0,0.0,0.17501633539744751,0.12650306612433962,1.6708705461563504,0.07163039394155767,1.6,0.11292741031299716,0.08162493048479294,0.027863284946741135,5.44905317518254e-237,0.0,0.05
4755,0.52125,False,0.0,0.25939999999999996,0.8631,20.0,0.0,0.3758509896128702,0.06073971228167146,1.9610270119896787,0.2933714455665134,2.093277026658019,0.9897157030520157,0.31339797985214807,0.2945951882846107,0.3411509977434967,0.6829547999255581,0.05
4756,0.54155,False,0.0,0.19360000000000002,0.9295,10.0,0.0,0.27540117450680174,0.08398917653626423,1.7811900884757503,0.22389892685385177,1.8156720205229218,0.7276464609085099,0.16180372804209991,0.1896278897967964,0.19816134817192124,0.5944840445157636,0.05
4757,0.5562000000000001,False,0.0,0.2512,0.9364000000000001,18.8,0.0,0.3199399898225409,0.05758500930280119,1.8745194798950966,0.29205889299862164,1.8376942089746389,0.8509958395468633,0.22799692034011473,0.22758180752243384,0.16190677911839763,0.4857203373551929,0.05
4758,0.5622499999999999,False,0.0,0.2045,1.0,20.0,0.0,0.31614607162907926,0.11133383110305348,1.7612955304217361,0.10968862360534329,1.5608,0.05367643803383379,0.13827761180286863,0.07966004312804316,1.0702193934328411e-197,0.0,0.05
4759,0.5995,False,0.0,0.199,1.0,0.0,0.0,0.2866878335043453,0.015584810168115625,1.7282088403485205,0.045488980046949026,1.5856999999999999,0.07497472907586931,0.10220333361208778,0.0019005878039433633,2.264373650480058e-242,0.0,0.05
4760,0.5734500000000001,False,0.0,0.217,0.9329000000000001,0.75,0.0,0.34028852894581846,0.09878512817805506,1.822016735019843,0.23583807995237274,1.7358528196901433,0.5681073782161611,0.18278101618867004,0.21830875851470546,0.16303249267298503,0.48909747801895503,0.05
4761,0.52245,False,0.0,0.15689999999999998,1.0,28.0,0.0,0.2241855434811233,0.10855986140430936,1.7218725888237554,0.06921551297256001,1.5971000000000002,0.09321207003387498,0.10606321388805462,0.03976342251933422,4.7989646865081145e-237,0.0,0.05
4762,0.5995,False,0.0,0.199,1.0,0.0,0.0,0.28265726997905516,0.027014426827661957,1.7449534317330777,0.04778043934392227,1.5698,0.08842827602073901,0.10542873148323362,0.009487694094407133,2.5796830083773923e-242,0.0,0.05
4763,0.57075,False,0.0,0.18150000000000002,1.0,10.0,0.0,0.24177510410018144,0.06313372314876389,1.7161907640293976,0.05095639664020492,1.570022222222223,0.08998101034230757,0.09764236946737169,0.014468185660665215,0.016600000000000507,0.049800000000001524,0.05
4764,0.4418000000000001,False,0.0,0.2334,0.7878000000000001,34.4,0.0,0.28796517195724386,0.13730638491038905,1.987571451124768,0.3350484238358375,2.2323088333322385,1.132317157925287,0.3267797989530912,0.29962677689656164,0.5272294614798734,0.8117400467073164,0.05
4765,0.54065,False,0.0,0.21999999999999997,0.9413,20.0,0.0,0.303049958368416,0.13043784222712612,1.857220725593993,0.32423478326859506,1.772487204568132,0.6448706464668091,0.20377451701337984,0.2577780173750677,0.2078954685268089,0.6236864055804268,0.05
4766,0.5995,False,0.0,0.199,1.0,0.0,0.0,0.2914863144087689,0.02329162366203884,1.7082283791973292,0.07909418877744781,1.5688,0.08327880882913732,0.10334842623551191,0.0021859979404022906,1.6145000962582818e-242,0.0,0.05
4767,0.57125,False,0.0,0.18250000000000002,1.0,10.0,0.0,0.2606695460235466,0.06731489545938753,1.701431695874089,0.0655109754807492,1.5739,0.05164194031986016,0.09746277451013484,0.013623323072974342,1.4377480885271513e-242,0.0,0.05
4768,0.5708,False,0.0,0.18160000000000004,1.0,10.0,0.0,0.2549269815316685,0.07571408957438484,1.703465647833296,0.05703274997585828,1.5355,0.07486554614774404,0.09683328022021707,0.016025590228097727,2.0349895135833075e-242,0.0,0.05
4769,0.61455,False,0.0,0.2291,1.0,0.0,0.0,0.33095892469404037,0.04511540141011903,1.8411921440528942,0.21555996642121764,1.5450000000000002,0.04818505992525074,0.14142239560190978,0.10337978950081321,6.009940423438982e-159,1.8029821243920523e-158,0.05
4770,0.5674,False,0.0,0.23630000000000004,0.9385,10.0,0.0,0.3154452233892404,0.1426996214154501,1.8916874002746478,0.35788516524136493,1.8361629129216788,0.8724001758592287,0.23087568731059874,0.2784947294160807,0.1899629129216786,0.5698887387650359,0.05
4771,0.5143000000000001,False,0.0,0.20259999999999997,0.9396000000000001,28.4,0.0,0.3048449206819643,0.15797769046398544,1.851088854201297,0.26967845688803893,1.7736417292664963,0.6389147137098042,0.19611867780191236,0.24269746237589648,0.17858022907649662,0.5357406872294899,0.05
4772,0.55375,False,0.0,0.2186,0.9289,10.0,0.0,0.31114308284493014,0.04231268332944835,1.8023166276475222,0.22940597331068355,1.7818805853274455,0.6426366117997878,0.17842980133586656,0.18953305351617009,0.16492985213986294,0.4947895564195889,0.05
4773,0.4867,False,0.0,0.223,0.9503999999999999,50.0,0.0,0.3317882682333776,0.17727828290455402,1.8367409199559546,0.34658991593786836,1.7406652304693424,0.5495719276430645,0.2201443718041443,0.2647685904294126,0.1759778390131444,0.5279335170394333,0.05
4774,0.45655000000000007,False,0.0,0.2822,0.7349,26.0,0.0,0.36474546232604915,0.15552302821719438,2.218793300143076,0.41621120519074434,2.4049405916259583,1.0447377282936285,0.4146018538439013,0.3102838351673753,0.35775534932003844,0.5497056735844611,0.05
4775,0.46545000000000003,False,0.0,0.2853,0.756,27.6,0.0,0.37522210698172304,0.17708229088199617,2.1844700063398412,0.5441102912473312,2.4312867134483818,1.1485476490434956,0.43553133172599934,0.39567470543418337,0.6977088165742156,0.8572074978045292,0.05
4776,0.5995,False,0.0,0.199,1.0,0.0,0.0,0.2658501132619121,0.01658683949852884,1.7293388099807168,0.0793592046127822,1.5073,0.014601712228365541,0.10134245623221878,0.0007808631316826873,2.512655470615468e-242,0.0,0.05
4777,0.6025,False,0.0,0.20500000000000002,1.0,0.0,0.0,0.2954450528372345,0.026113555101056823,1.7546060907039667,0.06268965022331534,1.5613000000000001,0.04963678071752843,0.1092264785532728,0.01930403224429091,8.142691939228706e-226,0.0,0.05
4778,0.43310000000000004,False,0.0,0.2557,0.7945,46.0,0.0,0.33514160106582613,0.12523394284213693,2.0406183815635845,0.3924977889216032,2.2410742448716197,1.0896811380587281,0.34721614714536975,0.28537242718261563,0.2774254718064372,0.5365007810342348,0.05
4779,0.4982499999999999,False,0.0,0.3367,0.8197999999999999,40.0,0.0,0.42530856352301843,0.11005048025816293,2.1442211901374244,0.3290105094496755,2.2231621003764306,1.0865534790826559,0.445319569338292,0.31766624026107165,0.44255127252826093,0.6790461841265385,0.05
4780,0.5995,False,0.0,0.199,1.0,0.0,0.0,0.2781458809475005,0.017363190209601094,1.700411403448794,0.03425677079467152,1.5697000003139998,0.08759229447306631,0.10316927093843142,0.002078994899930394,1.6738847772006618e-242,0.0,0.05
4781,0.5867,False,0.0,0.24769999999999998,0.9465,5.2,0.0,0.35768855158322044,0.11617135083280662,1.9093136476863095,0.4020813700000247,1.728268868954609,0.5666789342012671,0.22275909391131238,0.2792201222788964,0.17038909915054318,0.5111672974516296,0.05
4782,0.4795,False,0.0,0.2544,0.8646,40.0,0.0,0.35209770179108635,0.12150119826611523,1.942952696229434,0.289265624511743,2.1157381471349823,1.0839566222023773,0.3195849716518406,0.2950453921251985,0.3369376399590416,0.6740604246152273,0.05
4783,0.5617,False,0.0,0.20340000000000003,1.0,20.0,0.0,0.2858203345437765,0.08530591969272662,1.7822428526081127,0.13367087389975002,1.5708,0.09341819951165838,0.13059648105959812,0.09226010881541746,7.711743473662393e-181,0.0,0.05
4784,0.54365,False,0.0,0.1673,1.0,20.0,0.0,0.2535718741723213,0.11167981459408133,1.6924540381172704,0.06303798898051824,1.5633,0.06461896006591256,0.09789600240047489,0.022318748701272515,3.572192159467457e-237,0.0,0.05
4785,0.5708,False,0.0,0.18160000000000004,1.0,10.0,0.0,0.2663795636057908,0.08096320881141171,1.7126099067959344,0.05802288886074491,1.5731000002068778,0.06253391093246008,0.0965789346251385,0.015992492717245278,1.4894085930610485e-242,0.0,0.05
4786,0.5076,False,0.0,0.2732,0.742,0.0,0.0,0.3650151514526995,0.10662326698859058,2.121472502972749,0.41015378762897836,2.561473684971671,1.2464226539210852,0.41048509009041556,0.3790769155816771,0.6037997463435559,0.8203319184028781,0.05
4787,0.57085,False,0.0,0.18170000000000003,1.0,10.0,0.0,0.2618984523173974,0.07245753029657996,1.7345171409944615,0.05664919748799398,1.5526000000000002,0.074112347149446,0.0969396699592379,0.016073996824907233,2.145465251220485e-242,0.0,0.05
4788,0.45115000000000005,False,0.0,0.2931,0.7306,30.35,0.0,0.39053577050850735,0.10043361371231777,2.163700291388453,0.4251111106483231,2.662319185451686,1.3913697995165162,0.452006801739491,0.3490980021266862,0.6690854362027148,0.8363538841460514,0.05
4789,0.5221,False,0.0,0.2324,0.8646,13.2,0.0,0.32092678654820234,0.054346179682909966,1.936053570829742,0.34924576006263375,1.9935241261823886,0.7807990743443876,0.23338241773158147,0.25910517250325504,0.35582142052672644,0.7173116543446761,0.05
4790,0.4941,False,0.0,0.2363,0.7919,10.0,0.0,0.3054852757317857,0.04597026980459435,1.9524552204133048,0.358881924434885,2.2281944203337365,1.072430023665257,0.3163616010095437,0.3270584092598009,0.44298441816359785,0.6976479619456954,0.05
4791,0.52525,False,0.0,0.253,0.7975,0.0,0.0,0.32614424011646637,0.05476775345303549,2.0004636684641857,0.354507470218009,2.2735151576573456,1.1799447968498646,0.32331857161336897,0.32700348502198273,0.5398103068478097,0.8297594072593663,0.05
4792,0.5035,False,0.0,0.20700000000000002,0.8576,14.4,0.0,0.29178299670494573,0.09837407222637493,1.8398973327328023,0.26837385395407404,2.214330361059982,1.3600938166431342,0.23282273338528164,0.27049827777179747,0.3666577652993088,0.7383681565742721,0.05
4793,0.5418999999999999,False,0.0,0.1955,0.9282999999999999,10.0,0.0,0.2768385608670414,0.07334993782081482,1.7640251733743444,0.1824013389251704,1.9397852882189923,0.8755830062003152,0.17674227781361537,0.20146998686963627,0.21885190440474087,0.47813102336570773,0.05
4794,0.5135000000000001,False,0.0,0.147,1.0,30.0,0.0,0.2108339179035698,0.11177119301010445,1.6941668205345763,0.07327194102450521,1.5638007697211374,0.07099279714932853,0.08712606171780037,0.02488529267912402,1.6179207692783431e-242,0.0,0.05
4795,0.4870999999999999,False,0.0,0.19640000000000002,0.9378,40.0,0.0,0.2824717120412871,0.13585420013038504,1.854133270945752,0.35113631814370555,2.0117660597787905,1.3726979873707437,0.19740862909667053,0.25185217399686044,0.19999939311212386,0.5999981793363717,0.05
4796,0.5423,False,0.0,0.16460000000000002,1.0,20.0,0.0,0.2360240884056118,0.09894398905767499,1.7427684287719738,0.08613208645520394,1.5834777777777782,0.08233082992145548,0.09222560964388019,0.021198557484161572,0.01020000000000043,0.030600000000001286,0.05
4797,0.5207499999999999,False,0.0,0.23999999999999994,0.8815,20.0,0.0,0.32918839421283336,0.11695172888104757,1.9642449877556054,0.43526017974845665,1.9252557094098328,0.7584796962058044,0.26218919241066746,0.31094404223481886,0.34038139908797593,0.6863424216716312,0.05
4798,0.57985,False,0.0,0.23969999999999997,1.0,20.0,0.0,0.36739230109922605,0.09043145852440265,1.810300477006379,0.19456888520941795,1.7082111168179939,0.27401249917452875,0.17745248425369373,0.12176803696791108,0.09590000000000176,0.2034150682717518,0.05
4799,0.5619,False,0.0,0.2727,0.8911,10.0,0.0,0.3835885506321822,0.14902324718183038,2.00754401432203,0.45883963029287494,1.982137844008139,0.8303202516699436,0.2893302851829084,0.3317220843758587,0.350016386122805,0.7004885855144264,0.05
4800,0.4222,False,0.0,0.3036,0.744,50.8,0.0,0.3792980694615653,0.1478894452691994,2.250509828308199,0.47075571735293503,2.476463827026386,1.1910370131248265,0.46899519502436327,0.334359598965301,0.5259384788678181,0.7190720722283087,0.05
4801,0.5708,False,0.0,0.18160000000000004,1.0,10.0,0.0,0.277071243895383,0.07654229043762972,1.7120265086017716,0.06401638085428389,1.5627,0.059751234296874546,0.0977476079793217,0.01638600768593744,1.3322343386828485e-242,0.0,0.05
4802,0.5708,False,0.0,0.18160000000000004,1.0,10.0,0.0,0.2613075929588953,0.08042219256995055,1.7219745423080373,0.08866115675616625,1.5409000000000002,0.03164632680106807,0.09759288235384987,0.01674398617428274,8.037093471094998e-243,0.0,0.05
4803,0.40535000000000004,False,0.0,0.3133,0.6574000000000001,40.0,0.0,0.379116929693846,0.07559797132133884,2.21333343716421,0.40846925429939046,2.7959175526872135,1.2761762509127923,0.5086139601236012,0.3280516973687779,0.8443516606824464,0.8534306678064829,0.05
4804,0.5116,False,0.0,0.2017,0.9303000000000001,27.2,0.0,0.27991122755347114,0.10051396133375132,1.808357354583141,0.2576373637328389,1.7447277440563194,0.5852646831599848,0.1706509526332159,0.18658780522550308,0.17758618466964896,0.5327585540089469,0.05
4805,0.5712,False,0.0,0.18240000000000003,1.0,10.0,0.0,0.2534408847590535,0.06866814274681125,1.7455383216046996,0.06063119764733457,1.5775000000000001,0.0738610181354143,0.0971195363743601,0.014761855852626715,2.3029114223781718e-242,0.0,0.05
4806,0.5564500000000001,False,0.0,0.257,0.8687000000000001,3.2,0.0,0.36646794828616025,0.0844021766987548,1.9515694511390471,0.3850008720160048,2.150227688589785,0.942117955256121,0.30569394688449447,0.32957335274908295,0.4462086475526229,0.7328835704470382,0.05
4807,0.55675,False,0.0,0.1935,1.0,20.0,0.0,0.28982499176508447,0.09389625449612851,1.7474495506077126,0.06502386304850916,1.5356999999999998,0.060536022333813756,0.11715813503354189,0.04572233845948728,1.133138860690831e-219,0.0,0.05
4808,0.5494,False,0.0,0.2028,0.9359999999999999,10.0,0.0,0.2623509043462442,0.07496305808543019,1.8210343440871213,0.3001900009620922,1.7930896035910187,0.6923051875521989,0.17153281262837097,0.22626947107813086,0.14950431936585826,0.4485129580975748,0.05
4809,0.5398999999999999,False,0.0,0.2303,0.9295,20.0,0.0,0.3506994100858919,0.04953245684498944,1.8604551680156323,0.2301931891663802,1.7749177319290943,0.7346906024989933,0.20333101098760373,0.1961315972899192,0.05,0.15000000000000002,0.05
4810,0.5713,False,0.0,0.1826,1.0,10.0,0.0,0.2531926784191455,0.07003357000525495,1.737536561239666,0.07053718201411466,1.5898777777777788,0.08969467344522104,0.10035339408476782,0.014355646595492336,0.020100000000000708,0.06030000000000213,0.05
4811,0.4826500000000001,False,0.0,0.25279999999999997,0.8725000000000002,40.0,0.0,0.3486869830207819,0.12352494291159406,1.9857836589294304,0.3349599257206791,2.049134187330718,0.9521022928055635,0.3009485002253661,0.2853087703361319,0.2698666480049675,0.5747856698673639,0.05
4812,0.4690500000000001,False,0.0,0.25860000000000005,0.8795,50.0,0.0,0.36327416612729774,0.1673608484096445,1.9971948347545667,0.403115530887381,1.9778096434415002,0.8461181471241712,0.2982493257046547,0.30591766084276745,0.24278927822361873,0.5811457858055008,0.05
4813,0.5602999999999999,False,0.0,0.242,0.9362,14.4,0.0,0.3403449725123246,0.08930275010606738,1.8782013748571338,0.27545486121040763,1.8132424559568943,0.7035826209019941,0.22227303541394802,0.23756808072345606,0.16946979592287864,0.5084093877686359,0.05
4814,0.5289999999999999,False,0.0,0.26359999999999995,0.8744,20.0,0.0,0.3510123768931156,0.1484163828111136,2.0083624539053004,0.3747307136049403,2.064291511081547,0.9045436779237571,0.3218354927237788,0.3183616899517832,0.3920581777482137,0.7843347997476701,0.05
4815,0.42205000000000004,False,0.0,0.2529,0.7988000000000001,51.9,0.0,0.3228444889730958,0.1498391717968593,2.007652739829333,0.40857825709929896,2.2860172579816584,1.1598155660927896,0.375311044897656,0.3359014034782602,0.44170019169619296,0.772826731819255,0.05
4816,0.5995,False,0.0,0.199,1.0,0.0,0.0,0.2862580926278394,0.012842633501500842,1.7316210788484523,0.025555257948097498,1.5389,0.05493896613515761,0.10231588835845047,0.0014829044899501839,2.4811579000497524e-242,0.0,0.05
4817,0.5594,False,0.0,0.22959999999999997,0.9292,10.0,0.0,0.31820871229352204,0.04242711338652051,1.8429801221399806,0.237497205335192,1.7665240301625595,0.670900243180545,0.19520359445233085,0.19954040503969706,0.1807250698657639,0.5421752095972916,0.05
4818,0.5708,False,0.0,0.18160000000000004,1.0,10.0,0.0,0.2704521374394987,0.08101195400390902,1.6940462865766008,0.050268361754319806,1.5356000000217853,0.045442711169657264,0.09933088255594771,0.01662883646638558,2.2897955045226217e-242,0.0,0.05
4819,0.52295,False,0.0,0.186,0.9399000000000001,20.0,0.0,0.2796788591420955,0.1467056562715553,1.839568382450714,0.3152553029325587,1.6638111112455942,0.36385270102458045,0.17512629839343435,0.23610734875997696,0.0798000000129619,0.23940000003888567,0.05
4820,0.5199,False,0.0,0.2542,0.8608,18.8,0.0,0.3432448656206154,0.07761208140989309,1.975586557170103,0.2949370763183462,1.8715761605611276,0.6272313863457074,0.2702532216558341,0.26634196440946606,0.3192615019808881,0.638622431827638,0.05
4821,0.43984999999999996,False,0.0,0.2754,0.7275,30.8,0.0,0.35359331128034416,0.12158565773176974,2.1366783667715414,0.37757472725952806,2.5797950438444697,1.2082951544674805,0.43065479179920496,0.3154124148828135,0.4941539014203581,0.7632927497057863,0.05
4822,0.52675,False,0.0,0.22149999999999997,0.8720000000000001,10.0,0.0,0.3230390147350225,0.15612204396889584,1.9160591078649905,0.3780811931533446,1.9722988836541782,0.7982981649781823,0.25974112334220134,0.329765125887739,0.3441168592479033,0.6902324421536719,0.05
4823,0.5708,False,0.0,0.18160000000000004,1.0,10.0,0.0,0.2530753257695822,0.06957286593924943,1.7180118312888577,0.06750166234084856,1.5640999999999998,0.06093677050845409,0.09742410113100697,0.016298660704046983,2.5706259150282026e-242,0.0,0.05
4824,0.5143,False,0.0,0.1781,0.9305,20.0,0.0,0.28058915580227417,0.1496397866229008,1.787561064121105,0.21918015790338818,1.775437066702978,0.7375765928628797,0.16855923141949639,0.22788336021865346,0.16320000002245938,0.486939174913681,0.05
4825,0.49229999999999996,False,0.0,0.22760000000000002,0.7969999999999999,10.0,0.0,0.29155323258835386,0.11176762092729299,1.9876300943020997,0.43340868123844306,2.311232026082002,1.2282676073393244,0.321243570772222,0.3475942244038668,0.5274722105203519,0.8088054437300476,0.05
4826,0.53275,False,0.0,0.28589999999999993,0.8228,10.8,0.0,0.38838019764298437,0.1420238514515893,2.1094812418612716,0.505889441408067,2.2532165027493773,1.1602180023461506,0.3847360094839335,0.3921694252801828,0.5559288101842954,0.8533962424266922,0.05
4827,0.4856,False,0.0,0.1312,1.0,40.0,0.0,0.2014616565731572,0.12365255734606885,1.6778863515267335,0.0762437150356973,1.5742,0.08145526379553385,0.08330910232896237,0.024729999878131233,5.486846053049313e-243,0.0,0.05
4828,0.4955,False,0.0,0.2391,0.8718999999999999,30.0,0.0,0.3279586221792502,0.11667906989175705,1.9436642228347707,0.3997677262581587,1.9646867555579017,0.9307094686261336,0.27304324801279056,0.30525136761537397,0.2653662384901977,0.5379827746183715,0.05
4829,0.5155000000000001,False,0.0,0.15100000000000002,1.0,30.0,0.0,0.22323978082720938,0.1228481634911807,1.7106534261682882,0.08327338237392325,1.530813368065821,0.031547758288364,0.09131787670696875,0.028629524820403505,4.966632460438284e-237,0.0,0.05
4830,0.5995,False,0.0,0.199,1.0,0.0,0.0,0.2835455583688459,0.012846673042441597,1.7085058173476284,0.04025315498150501,1.5518,0.06689364693302348,0.10212157500277219,0.0010415660052208535,2.8142781510465217e-242,0.0,0.05
4831,0.46214999999999995,False,0.0,0.25339999999999996,0.8021,32.8,0.0,0.3310292856827156,0.13075283902571574,2.029682955649121,0.380334954490896,2.061650211748074,0.7721162881215586,0.3405070643641897,0.32906394228933783,0.4719229078820746,0.72220775617842,0.05
4832,0.4443499999999999,False,0.0,0.3097,0.819,60.0,0.0,0.3928484795765786,0.1555676876506775,2.126452040586197,0.3863001364254849,2.0733111990475965,0.7649751088518476,0.43144354420876335,0.33092432989637227,0.42272619785139093,0.6913171184158532,0.05
4833,0.5995,False,0.0,0.199,1.0,0.0,0.0,0.27960839509998786,0.014060175044978527,1.7438130055209808,0.05659312498133175,1.52,0.0321278695216474,0.1016882030366957,0.0011522393123197972,2.221706909647867e-242,0.0,0.05
4834,0.55745,False,0.0,0.1949,1.0,20.0,0.0,0.27574345305512293,0.12818669425332624,1.768406221583522,0.1794122485735732,1.5805666666666671,0.07297001667351745,0.13571316329739336,0.0913811829369407,0.010400000000000433,0.031200000000001296,0.05
4835,0.55815,False,0.0,0.24499999999999997,0.8713000000000001,0.0,0.0,0.3635791577315109,0.087452051819689,1.8929231282351888,0.33517023650147054,1.9222860050001356,0.6748603577247935,0.25771965201705843,0.2968862605424747,0.3297004003132656,0.6408192411941136,0.05
4836,0.43545,False,0.0,0.2592,0.7365,31.2,0.0,0.35170365327536907,0.13953506145692435,2.067498785970311,0.40591603483925304,2.6492482343061434,1.4968035772252886,0.4277235346593371,0.37836941433240007,0.7362261733520199,0.9134429449926327,0.05
4837,0.45670000000000005,False,0.0,0.21080000000000002,0.8626000000000001,40.0,0.0,0.2772272383292007,0.13052777750967914,1.9108101630493874,0.3729783215196295,2.107153243654831,1.0846567681081802,0.25878730847256326,0.2868270598568244,0.3822585771170196,0.7646569166674891,0.05
4838,0.5155000000000001,False,0.0,0.18070000000000003,0.9303000000000001,20.0,0.0,0.2627634844473144,0.11721425110553432,1.8120900114749925,0.285536756712651,1.7836770098313526,0.766103306407652,0.1544038903103207,0.18178909681543426,0.05,0.15000000000000002,0.05
4839,0.47605,False,0.0,0.2688,0.7319,12.15,0.0,0.37520477287044957,0.14147151610665976,2.1007317515684845,0.4253234374612023,2.4307010758869847,1.1525595333094723,0.3869463615484231,0.3366691721810263,0.613428976775513,0.838507162978653,0.05
4840,0.5995,False,0.0,0.199,1.0,0.0,0.0,0.2751477901962229,0.013682134084000968,1.7081979889778451,0.024672369864106793,1.5876,0.07900911339839221,0.10312482562946394,0.0019467450886814291,1.5718228688301892e-242,0.0,0.05
4841,0.5995,False,0.0,0.199,1.0,0.0,0.0,0.2848554602590247,0.019255840372061343,1.7505099999839395,0.069851374119895,1.650855555555557,0.28267568578378943,0.11397528756029111,0.03313805579522188,0.06640000000000101,0.19920000000000304,0.05
4842,0.5709,False,0.0,0.18180000000000002,1.0,10.0,0.0,0.2515199363066781,0.0688371892980516,1.7569630293002354,0.058323048688398355,1.5767758680557473,0.08130527840613795,0.09862385223976927,0.01740616892465164,2.7032085803967327e-242,0.0,0.05
4843,0.5899500000000001,False,0.0,0.205,0.9749000000000001,0.0,0.0,0.29295617483385833,0.021152296262191395,1.7633781363030636,0.09105021873978417,1.6426555555555566,0.33726310369074425,0.1317561299472387,0.07304561723829547,0.07990000000000087,0.2397000000000026,0.05
4844,0.58205,False,0.0,0.2041,1.0,10.0,0.0,0.3002951201654192,0.03890536209341714,1.7440965354505658,0.04384401358783164,1.603066666666668,0.24209400378090443,0.12130921709399592,0.03565596647164982,0.05720000000000093,0.17160000000000275,0.05
4845,0.55435,False,0.0,0.2562,0.8701000000000001,4.4,0.0,0.3773944338733724,0.14045387016716998,1.9234700802299127,0.27215151320345843,1.879043785010825,0.6730287086860731,0.28760987228262536,0.30207028341790426,0.3312571574743308,0.662891999782939,0.05
4846,0.5986,False,0.0,0.199,1.0,0.45,0.0,0.2901604508130754,0.04187118676863224,1.7451507912693096,0.08208235940584918,1.5576,0.04711305551543018,0.10888414472067084,0.02078751586430488,2.3670277398526726e-242,0.0,0.05
4847,0.42954999999999993,False,0.0,0.22899999999999995,0.8713,60.3,0.0,0.2967828624941869,0.13779606983614548,1.9829123574897314,0.40590162157599935,1.9835480415667373,0.8474850554961132,0.29308697418185103,0.31008689685552315,0.282603597505933,0.5880608689677023,0.05
4848,0.53185,False,0.0,0.1789,1.0,28.8,0.0,0.24512964028340073,0.11709420611015965,1.731592472001751,0.11854881202978118,1.5251,0.038344360732707486,0.11600072967527764,0.07663200061304987,2.0902720726206288e-200,0.0,0.05
4849,0.57375,False,0.0,0.18750000000000003,1.0,10.0,0.0,0.28507205054262474,0.08119287999091873,1.7566904351985833,0.06333106084073022,1.5532000000005162,0.055092286212251845,0.10230326744708913,0.021428185430994735,2.844518710398425e-231,0.0,0.05
4850,0.5419999999999999,False,0.0,0.164,1.0,20.0,0.0,0.25416372466632564,0.11250932526691429,1.701436969185814,0.06504385328141,1.5499,0.05002689276779042,0.09428792622998278,0.023050165842574608,9.83437109119716e-243,0.0,0.05
4851,0.41409999999999997,False,0.0,0.3157,0.7253000000000001,53.2,0.0,0.4501707331097175,0.11227542365930399,2.160569649431553,0.34615206692633027,2.4796715894619745,1.1675501368559498,0.4855575017186976,0.3179424681429963,0.7837330132111281,0.9611342075760173,0.05
4852,0.4174,False,0.0,0.19240000000000002,0.8824,60.0,0.0,0.28492688695091817,0.16500255749588724,1.858745961827531,0.26144599021563913,1.9066218198359732,0.7971622415438384,0.24682683715252446,0.23813379465474832,0.24380016203980787,0.522526757359004,0.05
4853,0.5995,False,0.0,0.199,1.0,0.0,0.0,0.28866873637705315,0.01522563927493958,1.7055458352673998,0.03183221154647433,1.5196999999999998,0.028181731671421472,0.10250230252316797,0.0015823840179394208,1.5096829427715967e-242,0.0,0.05
4854,0.57175,False,0.0,0.18350000000000002,1.0,10.0,0.0,0.26099167111956534,0.08087117549126761,1.7295515858883708,0.05291378926582166,1.5301222222222222,0.036725725164915256,0.09868661961977503,0.01739847741180817,2.2473024837689009e-237,0.0,0.05
4855,0.48535000000000006,False,0.0,0.2819,0.8888,50.0,0.0,0.37441433561206827,0.16818746609307367,2.020472380938111,0.3880960400339884,2.0047287979194093,0.9463230539594261,0.3532283604499235,0.3546283270725289,0.34203387846475064,0.6841125158905218,0.05
4856,0.5566,False,0.0,0.1932,1.0,20.0,0.0,0.2918672154425389,0.06975876684980672,1.7648047379757397,0.08368356624697759,1.5870555563158475,0.08110997367397652,0.11728679218904108,0.050133392208587216,0.008800000000000408,0.026400000000001228,0.05
4857,0.4839,False,0.0,0.257,0.8036,23.2,0.0,0.37284275224115854,0.15837762620928458,2.021761573003121,0.4005576961709978,2.2288200567740275,1.0484038840035093,0.3887071134597774,0.35850018610748763,0.5377999988177153,0.8255001856687093,0.05
4858,0.49590000000000006,False,0.0,0.2391,0.8727,30.0,0.0,0.31446965816732797,0.10290928504684306,1.937788130062313,0.33428704791040476,1.9390533395660128,0.6619279830407598,0.26366807407563386,0.2835637361475784,0.336882063331495,0.6749209974610595,0.05
4859,0.53845,False,0.0,0.233,0.8615,4.4,0.0,0.3176854424335372,0.05462258658182163,1.890974786120894,0.28884536228646357,1.9528020252184084,0.7614580316722824,0.2416650967464299,0.2680479314358356,0.3481940558881237,0.7013836714168915,0.05
4860,0.47364999999999996,False,0.0,0.2506,0.8707,43.5,0.0,0.3290912159024423,0.17182430026412773,1.9537457367216635,0.35880511828662603,1.9907251449219991,0.9271905947826136,0.30109144724427,0.285282741138907,0.2354976905942317,0.5600310436776845,0.05
4861,0.5431999999999999,False,0.0,0.23619999999999997,0.9301999999999999,20.0,0.0,0.31373935429383776,0.055071452083420055,1.8518356744323667,0.2030740773594718,1.834517687970926,0.8969581121254343,0.21692171168614321,0.22173345966119862,0.20001768797092598,0.600053063912778,0.05
4862,0.5995,False,0.0,0.199,1.0,0.0,0.0,0.2872959082032495,0.016157831421662994,1.732993190190281,0.04021312590093094,1.5474,0.06798999926459773,0.10432744181743696,0.005830877668308241,3.3905872496965575e-242,0.0,0.05
4863,0.5206500000000001,False,0.0,0.23049999999999998,0.9308,30.0,0.0,0.2959746937591905,0.1054629992625096,1.8661015225396906,0.2142983213387978,1.8294659168912915,0.8574946716207187,0.22703550470042355,0.22315730983394375,0.1539000000745609,0.4617000002236827,0.05
4864,0.5560499999999999,False,0.0,0.2513,0.9408,20.0,0.0,0.34714751249905074,0.1217183521334451,1.9146824742944777,0.32380294830335943,1.7377304819707227,0.5320929172411305,0.22249425336500056,0.23808233525574085,0.16090359604237575,0.4611308169020128,0.05
4865,0.59195,False,0.0,0.2239,1.0,10.0,0.0,0.3158401251309298,0.04213940325889786,1.7690174568855899,0.15888475004836228,1.5817675347222229,0.07820570879882156,0.1381851416957696,0.07181826339441737,0.0023000000000004094,0.006900000000001227,0.05
4866,0.5995,False,0.0,0.199,1.0,0.0,0.0,0.28890723576860805,0.014675239056550346,1.7194179255507056,0.03685403640821831,1.5457003255208337,0.03513406301249776,0.103842743359233,0.005360677329595412,0.0026000000000003212,0.007800000000000964,0.05
4867,0.5394,False,0.0,0.1955,0.9297000000000001,11.6,0.0,0.2807010768645732,0.08302435021559423,1.8081767178371373,0.2922622200814483,1.8069273483841488,0.6634182913979022,0.16101721657684936,0.18681190290836505,0.17061289709610844,0.503889498639465,0.05
4868,0.5099,False,0.0,0.2612,0.7986,10.0,0.0,0.38398645843855655,0.1271312580759017,1.99415795068904,0.3066485751663185,2.209037959276174,0.9875823945124629,0.361253307650329,0.34955198331839243,0.525243618216808,0.8055359371671873,0.05
4869,0.4699,False,0.0,0.2907,0.8099000000000001,40.2,0.0,0.390064688643905,0.10946014366236259,2.1567424431131585,0.4759366939026691,2.454759391098097,1.4831498107010974,0.4080314914619647,0.36862704435346555,0.6140541481805842,0.938479274742911,0.05
4870,0.5995,False,0.0,0.199,1.0,0.0,0.0,0.2689778583387665,0.014003208715393244,1.7345354380536993,0.06554233238896726,1.5707000000000233,0.05426978901748508,0.10796111075220019,0.01898273534410597,2.0208099074673618e-242,0.0,0.05
4871,0.56945,False,0.0,0.18150000000000002,1.0,10.65,0.0,0.2770493891406596,0.08939539059590033,1.7454606736214313,0.09153642649794728,1.5504,0.061738480706930284,0.10235198112519772,0.02259898273393903,2.912418066096795e-242,0.0,0.05
4872,0.4533,False,0.0,0.3253,0.7233,35.5,0.0,0.3947219500671785,0.06992374327613873,2.1760969451068886,0.3727083460159232,2.5655850596268137,1.2618375884159376,0.4966393958209735,0.3161983203600174,0.6741689091738173,0.8318466071596636,0.05
4873,0.5995,False,0.0,0.199,1.0,0.0,0.0,0.2883131391318486,0.012830974758777567,1.7504922729125894,0.05739440090481706,1.5561,0.05666824507605647,0.10241381381115604,0.0007656002609280297,2.6917330546940245e-242,0.0,0.05
4874,0.54225,False,0.0,0.1645,1.0,20.0,0.0,0.23503524746046806,0.1007922555864763,1.7297099419687534,0.07247113421587104,1.551677870008681,0.044507665063733756,0.09210402704853024,0.021136665179280388,0.0030000000000003123,0.009000000000000938,0.05
4875,0.5995,False,0.0,0.199,1.0,0.0,0.0,0.28322056960641395,0.013884786809029529,1.7191581696777605,0.043260421081434276,1.5740000000573484,0.0812736120108516,0.102643084245242,0.0012722647292374768,1.7670062534607285e-242,0.0,0.05
4876,0.47364999999999996,False,0.0,0.2732,0.7941,30.0,0.0,0.40340026795813505,0.09609057208222613,2.019048245706094,0.3162623286390569,2.1371614799983196,0.8200508394134142,0.3658093499014932,0.2961509988440997,0.49736167773910533,0.7612636113635632,0.05
4877,0.4511,False,0.0,0.28969999999999996,0.7325,30.0,0.0,0.3919027290408729,0.08760478464864382,2.084208623764924,0.3604072672554798,2.4182150965215046,1.1123255242915482,0.43013302101329576,0.326235639071523,0.7331809371969349,0.9137790797623903,0.05
4878,0.52755,False,0.0,0.29849999999999993,0.8766,30.0,0.0,0.39915240456657736,0.09324038561422451,2.1235043072930186,0.46271006970592027,1.9043037903125684,0.6802939067160798,0.3746385323771487,0.3483910804919262,0.28784896544669164,0.5986026114460985,0.05
4879,0.5711499999999999,False,0.0,0.21300000000000002,0.9292999999999999,0.0,0.0,0.3013112009540326,0.03320426631143519,1.8023357741415282,0.23655921911070807,1.9690747808602012,1.14472063935189,0.17039617842418753,0.19779845644358576,0.2164283103481357,0.6492849310444071,0.05
4880,0.4894,False,0.0,0.2627,0.7961,20.0,0.0,0.3694967463104237,0.1188046194722427,2.006041023782803,0.3239355956017745,2.4803504681033486,1.5655784401143626,0.34767452928518194,0.31881388826091916,0.5373079644709386,0.825595128166345,0.05
4881,0.47564999999999996,False,0.0,0.2658,0.7975,28.0,0.0,0.36565687609841085,0.06423151886159416,2.1583620408316366,0.41730927997502354,2.5990836277262166,1.6824235182292555,0.3990116803722742,0.34241166305278714,0.5788397612752734,0.8852749036422062,0.05
4882,0.52795,False,0.0,0.23529999999999998,0.8606,10.0,0.0,0.3283242871884259,0.0598087266096533,1.9148689819510296,0.24278980955926127,2.049480951631156,1.1117012237162311,0.26171411555263463,0.27874959335882926,0.31869268623591296,0.6387041235220424,0.05
4883,0.49229999999999996,False,0.0,0.24359999999999998,0.9282,46.8,0.0,0.33278134098235684,0.10834063680430807,1.9304906482672248,0.2500759644757756,1.8164696533024085,0.6177218036104627,0.24239470867039709,0.2198522587092787,0.15071424137629744,0.4521427241288923,0.05
4884,0.5709,False,0.0,0.18180000000000002,1.0,10.0,0.0,0.2576932029002049,0.07627333159961765,1.7522898976254837,0.06639706949583782,1.5546000000000002,0.08319639415263143,0.09896322387386566,0.016330772858099807,2.2596748196761025e-242,0.0,0.05
4885,0.50255,False,0.0,0.259,0.8661,30.0,0.0,0.32582243417181267,0.1324680336994472,1.9898738104726807,0.3736865577362283,2.057944808769461,1.0537834002195314,0.30162169195270644,0.29015657170045467,0.36019952402604627,0.728116340024308,0.05
4886,0.53055,False,0.0,0.2879,0.8131999999999999,10.0,0.0,0.3899646836593151,0.15566911724809854,2.0986104628599156,0.46893173683474887,2.4135868678724957,1.3385517019888884,0.38553909356252614,0.3640242204502141,0.5182273701831879,0.7857454132526931,0.05
4887,0.43324999999999997,False,0.0,0.22810000000000002,0.7984,40.0,0.0,0.30383937682377193,0.13435638740830244,2.0266891574267967,0.42599801246252045,2.183651022020963,0.9505787295891355,0.31470044352159776,0.3064154583411847,0.5582955206242675,0.8553551261400272,0.05
4888,0.51755,False,0.0,0.25989999999999996,0.8664,22.8,0.0,0.3422908450793704,0.05434741773582885,1.9853242044393908,0.34801781299360784,1.9943307207797485,0.8747154340380228,0.2657893523351482,0.23651606092598873,0.3674549965016589,0.7427891677318321,0.05
4889,0.41735,False,0.0,0.2399,0.7948000000000001,50.0,0.0,0.28893309217733487,0.13550476284436958,2.0252955736625298,0.38903769409963374,2.310408979418294,1.148834455844882,0.34781648262841997,0.31790228522007563,0.5805217150732389,0.8919710090700257,0.05
4890,0.5440499999999999,False,0.0,0.23819999999999997,0.9299,20.0,0.0,0.3438918003816586,0.05470241486893167,1.8801002131135305,0.2603689956247833,1.7626150337456057,0.5716108108963941,0.19796419038633264,0.17552717801454917,0.18710330641880188,0.5613099192564056,0.05
4891,0.49294999999999994,False,0.0,0.2419,0.8096,16.4,0.0,0.3372933809549873,0.14707728479290333,2.0073119364975964,0.4812989226456589,2.3619709429209985,1.3517377505468253,0.3381788940913546,0.37276727961951406,0.37786731407234075,0.6285869435638594,0.05
4892,0.45439999999999997,False,0.0,0.3139,0.6748999999999999,20.0,0.0,0.38940551604371454,0.07007418932968563,2.191357220155541,0.36544097545859594,2.9181363485858673,1.5456146580669683,0.50691731528632,0.3598168430889792,0.8023214801378652,0.8417798175580408,0.05
4893,0.57285,False,0.0,0.18570000000000003,1.0,10.0,0.0,0.2836527187347434,0.08018306271788934,1.7077769801682632,0.04984154202082418,1.6001014811007515,0.10688629863980828,0.10700922462606521,0.025050060228043517,3.2071751571911253e-237,0.0,0.05
4894,0.5971,False,0.0,0.199,0.9952,0.0,0.0,0.3152832365651649,0.05057152627673351,1.762870262104681,0.11874737807943672,1.6715953144497355,0.33457921636939686,0.126418689237963,0.06637146987609172,0.07990000000000087,0.2397000000000026,0.05
4895,0.56265,False,0.0,0.2373,1.0,28.0,0.0,0.3405860816000955,0.12595159173039344,1.8484128485534768,0.20496582818781478,1.5355,0.044585311482594765,0.1794464721630495,0.1252890758168585,1.939100001426031e-158,5.8173000074645195e-158,0.05
4896,0.47145,False,0.0,0.22949999999999995,0.8013999999999999,22.0,0.0,0.30191870583855757,0.09802903572636117,1.948812482388113,0.3555389436646026,2.1007786230238397,0.9206525024072468,0.30902338439466953,0.3164221806583027,0.28220955496748273,0.49124829927330727,0.05
4897,0.4888500000000001,False,0.0,0.248,0.9297000000000001,50.0,0.0,0.32412145907294193,0.1056669256381467,1.8993412784491543,0.18453841681400965,1.8200768328693133,0.9177347677532341,0.2547768523949251,0.2289837968851133,0.18726903797350491,0.5558330215853057,0.05
4898,0.57195,False,0.0,0.1839,1.0,10.0,0.0,0.26037858990413904,0.07642847615111151,1.7211768730205734,0.054386825007561174,1.5478,0.05832975227103232,0.09896745529533049,0.016453067492180458,8.408698083026823e-238,0.0,0.05
4899,0.55995,False,0.0,0.19990000000000002,1.0,20.0,0.0,0.29537997599074733,0.09309256006464632,1.758098801620394,0.07032068146893514,1.5343000000000002,0.04368077380266974,0.12354334422667998,0.05572732512849345,7.604366157253008e-212,0.0,0.05
4900,0.5238,False,0.0,0.24339999999999998,0.889,21.2,0.0,0.3136540998148824,0.1233485718866317,1.9877625723086059,0.46804056825980417,1.9699929674218617,0.8310494318297111,0.2834817031580023,0.32688617605646786,0.3606011076823402,0.6793125184546135,0.05
4901,0.5588,False,0.0,0.23759999999999998,1.0,30.0,0.0,0.32273003022527974,0.17079417065787844,1.8636115432752167,0.2014977298875915,1.5351333333333341,0.0424777588862705,0.19305372624817532,0.1319365903838498,0.009200000000000414,0.02760000000000124,0.05
4902,0.53785,False,0.0,0.2225,0.93,19.2,0.0,0.3384670633254564,0.061565347197559545,1.8283217404014867,0.25863461707185703,1.7714578923832316,0.6314041696797141,0.1780628082796146,0.18438913728923262,0.15306453493456887,0.4591936048037065,0.05
4903,0.6025,False,0.0,0.20500000000000002,1.0,0.0,0.0,0.3054126140132816,0.04279573161290434,1.7636963109162866,0.04707622762228788,1.5503,0.05885414174040772,0.11020360716657014,0.01004813824189673,1.2136008900693344e-236,0.0,0.05
4904,0.57075,False,0.0,0.18150000000000002,1.0,10.0,0.0,0.258402603445938,0.07751755885645517,1.71126085113892,0.04010922182789035,1.5686,0.07010021397970198,0.09711591849191634,0.0164115549562252,2.4462789486365555e-242,0.0,0.05
4905,0.47835,False,0.0,0.1766,0.9400999999999999,40.0,0.0,0.2561298228071182,0.16895142007432323,1.8009033881992775,0.3287145930310458,1.81572715519049,0.7765901582992741,0.17883035313699086,0.25215364078140823,0.061,0.18299999999999997,0.05
4906,0.43104999999999993,False,0.0,0.3246,0.7311,48.4,0.0,0.40117386203519434,0.14762064483186663,2.161523352494642,0.3107416438283796,2.489924614324605,1.1653036262459537,0.5065208892778307,0.3034772634480519,0.6904479097834407,0.8470071799113519,0.05
4907,0.48800000000000004,False,0.0,0.1649,0.9311,30.0,0.0,0.2513260587369002,0.13838484691193034,1.7671885921638932,0.20538920050962856,1.8031174920647242,0.7760677305518627,0.17136388716033657,0.24154269635458667,0.1755174920647245,0.5265524761941736,0.05
4908,0.5452,False,0.0,0.19960000000000003,0.9308,10.0,0.0,0.28245528852617624,0.08646991536627321,1.807480941386472,0.21697750214420333,1.824129547266925,0.792374713692081,0.1704212560874116,0.2082711929251003,0.2125524473757922,0.6376573421273766,0.05
4909,0.56125,False,0.0,0.20250000000000004,1.0,20.0,0.0,0.2793438279085506,0.0768541554741155,1.7339894734497565,0.13226880635065077,1.5247000000000002,0.03262836189574952,0.12538879494531124,0.08289206009833744,5.883593345587446e-186,0.0,0.05
4910,0.47150000000000003,False,0.0,0.14300000000000002,1.0,50.0,0.0,0.20321772662923535,0.12114098037545216,1.7187395285931601,0.13210122219781842,1.5508000000000002,0.0678834294949806,0.09892296219669432,0.06252758854657688,8.165125967492269e-203,0.0,0.05
4911,0.5224500000000001,False,0.0,0.26399999999999996,0.8605,19.9,0.0,0.36498995279794444,0.05083565777895725,1.992762694301695,0.29403361271499434,2.1109621542116326,1.1301303582198698,0.2998541703162038,0.2564028462348702,0.39325166837660686,0.7865591808949177,0.05
4912,0.6005,False,0.0,0.201,1.0,0.0,0.0,0.3032638773440065,0.012087761521813395,1.7205746742273846,0.04851027774799952,1.5469,0.03629448993993441,0.1068008471926551,0.003951248055875509,4.8081480458180795e-237,0.0,0.05
4913,0.5735,False,0.0,0.21700000000000003,0.93,0.0,0.0,0.3000640968906342,0.022733583319242003,1.8130497705552748,0.1995490868950926,1.8536439097780266,0.7132886592535351,0.16310981537863461,0.1732715301626652,0.1942161320002483,0.5793227345118045,0.05
4914,0.57375,False,0.0,0.18750000000000003,1.0,10.0,0.0,0.28261319692061326,0.0836287455608118,1.7270217586025918,0.0754734905806517,1.5657,0.07084214847109029,0.10407634291680287,0.025518124329624855,4.510130946322387e-225,0.0,0.05
4915,0.50895,False,0.0,0.2391,0.8588000000000001,20.0,0.0,0.3196930884590842,0.1123479981450185,1.9949989884021562,0.3416048921470347,1.919282422211961,0.8008523011205054,0.271824829343993,0.25576753398808083,0.358716180848471,0.7235755682159322,0.05
4916,0.57075,False,0.0,0.18150000000000002,1.0,10.0,0.0,0.25129647974274644,0.0687759692546003,1.708457826039563,0.060503967676610065,1.5567666668097184,0.0774090218906769,0.09669836474573032,0.016694466634237366,0.005000000000000356,0.015000000000001068,0.05
4917,0.5266000000000001,False,0.0,0.20330000000000004,0.9311,20.3,0.0,0.3237074154710574,0.1359748784986368,1.8156609422323495,0.20853216898986157,1.6530453281622985,0.33565653902624815,0.19760552270310058,0.22227812322493545,0.0799002004832873,0.23970060144986188,0.05
4918,0.5421,False,0.0,0.1642,1.0,20.0,0.0,0.24978220767223974,0.09962222923976742,1.6937251029749276,0.0615752670392071,1.5583888888888928,0.046720266837142414,0.09377943408105058,0.02237369279760191,0.008200000000000386,0.02460000000000116,0.05
4919,0.6015,False,0.0,0.203,1.0,0.0,0.0,0.2861485316447164,0.023171391121893883,1.7263624617042883,0.04058349018820554,1.5445,0.06811791247535413,0.10500241621055004,0.007069094229445473,3.585624048305023e-237,0.0,0.05
4920,0.4825,False,0.0,0.2721,0.7985,26.4,0.0,0.41098843180828715,0.09863814414378817,2.086549315899853,0.4027517638772667,2.216385710190777,1.0632883929297452,0.3940030199629166,0.34979250170459414,0.4681859880086619,0.7739022450179213,0.05
4921,0.44009999999999994,False,0.0,0.22209999999999996,0.8069,37.2,0.0,0.2826748868414385,0.1437136683617844,1.9670116180256048,0.43169127843645344,2.1962622378047127,0.9225427532781251,0.3036333991370857,0.3339895970349487,0.47675412496732983,0.7286254854767865,0.05
4922,0.5401,False,0.0,0.227,0.8596,1.6,0.0,0.31914261123527593,0.03849462030209991,1.9165208595040313,0.27674127046332964,2.0473221881229295,0.9637469162848924,0.24725228418897732,0.2676727575631099,0.3845504916751815,0.7720113224604283,0.05
4923,0.5425,False,0.0,0.1955,0.9295,10.0,0.0,0.25060867715726,0.06587304465991371,1.812780215631302,0.2750748881653988,1.715035915193226,0.5500080403277853,0.15770831385258305,0.1864462605812924,0.16315620807660267,0.489468624229808,0.05
4924,0.51105,False,0.0,0.23159999999999997,0.8609,17.6,0.0,0.3568337560372225,0.13933987742666454,1.9387993217397077,0.34111351133440293,2.049763485759502,0.9975263032748622,0.26325130226238613,0.2595281328095633,0.2198000000000583,0.5147896269352874,0.05
4925,0.5753999999999999,False,0.0,0.25599999999999995,0.9347999999999999,10.0,0.0,0.34051022758365235,0.08699623675211657,1.9262537620082454,0.28829393715623775,1.828314733389489,0.8399521906608575,0.24155928535573512,0.2559943719343153,0.20957824047192286,0.6287347214157686,0.05
4926,0.48695000000000005,False,0.0,0.16360000000000002,0.9303000000000001,30.0,0.0,0.25736379517038044,0.14165537552190044,1.7550403333924929,0.2613389648802111,1.803498631207462,0.7059612651783128,0.1534351478495213,0.19209199566076188,0.1791888062903539,0.5375664188710618,0.05
4927,0.4962999999999999,False,0.0,0.2111,0.9414999999999999,40.0,0.0,0.31245474993722844,0.16502243117818483,1.8496208440302044,0.3617533944049268,1.7070407408189365,0.41293681735629184,0.2174525734050156,0.2614184626566593,0.07990000002367667,0.2397000000710288,0.05
4928,0.5616,False,0.0,0.22410000000000002,0.9391,10.0,0.0,0.3203418059685838,0.05075315807224865,1.868771958800987,0.40530776590880213,1.789712360226116,0.6960332867137632,0.20401668724192284,0.28282658178038583,0.19999999856283332,0.5999999956884999,0.05
4929,0.5995,False,0.0,0.199,1.0,0.0,0.0,0.30456354024519616,0.026069394461110923,1.7234234476450112,0.04033325580562305,1.559300000000368,0.07003434871615093,0.10451862574255769,0.0025469043463784316,2.250598086141798e-242,0.0,0.05
4930,0.5995,False,0.0,0.199,1.0,0.0,0.0,0.2822246685629479,0.01029381126705807,1.7464398473627363,0.05997460068788975,1.6046,0.09320321882853619,0.10245358551276718,0.0010734780691397956,2.922939647670488e-242,0.0,0.05
4931,0.5995,False,0.0,0.199,1.0,0.0,0.0,0.2900457696621681,0.01436742811971037,1.7477535642116604,0.036353098425358665,1.5376,0.06613501341951934,0.10223955729197798,0.0011467967688586888,2.187273214026777e-242,0.0,0.05
4932,0.54115,False,0.0,0.1935,0.9288000000000001,10.0,0.0,0.2602759995513845,0.08113423434601781,1.8084017774135854,0.20467858937520658,1.8416526865512703,0.9245038048883474,0.16306221110030036,0.19987175159041856,0.16380217583362902,0.4914065275008871,0.05
4933,0.53765,False,0.0,0.2646,0.8907,20.0,0.0,0.39325114890820395,0.1871431099225068,1.9789918568051128,0.43559374033298465,2.207684734607704,1.2560360138158753,0.28237592418885304,0.3314461226660701,0.42991806794103715,0.8599347849758529,0.05
4934,0.41675000000000006,False,0.0,0.2386,0.7231000000000001,32.05,0.0,0.33055218728822844,0.12280599579544176,2.0195573235321835,0.3765128110338443,2.3761175295270376,1.0451755069837905,0.39142299603810915,0.3564340509405156,0.5698442203915635,0.7728528122967832,0.05
4935,0.492,False,0.0,0.23609999999999998,0.7879,10.0,0.0,0.32314011528664677,0.06304215287525669,1.9557374773252245,0.3274005883586356,2.3894131716184424,1.3884621788785256,0.30807302428088795,0.31310229060415207,0.5829608522782533,0.9065815603253823,0.05
4936,0.48839999999999995,False,0.0,0.26399999999999996,0.8583999999999999,36.4,0.0,0.3328821323386239,0.1231254842917514,1.9799642386373915,0.2976961401236338,1.9278822049681488,0.8140396548972134,0.29585327420026253,0.24490879821428282,0.34356319593211676,0.6906438737508244,0.05
4937,0.5523500000000001,False,0.0,0.2299,0.9404,16.4,0.0,0.3290483102881668,0.06432824874574102,1.8760539811309038,0.29926997990813986,1.8687950132461324,0.7476628566589234,0.18623857412672057,0.2118880342389233,0.05,0.15000000000000002,0.05
4938,0.5995,False,0.0,0.199,1.0,0.0,0.0,0.28121040463363733,0.01815133206901601,1.7396096265341772,0.052620616315990555,1.5213,0.0469596635422359,0.10234722766531482,0.001234814994081875,2.1503959734248323e-242,0.0,0.05
4939,0.55305,False,0.0,0.23699999999999996,0.8691000000000001,0.0,0.0,0.3363171158397033,0.13409132911722182,1.9229120472891634,0.35239873405986005,2.0011218743624952,0.9033416033459675,0.2555771205260276,0.3034901721857221,0.4200166314449822,0.842185285563139,0.05
4940,0.5995,False,0.0,0.199,1.0,0.0,0.0,0.2974421517142679,0.024742954471779825,1.7260082169875475,0.05439402187359388,1.5174555813259554,0.03958454108293904,0.10401035025526942,0.002128657157495876,0.0034000000000003324,0.010200000000000998,0.05
4941,0.5610999999999999,False,0.0,0.20220000000000002,1.0,20.0,0.0,0.2812943763016994,0.09264551414096124,1.7715573277588361,0.11994295543879124,1.5717,0.06164908758448905,0.12662321701020612,0.07997494230553946,7.354491697979865e-187,0.0,0.05
4942,0.57175,False,0.0,0.18350000000000002,1.0,10.0,0.0,0.2602851525225273,0.07047298834499044,1.7255194653246484,0.06559815746235212,1.5325,0.05195430684745973,0.0984449480356869,0.017585528476982797,3.284586130801678e-237,0.0,0.05
4943,0.54975,False,0.0,0.2022,0.9372999999999999,10.0,0.0,0.26871807059135466,0.07957931427914908,1.8198801489126495,0.2525560341036006,1.820438971464652,0.6998948871668018,0.1775026408429446,0.24334576100701139,0.15648411027619688,0.46945233082859067,0.05
4944,0.5004,False,0.0,0.29019999999999996,0.9506,60.0,0.0,0.4033747251370654,0.09695895100991014,1.9698428972358144,0.37525588287760303,1.777942807774425,0.631037004505159,0.27007719611934655,0.23796211962822428,0.19394280777442446,0.5818284233232734,0.05
4945,0.5025,False,0.0,0.24009999999999998,0.8593,23.6,0.0,0.30097040624362253,0.09419218217667187,1.9324947396994012,0.29971361185745515,2.000716561484302,0.8813535501503998,0.26151014267396366,0.2363134559072191,0.3277923358542039,0.6556395118597467,0.05
4946,0.5462999999999999,False,0.0,0.24359999999999998,0.9289999999999999,20.0,0.0,0.32498733924524204,0.1311175417374013,1.899255248437075,0.23126313719106728,1.776430066421052,0.7217591644172182,0.23043273894479926,0.19754766032257592,0.05,0.15000000000000002,0.05
4947,0.53375,False,0.0,0.23500000000000001,0.8724999999999999,10.0,0.0,0.3088612440817323,0.14333237338523527,1.9397257316145198,0.3461521808727058,2.001674589709711,0.8648636745819651,0.2669637338862364,0.30976746595044324,0.36226664612670795,0.7275231209561294,0.05
4948,0.47809999999999997,False,0.0,0.21990000000000004,0.9362999999999999,50.0,0.0,0.2911234576973355,0.12901133899696984,1.8660025886587832,0.33633809363603806,1.7906971667893152,0.7443360689806094,0.220770575638701,0.23863251963369958,0.17772525720513593,0.5331757716154077,0.05
4949,0.4855,False,0.0,0.24939999999999998,0.8016,20.0,0.0,0.3578976990147135,0.10519052112768097,1.9925542681995743,0.3831107461621725,2.3778536988370105,1.290646530140651,0.32165262252533644,0.33053327452746467,0.578357978186387,0.8845203628682883,0.05
4950,0.5995,False,0.0,0.199,1.0,0.0,0.0,0.28182869372350033,0.015651077524810254,1.7391684269503984,0.0745521889800062,1.5785000128780802,0.08481775163026714,0.10412563498001096,0.003991450854735145,3.019451022828465e-242,0.0,0.05
4951,0.47225,False,0.0,0.24290000000000003,0.8615999999999999,40.0,0.0,0.3064218459979128,0.10603490123420672,1.9220014563285197,0.2989109552209515,2.133373032931711,1.1866270662487772,0.282468362054978,0.2737065467800946,0.3592470146014417,0.7287205952261765,0.05
4952,0.5317,False,0.0,0.23729999999999998,0.8661,10.0,0.0,0.3393638073036266,0.10525087929769296,1.9264153852219195,0.3537519070159158,1.9955839713373031,0.8875546762273162,0.2885808201792467,0.3121543667263593,0.20790086607274344,0.48073284155695845,0.05
4953,0.55835,False,0.0,0.19670000000000004,1.0,20.0,0.0,0.2911533816578946,0.08449267308943696,1.7383169006634094,0.0653688162206924,1.5539,0.041331465011538136,0.11799957425102017,0.05022888085341679,7.426138822744959e-215,0.0,0.05
4954,0.6043,False,0.0,0.24860000000000002,1.0,10.0,0.0,0.3479435979750694,0.07347446747288994,1.852662570073819,0.22414373284868724,1.5579,0.07486714900408596,0.17510391317956236,0.11634443631835427,3.913942474136974e-177,0.0,0.05
4955,0.5995,False,0.0,0.199,1.0,0.0,0.0,0.2740809199463725,0.022318877664122265,1.7331528375182859,0.06250842635450331,1.5764000040797723,0.06242467673926162,0.10186788475304383,0.0008621045996140429,2.2905180058605638e-242,0.0,0.05
4956,0.53105,False,0.0,0.20820000000000002,0.9339000000000001,20.0,0.0,0.3096407224499366,0.1095258760124496,1.8438062709614473,0.2854081379886624,1.7143466516734116,0.43769647421874713,0.19864509814727763,0.2355467152534734,0.07990014287494504,0.2397004286248351,0.05
4957,0.5995,False,0.0,0.199,1.0,0.0,0.0,0.28065281892095334,0.017999074486188343,1.737299607593739,0.03280999960824032,1.5851000002072915,0.09778900747931642,0.10291942500279623,0.0018966586729737096,3.4489620574968628e-242,0.0,0.05
4958,0.48434999999999995,False,0.0,0.20539999999999997,0.8737,27.6,0.0,0.29034877973896056,0.14279696654880614,1.8934734400496918,0.390078890224769,2.0618708723941466,1.0317612115395787,0.2574604153247311,0.33134311438954467,0.32886562947637726,0.658571986799009,0.05
4959,0.5995,False,0.0,0.199,1.0,0.0,0.0,0.2952503250179591,0.008898938915023169,1.751204900141612,0.05944982985081286,1.5672000000000001,0.07501973073798658,0.10378878763813915,0.0021478613197820086,3.226041262976965e-242,0.0,0.05
4960,0.52145,False,0.0,0.24619999999999997,0.8638999999999999,16.8,0.0,0.36171034945507596,0.07884589346512787,1.935857439139512,0.30195280859664714,2.0206981379625875,0.9530753312489887,0.28412943835442933,0.2920582480007099,0.3590210105993358,0.7156655540381376,0.05
4961,0.5527,False,0.0,0.24429999999999996,0.9410999999999999,20.0,0.0,0.34207391633546014,0.0753881669046525,1.8712484233371474,0.29603820943768294,1.8141374682221822,0.6391641994585046,0.2212662793266876,0.2511763166173524,0.19523746822034874,0.5857124046610461,0.05
4962,0.5560999999999999,False,0.0,0.1922,1.0,20.0,0.0,0.28592458321120884,0.08697958588915879,1.7385835819148088,0.09666437307173997,1.593202064105703,0.07225827488790644,0.11703361507919348,0.050477525671078625,2.433397164142907e-210,0.0,0.05
4963,0.5422,False,0.0,0.16440000000000002,1.0,20.0,0.0,0.23361141238621097,0.09818299255792799,1.7052276767348924,0.07605079374573581,1.5324,0.04173535671346298,0.09208360876722846,0.02104265486742623,2.202843098396873e-242,0.0,0.05
4964,0.57275,False,0.0,0.18550000000000003,1.0,10.0,0.0,0.26890660315704584,0.08739144622439045,1.724123382555074,0.06102133168326024,1.5711,0.07217956774600412,0.10371802445572628,0.020891152956153698,5.607708033226095e-231,0.0,0.05
4965,0.51205,False,0.0,0.17840000000000003,0.9305,21.2,0.0,0.2568124799846464,0.1100921658944974,1.7980699981936599,0.20267759257424273,1.7620421262516657,0.6240805523810712,0.17679259551811846,0.21163961923293587,0.1669374279783669,0.5008122839351006,0.05
4966,0.52145,False,0.0,0.2666,0.8163,10.0,0.0,0.3437454564972266,0.15108656763982095,2.0501549183543326,0.41299968068467263,2.2081481516013506,0.9406292365451099,0.34483103993234704,0.34180259841922905,0.4034458571484345,0.6994592672384835,0.05
4967,0.54535,False,0.0,0.21070000000000003,1.0,30.0,0.0,0.2946432345413996,0.11557613001075062,1.7813417308906943,0.10228006514870948,1.5243,0.03781018381335908,0.13930240442523242,0.08320949971451888,2.675549131053964e-198,0.0,0.05
4968,0.57075,False,0.0,0.18150000000000002,1.0,10.0,0.0,0.2579946440619701,0.06956612901328214,1.7229209972898798,0.07025565759247611,1.5415000354342991,0.04330187822235577,0.09808969573975707,0.017257969120289193,3.6959828593840084e-242,0.0,0.05
4969,0.57075,False,0.0,0.18150000000000002,1.0,10.0,0.0,0.2521404658748949,0.07524545978179646,1.719631373406676,0.06901399173075012,1.6160000000000003,0.10973331308221772,0.10128269864599222,0.0198648403168206,1.6980611476310872e-242,0.0,0.05
4970,0.5712,False,0.0,0.21300000000000002,0.9294,0.0,0.0,0.29535060614891917,0.04506193751401152,1.771565362614247,0.1973800096696349,1.7555811707826927,0.6743302138300508,0.16850200520810252,0.18693236026402232,0.17795449587627937,0.5338634876288382,0.05
4971,0.4798,False,0.0,0.23209999999999997,0.8727,36.3,0.0,0.33166218688562754,0.13965968568380638,1.9287678468740779,0.4326330933143585,1.9500794084753654,0.8687496184165971,0.2722862897071283,0.31546020738446695,0.35565763604693373,0.7015845545407144,0.05
4972,0.53395,False,0.0,0.19360000000000002,0.9303000000000001,14.0,0.0,0.2803004031696538,0.0838642435847357,1.8349568828001843,0.29566719597755653,1.833650070950145,0.8273698412738882,0.15814622910308068,0.18302690877635422,0.21548129508327607,0.6464438852498281,0.05
4973,0.5400999999999999,False,0.0,0.24299999999999997,0.8615999999999999,6.1,0.0,0.3340146427188482,0.05978403007884506,1.9252649438755214,0.31712517297156506,2.1517455775086676,1.160199479308128,0.26489314106751866,0.2905240380258801,0.2853048803355108,0.5883695333916567,0.05
4974,0.47480000000000006,False,0.0,0.24480000000000005,0.8648,40.0,0.0,0.3281892728813633,0.11315482905687965,1.9838845324213097,0.3931982725317102,2.0783604523774932,1.0908325518060098,0.2864437408358214,0.30061977900750847,0.32096409054637726,0.6430769114766591,0.05
4975,0.4342,False,0.0,0.2392,0.7891999999999999,40.0,0.0,0.3360531949525011,0.11522026712045164,1.9309887060858724,0.26319691778599485,2.202726194818049,0.9624954449184571,0.3483917312819279,0.3219299567976236,0.4895924018905851,0.7513830072974766,0.05
4976,0.4209,False,0.0,0.21319999999999997,0.859,57.6,0.0,0.27333220147420934,0.11825005065022538,1.9550469593808266,0.35249456089339654,1.9843012581710002,0.8623173479786117,0.24834247681480343,0.24130617044322056,0.3600701728580694,0.7221878739619519,0.05
4977,0.5718,False,0.0,0.18360000000000004,1.0,10.0,0.0,0.2823806371130472,0.08635117801101318,1.705079365943746,0.06480507708257272,1.5670000000000002,0.06601060520855723,0.10313319556016867,0.022220765184969907,3.520607171707634e-240,0.0,0.05
4978,0.4981999999999999,False,0.0,0.20349999999999996,0.9529,40.0,0.0,0.2814399873959238,0.22268231737249314,1.850774411653692,0.3312951898867637,1.760220582002764,0.6473683150709074,0.20319190250215713,0.2698447098998097,0.17440119765267012,0.5232035929580096,0.05
4979,0.4711,False,0.0,0.2292,0.7929999999999999,20.0,0.0,0.3160633333582733,0.1301058338768119,1.9354100313976097,0.3149326275271504,2.075257209304736,0.8368595790107475,0.30782613427182226,0.3165513922516106,0.5206182809591249,0.7992372099602636,0.05
4980,0.5025999999999999,False,0.0,0.22129999999999997,0.8638999999999999,20.0,0.0,0.3365455977102233,0.14120415485781473,1.8931330855044517,0.2965440066087572,1.9764106973580364,0.8278939084585978,0.25507570994121803,0.2836089957847997,0.35284773281263554,0.7065186175674941,0.05
4981,0.5565,False,0.0,0.217,1.0,26.0,0.0,0.2910138842736901,0.1004439114548099,1.792433619029028,0.1541817471935675,1.5713,0.09619256728042973,0.14732426124618886,0.10477116468017858,3.15873012496279e-177,0.0,0.05
4982,0.5995,False,0.0,0.199,1.0,0.0,0.0,0.28019612267265126,0.014032245052309334,1.7372594983041967,0.03476015029586157,1.5314,0.05974813804630231,0.10363534307181406,0.0024498993147335233,3.0789735146926607e-242,0.0,0.05
4983,0.5995,False,0.0,0.199,1.0,0.0,0.0,0.28431421405199075,0.014617871977301543,1.7334075529039972,0.05877423009212225,1.5555000000026724,0.040583863784802034,0.10236443264965409,0.0013612778216180192,2.516528687038506e-242,0.0,0.05
4984,0.45220000000000005,False,0.0,0.23430000000000004,0.8701000000000001,50.0,0.0,0.30868297208323936,0.13545995772245334,1.998757016262847,0.4539733106825366,2.2648302306147974,1.557975193007628,0.29235501948286685,0.300874881116863,0.3766452750876182,0.7550985804499081,0.05
4985,0.5056499999999999,False,0.0,0.1496,0.9817,30.0,0.0,0.21946804916856227,0.11377437693625901,1.7285774111622938,0.12364236018360622,1.6621111111111126,0.3331639569674742,0.11254582376338333,0.07846448579699968,0.079800000000001,0.23940000000000297,0.05
4986,0.5087000000000002,False,0.0,0.268,0.8630000000000001,28.4,0.0,0.3544188705284491,0.12153913652464121,1.9848847118793522,0.3052762532104211,2.0689138126720907,1.0982731032459188,0.30205250400645584,0.2552091827501665,0.36010962071201574,0.7210112751044083,0.05
4987,0.5995,False,0.0,0.199,1.0,0.0,0.0,0.27978079407916745,0.01909623315788527,1.7222264256619688,0.050840920542501486,1.5392222222222232,0.08016136503606264,0.10415982338162373,0.0037136921856346775,0.019300000000000664,0.05790000000000199,0.05
4988,0.48610000000000003,False,0.0,0.2987,0.7247,12.8,0.0,0.37743577436416864,0.0916904915418757,2.1287838380286224,0.3872979528737389,2.378261416631394,1.0469263796394923,0.43557432499938853,0.33475463657184146,0.6588623646010101,0.8088021757920186,0.05
4989,0.5444,False,0.0,0.2561,0.8727,10.0,0.0,0.3938547954707027,0.10300461121512917,1.9567228335290867,0.33477328235163045,2.0368705168891514,0.986532577881127,0.2937995686685686,0.3261154575218116,0.33290006062172345,0.6664246726658364,0.05
4990,0.45835000000000004,False,0.0,0.24379999999999996,0.7257,13.2,0.0,0.34009694398101153,0.11868542405798721,2.019261611795108,0.3862359438175413,2.5091038639411587,1.1542338010209132,0.39369853711301506,0.36627438672356555,0.6100484256759416,0.8110750515000286,0.05
4991,0.57175,False,0.0,0.18350000000000002,1.0,10.0,0.0,0.2730538771443122,0.08161517492261013,1.6911313389560967,0.05436010546059313,1.5781,0.0674528724369838,0.10060654085717517,0.017096333885071632,5.447166931817166e-237,0.0,0.05
4992,0.44789999999999996,False,0.0,0.23679999999999998,0.7918000000000001,33.2,0.0,0.31994998546762315,0.10163950605159595,1.9857239864369955,0.3919988894301678,2.4541484387123687,1.4778958763933345,0.3099450048565086,0.29034000587839326,0.42263630729544344,0.7378424121589093,0.05
4993,0.5206,False,0.0,0.23499999999999996,0.8603999999999999,13.55,0.0,0.34044861625795864,0.04215372956332032,1.9472833900624082,0.29929752725888864,1.8945218772843835,0.6915151833955031,0.2393535465247001,0.22873390858846832,0.325805364564702,0.6516169515729238,0.05
4994,0.50065,False,0.0,0.25759999999999994,0.8637,30.0,0.0,0.30410452380210895,0.10090199480307388,2.0203878249199265,0.32512701788887827,1.9434200817325187,0.850203616270265,0.30749462721547666,0.27173786255302845,0.3231219111395566,0.6466801931913483,0.05
4995,0.46645000000000003,False,0.0,0.2158,0.8643000000000001,36.8,0.0,0.2867455327537886,0.1521901031188684,1.9093801822707603,0.3517654307461365,2.073219241966046,1.0583463222614204,0.2692915720963044,0.30125488236280057,0.336291203499431,0.674393950568139,0.05
4996,0.40964999999999996,False,0.0,0.2874,0.6870999999999999,38.8,0.0,0.3918450624623868,0.19007504995909635,2.2070528565509937,0.4455843021781933,2.738456141540924,1.1478721583887086,0.5112413132524642,0.3820133845683858,0.8786470723958055,0.8907849384808876,0.05
4997,0.57075,False,0.0,0.18150000000000002,1.0,10.0,0.0,0.2677152466022259,0.07251169318682532,1.7027874105178449,0.053670466058144274,1.5900555555555567,0.08507464043088586,0.09656514330682028,0.016512260879551998,0.008800000000000408,0.026400000000001228,0.05
4998,0.51675,False,0.0,0.22539999999999996,0.9281,30.0,0.0,0.30973807665962283,0.10090329550724157,1.86908735525709,0.2521915697523438,1.9622189704604032,1.2091758571637639,0.2115230808952095,0.2138903294847998,0.20273857926847977,0.6082157378054392,0.05
4999,0.5995,False,0.0,0.199,1.0,0.0,0.0,0.2907869965575997,0.017896430369669765,1.7165537172908594,0.04698492159670317,1.5684,0.09657660172112088,0.10472703601856759,0.0036354751742452146,3.080103382012673e-242,0.0,0.05
5000,0.54755,False,0.0,0.236,0.8591,0.0,0.0,0.33499395611541166,0.05373843708176775,1.937705263435425,0.3102198757550611,2.0575348887360763,1.1039568731179628,0.2628540806856157,0.2803607704266636,0.3268964448276691,0.6537950359291462,0.05
